Precinct TEVS,Ballot Page,ballot Side,Ballot Batches,Contest TEVS,Choice TEVS,TEVS Voteops Marked,TEVS Total Voteops,TEVS Voteops not Marked,TEVS Over Votes,Precinct HART,Contest HART,Choice HART,HART Count,HART Ballots,Votes Counted TEVS Minus HART,Total Voteops TEVS Minus HART,ABS Votes Counted TEVS Minus HART,ABS Total Voteops TEVS Minus HART,Margin,Error Pct,Sort Key
000115 ,2,3,014 015 050 051 096 206 207 227 240,MEAS_T,YES,482,858,376,1,,,,0,0,482,858,482,858,,,5MK-4.MEASURE T CITY OF RIO DELL  COMMERCIAL CANNABIS ACTIVITY (ADVISORY VOTE ONLY)..YES
000115 ,2,3,014 015 050 051 096 206 207 227 240,MEAS_T,NO,343,858,515,1,,,,0,0,343,858,343,858,,,5MK-4.MEASURE T CITY OF RIO DELL  COMMERCIAL CANNABIS ACTIVITY (ADVISORY VOTE ONLY)..NO
000072 ,2,3,184,MEAS_R,NO,67,202,135,64,~  3FW,MEASURE R HUMBOLDT COUN,NO,331,796,-264,-594,264,594,5, ###.##%,3FW.MEASURE R HUMBOLDT COUNTY FINANCE DEPARTMENT ELECTIVE OFFICE MEASURE..NO
000095 ,2,3,029 054 107 108 197 226 239 240 243,PROP_62,NO,455,929,474,4,~  4E-51,PROPOSITION 62 DEATH PE,NO,204,464,251,465,251,465,31,809.68%,4E-51.PROPOSITION 62 DEATH PENALTY. INITIATIVE STATUTE..NO
000072 ,2,3,184,MEAS_R,YES,102,202,100,92,~  3FW,MEASURE R HUMBOLDT COUN,YES,326,796,-224,-594,224,594,5, ###.##%,3FW.MEASURE R HUMBOLDT COUNTY FINANCE DEPARTMENT ELECTIVE OFFICE MEASURE..YES
000037 ,1,2,010 049 086 166 167 225 229 234,PROP_59,NO,423,509,86,183,~  2R--1,PROPOSITION 59 CORPORAT,NO,238,514,185,-5,185,5,12, ###.##%,2R--1.PROPOSITION 59 CORPORATIONS. POLITICAL SPENDING. FEDERAL CONSTITUTIONAL PROTECTIONS..NO
000095 ,2,3,029 054 107 108 197 226 239 240 243,PROP_62,YES,411,929,518,4,~  4E-51,PROPOSITION 62 DEATH PE,YES,235,464,176,465,176,465,31,567.74%,4E-51.PROPOSITION 62 DEATH PENALTY. INITIATIVE STATUTE..YES
000048 ,2,3,035 217 218 223,MEAS_R,NO,177,322,145,162,~  2SHR1,MEASURE R HUMBOLDT COUN,NO,83,162,94,160,94,160,32,293.75%,2SHR1.MEASURE R HUMBOLDT COUNTY FINANCE DEPARTMENT ELECTIVE OFFICE MEASURE..NO
000042 ,2,3,034 035 217 223,MEAS_R,NO,146,242,96,137,~  2SH-3,MEASURE R HUMBOLDT COUN,NO,57,121,89,121,89,121,5, ###.##%,2SH-3.MEASURE R HUMBOLDT COUNTY FINANCE DEPARTMENT ELECTIVE OFFICE MEASURE..NO
000096 ,1,2,031 108 197 198 226 229 240 242,PROP_56,NO,73,337,264,37,~  4E-52,PROPOSITION 56 CIGARETT,NO,154,337,-81,0,81,0,17,476.47%,"4E-52.PROPOSITION 56 CIGARETTE TAX TO FUND HEALTHCARE, TOBACCO USE PREVENTION, RESEARCH, AND.NO"
000124 ,2,3,036 221 223,MEAS_R,YES,117,188,71,109,~  5PA-3,MEASURE R HUMBOLDT COUN,YES,38,94,79,94,79,94,9,877.78%,5PA-3.MEASURE R HUMBOLDT COUNTY FINANCE DEPARTMENT ELECTIVE OFFICE MEASURE..YES
000047 ,2,3,034 218 223,MEAS_R,NO,134,280,146,120,~  2SHF1,MEASURE R HUMBOLDT COUN,NO,58,141,76,139,76,139,6, ###.##%,2SHF1.MEASURE R HUMBOLDT COUNTY FINANCE DEPARTMENT ELECTIVE OFFICE MEASURE..NO
000015 ,2,3,33,MEAS_R,NO,1,2,1,1,~  1FS-4,MEASURE R HUMBOLDT COUN,NO,75,157,-74,-155,74,155,11,672.73%,1FS-4.MEASURE R HUMBOLDT COUNTY FINANCE DEPARTMENT ELECTIVE OFFICE MEASURE..NO
000048 ,2,3,035 217 218 223,MEAS_R,YES,118,322,204,110,~  2SHR1,MEASURE R HUMBOLDT COUN,YES,51,162,67,160,67,160,32,209.38%,2SHR1.MEASURE R HUMBOLDT COUNTY FINANCE DEPARTMENT ELECTIVE OFFICE MEASURE..YES
000015 ,2,3,33,MEAS_R,YES,1,2,1,1,~  1FS-4,MEASURE R HUMBOLDT COUN,YES,64,157,-63,-155,63,155,11,572.73%,1FS-4.MEASURE R HUMBOLDT COUNTY FINANCE DEPARTMENT ELECTIVE OFFICE MEASURE..YES
000110 ,2,3,036 222 223,MEAS_R,YES,98,204,106,93,~  5KTS3,MEASURE R HUMBOLDT COUN,YES,37,103,61,101,61,101,16,381.25%,5KTS3.MEASURE R HUMBOLDT COUNTY FINANCE DEPARTMENT ELECTIVE OFFICE MEASURE..YES
000047 ,2,3,034 218 223,MEAS_R,YES,122,280,158,119,~  2SHF1,MEASURE R HUMBOLDT COUN,YES,64,141,58,139,58,139,6,966.67%,2SHF1.MEASURE R HUMBOLDT COUNTY FINANCE DEPARTMENT ELECTIVE OFFICE MEASURE..YES
000065 ,1,2,021 022 043 044 124 132 183 184 226 229 236,PROP_58,YES,593,779,186,0,~  3A-P4,PROPOSITION 58 ENGLISH ,YES,647,839,-54,-60,54,60,503,10.74%,3A-P4.PROPOSITION 58 ENGLISH PROFICIENCY. MULTILINGUAL EDUCATION. INITIATIVE STATUTE..YES
000065 ,1,2,021 022 043 044 124 132 183 184 226 229 236,PROP_55,YES,553,779,226,4,~  3A-P4,PROPOSITION 55 TAX EXTE,YES,598,839,-45,-60,45,60,403,11.17%,3A-P4.PROPOSITION 55 TAX EXTENSION TO FUND EDUCATION AND HEALTHCARE. INITIATIVE CONSTITUTIONAL AMENDMENT..YES
000065 ,1,2,021 022 043 044 124 132 183 184 226 229 236,PROP_57,YES,565,779,214,0,~  3A-P4,PROPOSITION 57 CRIMINAL,YES,607,839,-42,-60,42,60,426,9.86%,3A-P4.PROPOSITION 57 CRIMINAL SENTENCES. PAROLE. JUVENILE CRIMINAL PROCEEDINGS AND SENTENCING. INITIATIVE.YES
000110 ,2,3,036 222 223,MEAS_R,NO,90,204,114,87,~  5KTS3,MEASURE R HUMBOLDT COUN,NO,53,103,37,101,37,101,16,231.25%,5KTS3.MEASURE R HUMBOLDT COUNTY FINANCE DEPARTMENT ELECTIVE OFFICE MEASURE..NO
000065 ,1,2,021 022 043 044 124 132 183 184 226 229 236,PROP_56,YES,480,779,299,1,~  3A-P4,PROPOSITION 56 CIGARETT,YES,514,839,-34,-60,34,60,225,15.11%,"3A-P4.PROPOSITION 56 CIGARETTE TAX TO FUND HEALTHCARE, TOBACCO USE PREVENTION, RESEARCH, AND.YES"
000065 ,1,2,021 022 043 044 124 132 183 184 226 229 236,PROP_61,YES,438,779,341,4,~  3A-P4,PROPOSITION 61 STATE PR,YES,471,839,-33,-60,33,60,188,17.55%,3A-P4.PROPOSITION 61 STATE PRESCRIPTION DRUG PURCHASES. PRICING STANDARDS. INITIATIVE STATUTE..YES
000065 ,1,2,021 022 043 044 124 132 183 184 226 229 236,PROP_59,YES,477,779,302,1,~  3A-P4,PROPOSITION 59 CORPORAT,YES,509,839,-32,-60,32,60,258,12.40%,3A-P4.PROPOSITION 59 CORPORATIONS. POLITICAL SPENDING. FEDERAL CONSTITUTIONAL PROTECTIONS..YES
000042 ,2,3,034 035 217 223,MEAS_R,YES,83,242,159,79,~  2SH-3,MEASURE R HUMBOLDT COUN,YES,52,121,31,121,31,121,5,620.00%,2SH-3.MEASURE R HUMBOLDT COUNTY FINANCE DEPARTMENT ELECTIVE OFFICE MEASURE..YES
000065 ,1,2,021 022 043 044 124 132 183 184 226 229 236,PROP_60,YES,328,779,451,3,~  3A-P4,PROPOSITION 60 ADULT FI,YES,356,839,-28,-60,28,60,55,50.91%,3A-P4.PROPOSITION 60 ADULT FILMS. CONDOMS. HEALTH REQUIREMENTS. INITIATIVE STATUTE..YES
000065 ,1,2,021 022 043 044 124 132 183 184 226 229 236,PROP_62,YES,435,779,344,3,~  3A-P4,PROPOSITION 62 DEATH PE,YES,463,839,-28,-60,28,60,131,21.37%,3A-P4.PROPOSITION 62 DEATH PENALTY. INITIATIVE STATUTE..YES
000065 ,2,4,021 022 043 044 132 133 183 184 226 236,MEAS_F,YES,277,786,509,1,~  3A-P4,MEASURE F CITY OF ARCAT,YES,303,839,-26,-53,26,53,143,18.18%,3A-P4.MEASURE F CITY OF ARCATA UTILITY USERS TAX..YES
000065 ,1,2,021 022 043 044 124 132 183 184 226 229 236,PROP_62,NO,306,779,473,3,~  3A-P4,PROPOSITION 62 DEATH PE,NO,332,839,-26,-60,26,60,131,19.85%,3A-P4.PROPOSITION 62 DEATH PENALTY. INITIATIVE STATUTE..NO
000065 ,1,2,021 022 043 044 124 132 183 184 226 229 236,PROP_60,NO,386,779,393,3,~  3A-P4,PROPOSITION 60 ADULT FI,NO,411,839,-25,-60,25,60,55,45.45%,3A-P4.PROPOSITION 60 ADULT FILMS. CONDOMS. HEALTH REQUIREMENTS. INITIATIVE STATUTE..NO
000126 ,1,2,017 018 056 103 104 212 213 228 229 241,PROP_57,YES,489,670,181,0,~  5TU-1,PROPOSITION 57 CRIMINAL,YES,514,702,-25,-32,25,32,370,6.76%,5TU-1.PROPOSITION 57 CRIMINAL SENTENCES. PAROLE. JUVENILE CRIMINAL PROCEEDINGS AND SENTENCING. INITIATIVE.YES
000126 ,1,2,017 018 056 103 104 212 213 228 229 241,PROP_58,YES,508,670,162,2,~  5TU-1,PROPOSITION 58 ENGLISH ,YES,533,702,-25,-32,25,32,413,6.05%,5TU-1.PROPOSITION 58 ENGLISH PROFICIENCY. MULTILINGUAL EDUCATION. INITIATIVE STATUTE..YES
000127 ,1,2,017 056 105 106 213 229 240 241,PROP_58,YES,453,583,130,1,~  5TU-4,PROPOSITION 58 ENGLISH ,YES,477,614,-24,-31,24,31,387,6.20%,5TU-4.PROPOSITION 58 ENGLISH PROFICIENCY. MULTILINGUAL EDUCATION. INITIATIVE STATUTE..YES
000065 ,1,2,021 022 043 044 124 132 183 184 226 229 236,PROP_56,NO,266,779,513,1,~  3A-P4,PROPOSITION 56 CIGARETT,NO,289,839,-23,-60,23,60,225,10.22%,"3A-P4.PROPOSITION 56 CIGARETTE TAX TO FUND HEALTHCARE, TOBACCO USE PREVENTION, RESEARCH, AND.NO"
000126 ,1,2,017 018 056 103 104 212 213 228 229 241,PROP_56,YES,426,670,244,2,~  5TU-1,PROPOSITION 56 CIGARETT,YES,449,702,-23,-32,23,32,222,10.36%,"5TU-1.PROPOSITION 56 CIGARETTE TAX TO FUND HEALTHCARE, TOBACCO USE PREVENTION, RESEARCH, AND.YES"
000126 ,1,2,017 018 056 103 104 212 213 228 229 241,PROP_63,YES,401,670,269,0,~  5TU-1,PROPOSITION 63 FIREARMS,YES,424,702,-23,-32,23,32,177,12.99%,5TU-1.PROPOSITION 63 FIREARMS. AMMUNITION SALES. INITIATIVE STATUTE..YES
000065 ,2,4,021 022 043 044 132 133 183 184 226 236,MEAS_F,NO,424,786,362,1,~  3A-P4,MEASURE F CITY OF ARCAT,NO,446,839,-22,-53,22,53,143,15.38%,3A-P4.MEASURE F CITY OF ARCATA UTILITY USERS TAX..NO
000065 ,1,2,021 022 043 044 124 132 183 184 226 229 236,PROP_59,NO,229,779,550,1,~  3A-P4,PROPOSITION 59 CORPORAT,NO,251,839,-22,-60,22,60,258,8.53%,3A-P4.PROPOSITION 59 CORPORATIONS. POLITICAL SPENDING. FEDERAL CONSTITUTIONAL PROTECTIONS..NO
000127 ,1,2,017 056 105 106 213 229 240 241,PROP_56,YES,393,583,190,2,~  5TU-4,PROPOSITION 56 CIGARETT,YES,415,614,-22,-31,22,31,242,9.09%,"5TU-4.PROPOSITION 56 CIGARETTE TAX TO FUND HEALTHCARE, TOBACCO USE PREVENTION, RESEARCH, AND.YES"
000127 ,1,2,017 056 105 106 213 229 240 241,PROP_63,YES,363,583,220,1,~  5TU-4,PROPOSITION 63 FIREARMS,YES,385,614,-22,-31,22,31,191,11.52%,5TU-4.PROPOSITION 63 FIREARMS. AMMUNITION SALES. INITIATIVE STATUTE..YES
000126 ,1,2,017 018 056 103 104 212 213 228 229 241,PROP_59,YES,434,670,236,2,~  5TU-1,PROPOSITION 59 CORPORAT,YES,455,702,-21,-32,21,32,272,7.72%,5TU-1.PROPOSITION 59 CORPORATIONS. POLITICAL SPENDING. FEDERAL CONSTITUTIONAL PROTECTIONS..YES
000127 ,1,2,017 056 105 106 213 229 240 241,PROP_62,YES,371,583,212,2,~  5TU-4,PROPOSITION 62 DEATH PE,YES,392,614,-21,-31,21,31,209,10.05%,5TU-4.PROPOSITION 62 DEATH PENALTY. INITIATIVE STATUTE..YES
000127 ,1,2,017 056 105 106 213 229 240 241,PROP_57,YES,436,583,147,2,~  5TU-4,PROPOSITION 57 CRIMINAL,YES,456,614,-20,-31,20,31,339,5.90%,5TU-4.PROPOSITION 57 CRIMINAL SENTENCES. PAROLE. JUVENILE CRIMINAL PROCEEDINGS AND SENTENCING. INITIATIVE.YES
000126 ,1,2,017 018 056 103 104 212 213 228 229 241,PROP_60,NO,371,670,299,1,~  5TU-1,PROPOSITION 60 ADULT FI,NO,390,702,-19,-32,19,32,134,14.18%,5TU-1.PROPOSITION 60 ADULT FILMS. CONDOMS. HEALTH REQUIREMENTS. INITIATIVE STATUTE..NO
000127 ,1,2,017 056 105 106 213 229 240 241,PROP_59,YES,388,583,195,1,~  5TU-4,PROPOSITION 59 CORPORAT,YES,407,614,-19,-31,19,31,268,7.09%,5TU-4.PROPOSITION 59 CORPORATIONS. POLITICAL SPENDING. FEDERAL CONSTITUTIONAL PROTECTIONS..YES
000127 ,1,2,017 056 105 106 213 229 240 241,PROP_61,YES,334,583,249,2,~  5TU-4,PROPOSITION 61 STATE PR,YES,353,614,-19,-31,19,31,159,11.95%,5TU-4.PROPOSITION 61 STATE PRESCRIPTION DRUG PURCHASES. PRICING STANDARDS. INITIATIVE STATUTE..YES
000027 ,1,2,005 051 052 077 160 224 234,PROP_61,YES,171,387,216,18,~  2CU,PROPOSITION 61 STATE PR,YES,153,387,18,0,18,0,44,40.91%,2CU.PROPOSITION 61 STATE PRESCRIPTION DRUG PURCHASES. PRICING STANDARDS. INITIATIVE STATUTE..YES
000126 ,1,2,017 018 056 103 104 212 213 228 229 241,PROP_61,YES,377,670,293,4,~  5TU-1,PROPOSITION 61 STATE PR,YES,395,702,-18,-32,18,32,165,10.91%,5TU-1.PROPOSITION 61 STATE PRESCRIPTION DRUG PURCHASES. PRICING STANDARDS. INITIATIVE STATUTE..YES
000126 ,1,2,017 018 056 103 104 212 213 228 229 241,PROP_62,YES,395,670,275,2,~  5TU-1,PROPOSITION 62 DEATH PE,YES,413,702,-18,-32,18,32,169,10.65%,5TU-1.PROPOSITION 62 DEATH PENALTY. INITIATIVE STATUTE..YES
000065 ,1,2,021 022 043 044 124 132 183 184 226 229 236,PROP_61,NO,267,779,512,4,~  3A-P4,PROPOSITION 61 STATE PR,NO,283,839,-16,-60,16,60,188,8.51%,3A-P4.PROPOSITION 61 STATE PRESCRIPTION DRUG PURCHASES. PRICING STANDARDS. INITIATIVE STATUTE..NO
000127 ,1,2,017 056 105 106 213 229 240 241,PROP_60,NO,326,583,257,4,~  5TU-4,PROPOSITION 60 ADULT FI,NO,341,614,-15,-31,15,31,132,11.36%,5TU-4.PROPOSITION 60 ADULT FILMS. CONDOMS. HEALTH REQUIREMENTS. INITIATIVE STATUTE..NO
000065 ,1,2,021 022 043 044 124 132 183 184 226 229 236,PROP_57,NO,168,779,611,0,~  3A-P4,PROPOSITION 57 CRIMINAL,NO,181,839,-13,-60,13,60,426,3.05%,3A-P4.PROPOSITION 57 CRIMINAL SENTENCES. PAROLE. JUVENILE CRIMINAL PROCEEDINGS AND SENTENCING. INITIATIVE.NO
000124 ,2,3,036 221 223,MEAS_R,NO,60,188,128,60,~  5PA-3,MEASURE R HUMBOLDT COUN,NO,47,94,13,94,13,94,9,144.44%,5PA-3.MEASURE R HUMBOLDT COUNTY FINANCE DEPARTMENT ELECTIVE OFFICE MEASURE..NO
000021 ,1,2,004 005 039 040 068 069 155 156 224 229 233 243,PROP_61,NO,483,1059,576,14,~  1SB-1,PROPOSITION 61 STATE PR,NO,471,1059,12,0,12,0,16,75.00%,1SB-1.PROPOSITION 61 STATE PRESCRIPTION DRUG PURCHASES. PRICING STANDARDS. INITIATIVE STATUTE..NO
000022 ,1,2,003 004 043 067 068 156 157 224 229 233 243,PROP_62,YES,383,944,561,14,~  1SB-4,PROPOSITION 62 DEATH PE,YES,371,944,12,0,12,0,134,8.96%,1SB-4.PROPOSITION 62 DEATH PENALTY. INITIATIVE STATUTE..YES
000026 ,1,1,005 051 078 079 160 161 224 234,PRES,,12,246,234,1,,,,0,0,12,246,12,246,,,
000002 ,1,2,000 041 042 057 149 223 232,PROP_58,YES,439,644,205,1,~  1CS-2,PROPOSITION 58 ENGLISH ,YES,450,661,-11,-17,11,17,276,3.99%,1CS-2.PROPOSITION 58 ENGLISH PROFICIENCY. MULTILINGUAL EDUCATION. INITIATIVE STATUTE..YES
000002 ,1,2,000 041 042 057 149 223 232,PROP_56,YES,335,644,309,1,~  1CS-2,PROPOSITION 56 CIGARETT,YES,345,661,-10,-17,10,17,51,19.61%,"1CS-2.PROPOSITION 56 CIGARETTE TAX TO FUND HEALTHCARE, TOBACCO USE PREVENTION, RESEARCH, AND.YES"
000002 ,1,2,000 041 042 057 149 223 232,PROP_59,YES,278,644,366,3,~  1CS-2,PROPOSITION 59 CORPORAT,YES,288,661,-10,-17,10,17,20,50.00%,1CS-2.PROPOSITION 59 CORPORATIONS. POLITICAL SPENDING. FEDERAL CONSTITUTIONAL PROTECTIONS..YES
000002 ,1,2,000 041 042 057 149 223 232,PROP_61,NO,320,644,324,1,~  1CS-2,PROPOSITION 61 STATE PR,NO,330,661,-10,-17,10,17,53,18.87%,1CS-2.PROPOSITION 61 STATE PRESCRIPTION DRUG PURCHASES. PRICING STANDARDS. INITIATIVE STATUTE..NO
000002 ,1,2,000 041 042 057 149 223 232,PROP_62,NO,372,644,272,3,~  1CS-2,PROPOSITION 62 DEATH PE,NO,382,661,-10,-17,10,17,138,7.25%,1CS-2.PROPOSITION 62 DEATH PENALTY. INITIATIVE STATUTE..NO
000002 ,1,2,000 041 042 057 149 223 232,PROP_63,YES,298,644,346,0,~  1CS-2,PROPOSITION 63 FIREARMS,YES,308,661,-10,-17,10,17,26,38.46%,1CS-2.PROPOSITION 63 FIREARMS. AMMUNITION SALES. INITIATIVE STATUTE..YES
000097 ,1,2,030 031 054 109 110 198 199 226 229 239 242 243,PROP_57,YES,457,760,303,1,~  4E-54,PROPOSITION 57 CRIMINAL,YES,467,771,-10,-11,10,11,200,5.00%,4E-54.PROPOSITION 57 CRIMINAL SENTENCES. PAROLE. JUVENILE CRIMINAL PROCEEDINGS AND SENTENCING. INITIATIVE.YES
000097 ,1,2,030 031 054 109 110 198 199 226 229 239 242 243,PROP_58,YES,555,760,205,2,~  4E-54,PROPOSITION 58 ENGLISH ,YES,565,771,-10,-11,10,11,399,2.51%,4E-54.PROPOSITION 58 ENGLISH PROFICIENCY. MULTILINGUAL EDUCATION. INITIATIVE STATUTE..YES
000099 ,1,2,031 113 199 200 227 229 238 242,PROP_57,YES,431,732,301,1,~  4ES-5,PROPOSITION 57 CRIMINAL,YES,441,744,-10,-12,10,12,185,5.41%,4ES-5.PROPOSITION 57 CRIMINAL SENTENCES. PAROLE. JUVENILE CRIMINAL PROCEEDINGS AND SENTENCING. INITIATIVE.YES
000099 ,1,2,031 113 199 200 227 229 238 242,PROP_62,YES,338,732,394,9,~  4ES-5,PROPOSITION 62 DEATH PE,YES,348,744,-10,-12,10,12,1, ###.##%,4ES-5.PROPOSITION 62 DEATH PENALTY. INITIATIVE STATUTE..YES
000002 ,1,2,000 041 042 057 149 223 232,PROP_57,YES,351,644,293,0,~  1CS-2,PROPOSITION 57 CRIMINAL,YES,360,661,-9,-17,9,17,92,9.78%,1CS-2.PROPOSITION 57 CRIMINAL SENTENCES. PAROLE. JUVENILE CRIMINAL PROCEEDINGS AND SENTENCING. INITIATIVE.YES
000002 ,1,2,000 041 042 057 149 223 232,PROP_60,NO,381,644,263,2,~  1CS-2,PROPOSITION 60 ADULT FI,NO,390,661,-9,-17,9,17,173,5.20%,1CS-2.PROPOSITION 60 ADULT FILMS. CONDOMS. HEALTH REQUIREMENTS. INITIATIVE STATUTE..NO
000059 ,2,3,019 020 052 137 138 176 225 229 230 231 243,PROP_65,YES,426,808,382,8,~  3A-10,PROPOSITION 65 CARRYOUT,YES,417,809,9,-1,9,1,62,14.52%,3A-10.PROPOSITION 65 CARRYOUT BAGS. CHARGES. INITIATIVE STATUTE..YES
000065 ,1,2,021 022 043 044 124 132 183 184 226 229 236,PROP_55,NO,186,779,593,4,~  3A-P4,PROPOSITION 55 TAX EXTE,NO,195,839,-9,-60,9,60,403,2.23%,3A-P4.PROPOSITION 55 TAX EXTENSION TO FUND EDUCATION AND HEALTHCARE. INITIATIVE CONSTITUTIONAL AMENDMENT..NO
000079 ,1,1,023 024 053 123 124 132 188 190 191 226 229 237,PROP_52,YES,458,678,220,0,~  3PA-1,PROPOSITION 52 MEDI-CAL,YES,449,669,9,9,9,9,276,3.26%,3PA-1.PROPOSITION 52 MEDI-CAL HOSPITAL FEE PROGRAM. INITIATIVE CONSTITUTIONAL AMENDMENT AND STATUTE..YES
000079 ,1,2,023 024 053 123 124 132 188 190 191 226 229 237,PROP_57,YES,451,677,226,2,~  3PA-1,PROPOSITION 57 CRIMINAL,YES,442,669,9,8,9,8,255,3.53%,3PA-1.PROPOSITION 57 CRIMINAL SENTENCES. PAROLE. JUVENILE CRIMINAL PROCEEDINGS AND SENTENCING. INITIATIVE.YES
000097 ,1,2,030 031 054 109 110 198 199 226 229 239 242 243,PROP_55,YES,493,760,267,1,~  4E-54,PROPOSITION 55 TAX EXTE,YES,502,771,-9,-11,9,11,266,3.38%,4E-54.PROPOSITION 55 TAX EXTENSION TO FUND EDUCATION AND HEALTHCARE. INITIATIVE CONSTITUTIONAL AMENDMENT..YES
000097 ,1,2,030 031 054 109 110 198 199 226 229 239 242 243,PROP_59,YES,371,760,389,0,~  4E-54,PROPOSITION 59 CORPORAT,YES,380,771,-9,-11,9,11,57,15.79%,4E-54.PROPOSITION 59 CORPORATIONS. POLITICAL SPENDING. FEDERAL CONSTITUTIONAL PROTECTIONS..YES
000097 ,1,2,030 031 054 109 110 198 199 226 229 239 242 243,PROP_62,YES,309,760,451,0,~  4E-54,PROPOSITION 62 DEATH PE,YES,318,771,-9,-11,9,11,89,10.11%,4E-54.PROPOSITION 62 DEATH PENALTY. INITIATIVE STATUTE..YES
000099 ,1,2,031 113 199 200 227 229 238 242,PROP_58,YES,523,732,209,1,~  4ES-5,PROPOSITION 58 ENGLISH ,YES,532,744,-9,-12,9,12,364,2.47%,4ES-5.PROPOSITION 58 ENGLISH PROFICIENCY. MULTILINGUAL EDUCATION. INITIATIVE STATUTE..YES
000099 ,1,1,031 113 199 200 227 229 238 242,USREP,JARED_W_HUFFMAN,484,733,249,0,~  4ES-5,US REPRESENTATIVE IN CO,JARED W. HUFFMAN,493,744,-9,-11,9,11,296,3.04%,"4ES-5.US REPRESENTATIVE IN CONGRESS, DISTRICT 2.JARED W. HUFFMAN"
000126 ,1,2,017 018 056 103 104 212 213 228 229 241,PROP_62,NO,235,670,435,2,~  5TU-1,PROPOSITION 62 DEATH PE,NO,244,702,-9,-32,9,32,169,5.33%,5TU-1.PROPOSITION 62 DEATH PENALTY. INITIATIVE STATUTE..NO
000002 ,1,2,000 041 042 057 149 223 232,PROP_57,NO,260,644,384,0,~  1CS-2,PROPOSITION 57 CRIMINAL,NO,268,661,-8,-17,8,17,92,8.70%,1CS-2.PROPOSITION 57 CRIMINAL SENTENCES. PAROLE. JUVENILE CRIMINAL PROCEEDINGS AND SENTENCING. INITIATIVE.NO
000022 ,1,2,003 004 043 067 068 156 157 224 229 233 243,PROP_63,YES,417,944,527,10,~  1SB-4,PROPOSITION 63 FIREARMS,YES,409,944,8,0,8,0,81,9.88%,1SB-4.PROPOSITION 63 FIREARMS. AMMUNITION SALES. INITIATIVE STATUTE..YES
000051 ,1,2,012 052 084 085 170 171 225 229 235 236 243,PROP_63,YES,406,804,398,0,~  2SHS7,PROPOSITION 63 FIREARMS,YES,414,812,-8,-8,8,8,70,11.43%,2SHS7.PROPOSITION 63 FIREARMS. AMMUNITION SALES. INITIATIVE STATUTE..YES
000079 ,1,1,023 024 053 123 124 132 188 190 191 226 229 237,PRES,HILLARY_CLINTON,402,678,276,1,~  3PA-1,PRESIDENT AND VICE PRES,HILLARY CLINTON      ,394,669,8,9,8,9,226,3.54%,3PA-1.PRESIDENT AND VICE PRESIDENT.HILLARY CLINTON      and TIM KAINE
000079 ,1,2,023 024 053 123 124 132 188 190 191 226 229 237,PROP_62,YES,367,677,310,5,~  3PA-1,PROPOSITION 62 DEATH PE,YES,359,669,8,8,8,8,86,9.30%,3PA-1.PROPOSITION 62 DEATH PENALTY. INITIATIVE STATUTE..YES
000097 ,1,2,030 031 054 109 110 198 199 226 229 239 242 243,PROP_60,NO,452,760,308,3,~  4E-54,PROPOSITION 60 ADULT FI,NO,460,771,-8,-11,8,11,195,4.10%,4E-54.PROPOSITION 60 ADULT FILMS. CONDOMS. HEALTH REQUIREMENTS. INITIATIVE STATUTE..NO
000099 ,1,1,031 113 199 200 227 229 238 242,PROP_52,YES,473,733,260,2,~  4ES-5,PROPOSITION 52 MEDI-CAL,YES,481,744,-8,-11,8,11,267,3.00%,4ES-5.PROPOSITION 52 MEDI-CAL HOSPITAL FEE PROGRAM. INITIATIVE CONSTITUTIONAL AMENDMENT AND STATUTE..YES
000099 ,1,1,031 113 199 200 227 229 238 242,PROP_55,YES,462,733,271,0,~  4ES-5,PROPOSITION 55 TAX EXTE,YES,470,744,-8,-11,8,11,231,3.46%,4ES-5.PROPOSITION 55 TAX EXTENSION TO FUND EDUCATION AND HEALTHCARE. INITIATIVE CONSTITUTIONAL AMENDMENT..YES
000099 ,1,2,031 113 199 200 227 229 238 242,PROP_56,YES,408,732,324,1,~  4ES-5,PROPOSITION 56 CIGARETT,YES,416,744,-8,-12,8,12,113,7.08%,"4ES-5.PROPOSITION 56 CIGARETTE TAX TO FUND HEALTHCARE, TOBACCO USE PREVENTION, RESEARCH, AND.YES"
000099 ,1,2,031 113 199 200 227 229 238 242,PROP_63,YES,366,732,366,0,~  4ES-5,PROPOSITION 63 FIREARMS,YES,374,744,-8,-12,8,12,32,25.00%,4ES-5.PROPOSITION 63 FIREARMS. AMMUNITION SALES. INITIATIVE STATUTE..YES
000099 ,1,1,031 113 199 200 227 229 238 242,STATEASS2,JIM_WOOD,446,733,287,1,~  4ES-5,"STATE ASSEMBLY, DISTRIC",JIM WOOD,454,744,-8,-11,8,11,268,2.99%,"4ES-5.STATE ASSEMBLY, DISTRICT 2.JIM WOOD"
000126 ,1,2,017 018 056 103 104 212 213 228 229 241,PROP_59,NO,175,670,495,2,~  5TU-1,PROPOSITION 59 CORPORAT,NO,183,702,-8,-32,8,32,272,2.94%,5TU-1.PROPOSITION 59 CORPORATIONS. POLITICAL SPENDING. FEDERAL CONSTITUTIONAL PROTECTIONS..NO
000126 ,1,2,017 018 056 103 104 212 213 228 229 241,PROP_63,NO,239,670,431,0,~  5TU-1,PROPOSITION 63 FIREARMS,NO,247,702,-8,-32,8,32,177,4.52%,5TU-1.PROPOSITION 63 FIREARMS. AMMUNITION SALES. INITIATIVE STATUTE..NO
000002 ,1,2,000 041 042 057 149 223 232,PROP_63,NO,327,644,317,0,~  1CS-2,PROPOSITION 63 FIREARMS,NO,334,661,-7,-17,7,17,26,26.92%,1CS-2.PROPOSITION 63 FIREARMS. AMMUNITION SALES. INITIATIVE STATUTE..NO
000021 ,1,2,004 005 039 040 068 069 155 156 224 229 233 243,PROP_56,YES,565,1059,494,7,~  1SB-1,PROPOSITION 56 CIGARETT,YES,558,1059,7,0,7,0,91,7.69%,"1SB-1.PROPOSITION 56 CIGARETTE TAX TO FUND HEALTHCARE, TOBACCO USE PREVENTION, RESEARCH, AND.YES"
000027 ,1,2,005 051 052 077 160 224 234,PROP_63,YES,119,387,268,9,~  2CU,PROPOSITION 63 FIREARMS,YES,112,387,7,0,7,0,151,4.64%,2CU.PROPOSITION 63 FIREARMS. AMMUNITION SALES. INITIATIVE STATUTE..YES
000051 ,1,2,012 052 084 085 170 171 225 229 235 236 243,PROP_57,YES,594,804,210,0,~  2SHS7,PROPOSITION 57 CRIMINAL,YES,601,812,-7,-8,7,8,459,1.53%,2SHS7.PROPOSITION 57 CRIMINAL SENTENCES. PAROLE. JUVENILE CRIMINAL PROCEEDINGS AND SENTENCING. INITIATIVE.YES
000051 ,1,2,012 052 084 085 170 171 225 229 235 236 243,PROP_58,YES,604,804,200,0,~  2SHS7,PROPOSITION 58 ENGLISH ,YES,611,812,-7,-8,7,8,479,1.46%,2SHS7.PROPOSITION 58 ENGLISH PROFICIENCY. MULTILINGUAL EDUCATION. INITIATIVE STATUTE..YES
000079 ,2,3,023 024 053 124 188 190 191 226 229 237,MEAS_R,NO,292,677,385,3,~  3PA-1,MEASURE R HUMBOLDT COUN,NO,285,669,7,8,7,8,8,87.50%,3PA-1.MEASURE R HUMBOLDT COUNTY FINANCE DEPARTMENT ELECTIVE OFFICE MEASURE..NO
000079 ,2,3,023 024 053 124 188 190 191 226 229 237,MEAS_V,NO,267,677,410,3,~  3PA-1,MEASURE V MOBILE HOME P,NO,260,669,7,8,7,8,88,7.95%,3PA-1.MEASURE V MOBILE HOME PARK SPACE RENT STABILIZATION..NO
000079 ,2,3,023 024 053 124 188 190 191 226 229 237,MEAS_V,YES,355,677,322,3,~  3PA-1,MEASURE V MOBILE HOME P,YES,348,669,7,8,7,8,88,7.95%,3PA-1.MEASURE V MOBILE HOME PARK SPACE RENT STABILIZATION..YES
000079 ,1,1,023 024 053 123 124 132 188 190 191 226 229 237,PROP_54,NO,261,678,417,3,~  3PA-1,PROPOSITION 54 LEGISLAT,NO,254,669,7,9,7,9,108,6.48%,3PA-1.PROPOSITION 54 LEGISLATURE. LEGISLATION AND PROCEEDINGS. INITIATIVE CONSTITUTIONAL AMENDMENT AND.NO
000079 ,1,1,023 024 053 123 124 132 188 190 191 226 229 237,PROP_55,YES,450,678,228,0,~  3PA-1,PROPOSITION 55 TAX EXTE,YES,443,669,7,9,7,9,250,2.80%,3PA-1.PROPOSITION 55 TAX EXTENSION TO FUND EDUCATION AND HEALTHCARE. INITIATIVE CONSTITUTIONAL AMENDMENT..YES
000079 ,1,2,023 024 053 123 124 132 188 190 191 226 229 237,PROP_58,YES,504,677,173,2,~  3PA-1,PROPOSITION 58 ENGLISH ,YES,497,669,7,8,7,8,370,1.89%,3PA-1.PROPOSITION 58 ENGLISH PROFICIENCY. MULTILINGUAL EDUCATION. INITIATIVE STATUTE..YES
000079 ,1,2,023 024 053 123 124 132 188 190 191 226 229 237,PROP_60,YES,244,677,433,1,~  3PA-1,PROPOSITION 60 ADULT FI,YES,237,669,7,8,7,8,144,4.86%,3PA-1.PROPOSITION 60 ADULT FILMS. CONDOMS. HEALTH REQUIREMENTS. INITIATIVE STATUTE..YES
000079 ,2,3,023 024 053 124 188 190 191 226 229 237,PROP_65,NO,377,677,300,3,~  3PA-1,PROPOSITION 65 CARRYOUT,NO,370,669,7,8,7,8,114,6.14%,3PA-1.PROPOSITION 65 CARRYOUT BAGS. CHARGES. INITIATIVE STATUTE..NO
000079 ,2,3,023 024 053 124 188 190 191 226 229 237,PROP_65,YES,263,677,414,3,~  3PA-1,PROPOSITION 65 CARRYOUT,YES,256,669,7,8,7,8,114,6.14%,3PA-1.PROPOSITION 65 CARRYOUT BAGS. CHARGES. INITIATIVE STATUTE..YES
000079 ,1,1,023 024 053 123 124 132 188 190 191 226 229 237,STATEASS2,JIM_WOOD,439,678,239,0,~  3PA-1,"STATE ASSEMBLY, DISTRIC",JIM WOOD,432,669,7,9,7,9,295,2.37%,"3PA-1.STATE ASSEMBLY, DISTRICT 2.JIM WOOD"
000079 ,1,1,023 024 053 123 124 132 188 190 191 226 229 237,USREP,JARED_W_HUFFMAN,501,678,177,1,~  3PA-1,US REPRESENTATIVE IN CO,JARED W. HUFFMAN,494,669,7,9,7,9,357,1.96%,"3PA-1.US REPRESENTATIVE IN CONGRESS, DISTRICT 2.JARED W. HUFFMAN"
000097 ,2,4,030 031 054 109 110 198 199 226 239 242 243,MEAS_O,YES,371,757,386,1,~  4E-54,MEASURE O CITY OF EUREK,YES,378,771,-7,-14,7,14,82,8.54%,4E-54.MEASURE O CITY OF EUREKA LOW INCOME HOUSING UNITS..YES
000097 ,2,4,030 031 054 109 110 198 199 226 239 242 243,MEAS_V,YES,366,757,391,0,~  4E-54,MEASURE V MOBILE HOME P,YES,373,771,-7,-14,7,14,48,14.58%,4E-54.MEASURE V MOBILE HOME PARK SPACE RENT STABILIZATION..YES
000099 ,2,3,031 113 114 199 200 227 238 242,MEAS_R,NO,330,729,399,3,~  4ES-5,MEASURE R HUMBOLDT COUN,NO,337,744,-7,-15,7,15,36,19.44%,4ES-5.MEASURE R HUMBOLDT COUNTY FINANCE DEPARTMENT ELECTIVE OFFICE MEASURE..NO
000099 ,1,1,031 113 199 200 227 229 238 242,PROP_53,NO,374,733,359,2,~  4ES-5,PROPOSITION 53 REVENUE ,NO,381,744,-7,-11,7,11,81,8.64%,4ES-5.PROPOSITION 53 REVENUE BONDS. STATEWIDE VOTER APPROVAL. INITIATIVE CONSTITUTIONAL AMENDMENT..NO
000099 ,1,2,031 113 199 200 227 229 238 242,PROP_62,NO,354,732,378,9,~  4ES-5,PROPOSITION 62 DEATH PE,NO,347,744,7,-12,7,12,1,700.00%,4ES-5.PROPOSITION 62 DEATH PENALTY. INITIATIVE STATUTE..NO
000099 ,1,1,031 113 199 200 227 229 238 242,USSEN,KAMALA_D_HARRIS,385,733,348,0,~  4ES-5,US SENATOR,KAMALA D. HARRIS,392,744,-7,-11,7,11,207,3.38%,4ES-5.US SENATOR.KAMALA D. HARRIS
000002 ,1,2,000 041 042 057 149 223 232,PROP_56,NO,288,644,356,1,~  1CS-2,PROPOSITION 56 CIGARETT,NO,294,661,-6,-17,6,17,51,11.76%,"1CS-2.PROPOSITION 56 CIGARETTE TAX TO FUND HEALTHCARE, TOBACCO USE PREVENTION, RESEARCH, AND.NO"
000002 ,1,2,000 041 042 057 149 223 232,PROP_61,YES,271,644,373,1,~  1CS-2,PROPOSITION 61 STATE PR,YES,277,661,-6,-17,6,17,53,11.32%,1CS-2.PROPOSITION 61 STATE PRESCRIPTION DRUG PURCHASES. PRICING STANDARDS. INITIATIVE STATUTE..YES
000003 ,1,1,000 041 058 148 149 223 232,USSEN,LORETTA_L_SANCHEZ,176,650,474,6,~  1CS-3,US SENATOR,LORETTA L. SANCHEZ,170,650,6,0,6,0,160,3.75%,1CS-3.US SENATOR.LORETTA L. SANCHEZ
000028 ,1,1,005 006 046 047 048 053 073 158 159 224 229 234,PROP_52,NO,283,797,514,7,~  2F--2,PROPOSITION 52 MEDI-CAL,NO,277,798,6,-1,6,1,192,3.12%,2F--2.PROPOSITION 52 MEDI-CAL HOSPITAL FEE PROGRAM. INITIATIVE CONSTITUTIONAL AMENDMENT AND STATUTE..NO
000031 ,1,1,008 047 048 080 161 162 224 225 229 235 243,PRES,GLORIA_ESTELA_LA_RIVA,13,908,895,5,~  2F-R1,PRESIDENT AND VICE PRES,GLORIA ESTELA LA RIVA,7,908,6,0,6,0,96,6.25%,2F-R1.PRESIDENT AND VICE PRESIDENT.GLORIA ESTELA LA RIVA      and DENNIS J. BANKS
000031 ,1,2,008 047 048 080 161 162 224 225 229 235,PROP_61,NO,488,900,412,2,~  2F-R1,PROPOSITION 61 STATE PR,NO,494,908,-6,-8,6,8,158,3.80%,2F-R1.PROPOSITION 61 STATE PRESCRIPTION DRUG PURCHASES. PRICING STANDARDS. INITIATIVE STATUTE..NO
000031 ,1,2,008 047 048 080 161 162 224 225 229 235,PROP_62,NO,576,900,324,0,~  2F-R1,PROPOSITION 62 DEATH PE,NO,582,908,-6,-8,6,8,303,1.98%,2F-R1.PROPOSITION 62 DEATH PENALTY. INITIATIVE STATUTE..NO
000031 ,2,3,008 047 048 080 081 161 162 224 225 235 243,PROP_66,YES,402,906,504,6,~  2F-R1,PROPOSITION 66 DEATH PE,YES,396,908,6,-2,6,2,28,21.43%,2F-R1.PROPOSITION 66 DEATH PENALTY. PROCEDURES. INITIATIVE STATUTE..YES
000045 ,2,3,034 217 223,MEAS_R,NO,29,48,19,0,~  2SH-7,MEASURE R HUMBOLDT COUN,NO,23,48,6,0,6,0,3,200.00%,2SH-7.MEASURE R HUMBOLDT COUNTY FINANCE DEPARTMENT ELECTIVE OFFICE MEASURE..NO
000051 ,1,2,012 052 084 085 170 171 225 229 235 236 243,PROP_60,NO,459,804,345,2,~  2SHS7,PROPOSITION 60 ADULT FI,NO,465,812,-6,-8,6,8,207,2.90%,2SHS7.PROPOSITION 60 ADULT FILMS. CONDOMS. HEALTH REQUIREMENTS. INITIATIVE STATUTE..NO
000051 ,1,2,012 052 084 085 170 171 225 229 235 236 243,PROP_61,YES,488,804,316,2,~  2SHS7,PROPOSITION 61 STATE PR,YES,494,812,-6,-8,6,8,268,2.24%,2SHS7.PROPOSITION 61 STATE PRESCRIPTION DRUG PURCHASES. PRICING STANDARDS. INITIATIVE STATUTE..YES
000051 ,1,2,012 052 084 085 170 171 225 229 235 236 243,PROP_62,YES,497,804,307,4,~  2SHS7,PROPOSITION 62 DEATH PE,YES,503,812,-6,-8,6,8,254,2.36%,2SHS7.PROPOSITION 62 DEATH PENALTY. INITIATIVE STATUTE..YES
000058 ,2,3,019 044 045 143 144 175 176 225 230 243,PROP_66,YES,238,745,507,5,~  3A--9,PROPOSITION 66 DEATH PE,YES,232,747,6,-2,6,2,204,2.94%,3A--9.PROPOSITION 66 DEATH PENALTY. PROCEDURES. INITIATIVE STATUTE..YES
000059 ,2,3,019 020 052 137 138 176 225 229 230 231 243,MEAS_Q,YES,324,808,484,6,~  3A-10,MEASURE Q HUMBOLDT COUN,YES,318,809,6,-1,6,1,4,150.00%,3A-10.MEASURE Q HUMBOLDT COUNTY CREATION OF FINANCE DEPARTMENT MEASURE..YES
000072 ,2,3,022 043 136 184 185 226 237,PROP_65,YES,318,791,473,8,~  3FW,PROPOSITION 65 CARRYOUT,YES,312,796,6,-5,6,5,128,4.69%,3FW.PROPOSITION 65 CARRYOUT BAGS. CHARGES. INITIATIVE STATUTE..YES
000079 ,2,3,023 024 053 124 188 190 191 226 229 237,MEAS_Q,YES,263,677,414,1,~  3PA-1,MEASURE Q HUMBOLDT COUN,YES,257,669,6,8,6,8,53,11.32%,3PA-1.MEASURE Q HUMBOLDT COUNTY CREATION OF FINANCE DEPARTMENT MEASURE..YES
000079 ,2,3,023 024 053 124 188 190 191 226 229 237,MEAS_R,YES,283,677,394,3,~  3PA-1,MEASURE R HUMBOLDT COUN,YES,277,669,6,8,6,8,8,75.00%,3PA-1.MEASURE R HUMBOLDT COUNTY FINANCE DEPARTMENT ELECTIVE OFFICE MEASURE..YES
000079 ,2,3,023 024 053 124 188 190 191 226 229 237,MEAS_S,YES,439,677,238,2,~  3PA-1,MEASURE S HUMBOLDT COUN,YES,433,669,6,8,6,8,235,2.55%,3PA-1.MEASURE S HUMBOLDT COUNTY COMMERCIAL MARIJUANA CULTIVATION MEASURE..YES
000079 ,2,3,023 024 053 124 188 190 191 226 229 237,MEAS_U,NO,305,677,372,1,~  3PA-1,MEASURE U LOCAL TRANSPO,NO,299,669,6,8,6,8,0,--,3PA-1.MEASURE U LOCAL TRANSPORTATION AUTHORITY RETAIL TRANSACTIONS AND USE TAX..NO
000079 ,1,1,023 024 053 123 124 132 188 190 191 226 229 237,PROP_51,NO,313,678,365,1,~  3PA-1,PROPOSITION 51 SCHOOL B,NO,307,669,6,9,6,9,24,25.00%,3PA-1.PROPOSITION 51 SCHOOL BONDS. FUNDING FOR K-12 SCHOOL AND COMMUNITY COLLEGE FACILITIES. INITIATIVE.NO
000079 ,1,1,023 024 053 123 124 132 188 190 191 226 229 237,PROP_51,YES,337,678,341,1,~  3PA-1,PROPOSITION 51 SCHOOL B,YES,331,669,6,9,6,9,24,25.00%,3PA-1.PROPOSITION 51 SCHOOL BONDS. FUNDING FOR K-12 SCHOOL AND COMMUNITY COLLEGE FACILITIES. INITIATIVE.YES
000079 ,1,1,023 024 053 123 124 132 188 190 191 226 229 237,PROP_53,YES,280,678,398,1,~  3PA-1,PROPOSITION 53 REVENUE ,YES,274,669,6,9,6,9,59,10.17%,3PA-1.PROPOSITION 53 REVENUE BONDS. STATEWIDE VOTER APPROVAL. INITIATIVE CONSTITUTIONAL AMENDMENT..YES
000079 ,1,2,023 024 053 123 124 132 188 190 191 226 229 237,PROP_59,NO,225,677,452,2,~  3PA-1,PROPOSITION 59 CORPORAT,NO,219,669,6,8,6,8,177,3.39%,3PA-1.PROPOSITION 59 CORPORATIONS. POLITICAL SPENDING. FEDERAL CONSTITUTIONAL PROTECTIONS..NO
000079 ,1,2,023 024 053 123 124 132 188 190 191 226 229 237,PROP_59,YES,402,677,275,2,~  3PA-1,PROPOSITION 59 CORPORAT,YES,396,669,6,8,6,8,177,3.39%,3PA-1.PROPOSITION 59 CORPORATIONS. POLITICAL SPENDING. FEDERAL CONSTITUTIONAL PROTECTIONS..YES
000079 ,1,2,023 024 053 123 124 132 188 190 191 226 229 237,PROP_62,NO,279,677,398,5,~  3PA-1,PROPOSITION 62 DEATH PE,NO,273,669,6,8,6,8,86,6.98%,3PA-1.PROPOSITION 62 DEATH PENALTY. INITIATIVE STATUTE..NO
000079 ,2,3,023 024 053 124 188 190 191 226 229 237,PROP_64,YES,390,677,287,0,~  3PA-1,PROPOSITION 64 MARIJUAN,YES,384,669,6,8,6,8,109,5.50%,3PA-1.PROPOSITION 64 MARIJUANA LEGALIZATION. INITIATIVE STATUTE..YES
000079 ,2,3,023 024 053 124 188 190 191 226 229 237,PROP_66,YES,235,677,442,2,~  3PA-1,PROPOSITION 66 DEATH PE,YES,229,669,6,8,6,8,127,4.72%,3PA-1.PROPOSITION 66 DEATH PENALTY. PROCEDURES. INITIATIVE STATUTE..YES
000079 ,2,3,023 024 053 124 188 190 191 226 229 237,PROP_67,NO,241,677,436,1,~  3PA-1,PROPOSITION 67 BAN ON S,NO,235,669,6,8,6,8,173,3.47%,3PA-1.PROPOSITION 67 BAN ON SINGLE-USE PLASTIC BAGS. REFERENDUM..NO
000097 ,2,4,030 031 054 109 110 198 199 226 239 242 243,MEAS_V,NO,319,757,438,0,~  4E-54,MEASURE V MOBILE HOME P,NO,325,771,-6,-14,6,14,48,12.50%,4E-54.MEASURE V MOBILE HOME PARK SPACE RENT STABILIZATION..NO
000099 ,2,3,031 113 114 199 200 227 238 242,MEAS_S,YES,474,729,255,2,~  4ES-5,MEASURE S HUMBOLDT COUN,YES,480,744,-6,-15,6,15,271,2.21%,4ES-5.MEASURE S HUMBOLDT COUNTY COMMERCIAL MARIJUANA CULTIVATION MEASURE..YES
000099 ,2,3,031 113 114 199 200 227 238 242,MEAS_U,NO,340,729,389,0,~  4ES-5,MEASURE U LOCAL TRANSPO,NO,346,744,-6,-15,6,15,20,30.00%,4ES-5.MEASURE U LOCAL TRANSPORTATION AUTHORITY RETAIL TRANSACTIONS AND USE TAX..NO
000099 ,2,3,031 113 114 199 200 227 238 242,MEAS_V,YES,360,729,369,0,~  4ES-5,MEASURE V MOBILE HOME P,YES,366,744,-6,-15,6,15,54,11.11%,4ES-5.MEASURE V MOBILE HOME PARK SPACE RENT STABILIZATION..YES
000099 ,1,2,031 113 199 200 227 229 238 242,PROP_60,YES,248,732,484,0,~  4ES-5,PROPOSITION 60 ADULT FI,YES,254,744,-6,-12,6,12,158,3.80%,4ES-5.PROPOSITION 60 ADULT FILMS. CONDOMS. HEALTH REQUIREMENTS. INITIATIVE STATUTE..YES
000099 ,2,3,031 113 114 199 200 227 238 242,PROP_67,YES,438,729,291,1,~  4ES-5,PROPOSITION 67 BAN ON S,YES,444,744,-6,-15,6,15,171,3.51%,4ES-5.PROPOSITION 67 BAN ON SINGLE-USE PLASTIC BAGS. REFERENDUM..YES
000113 ,1,1,014 051 092 205 206 227 229 240,USSEN,KAMALA_D_HARRIS,401,746,345,2,~  5MK-2,US SENATOR,KAMALA D. HARRIS,407,755,-6,-9,6,9,228,2.63%,5MK-2.US SENATOR.KAMALA D. HARRIS
000126 ,1,2,017 018 056 103 104 212 213 228 229 241,PROP_60,YES,250,670,420,1,~  5TU-1,PROPOSITION 60 ADULT FI,YES,256,702,-6,-32,6,32,134,4.48%,5TU-1.PROPOSITION 60 ADULT FILMS. CONDOMS. HEALTH REQUIREMENTS. INITIATIVE STATUTE..YES
000126 ,1,2,017 018 056 103 104 212 213 228 229 241,PROP_61,NO,224,670,446,4,~  5TU-1,PROPOSITION 61 STATE PR,NO,230,702,-6,-32,6,32,165,3.64%,5TU-1.PROPOSITION 61 STATE PRESCRIPTION DRUG PURCHASES. PRICING STANDARDS. INITIATIVE STATUTE..NO
000127 ,1,2,017 056 105 106 213 229 240 241,PROP_59,NO,133,583,450,1,~  5TU-4,PROPOSITION 59 CORPORAT,NO,139,614,-6,-31,6,31,268,2.24%,5TU-4.PROPOSITION 59 CORPORATIONS. POLITICAL SPENDING. FEDERAL CONSTITUTIONAL PROTECTIONS..NO
000127 ,1,2,017 056 105 106 213 229 240 241,PROP_61,NO,188,583,395,2,~  5TU-4,PROPOSITION 61 STATE PR,NO,194,614,-6,-31,6,31,159,3.77%,5TU-4.PROPOSITION 61 STATE PRESCRIPTION DRUG PURCHASES. PRICING STANDARDS. INITIATIVE STATUTE..NO
000127 ,1,2,017 056 105 106 213 229 240 241,PROP_62,NO,177,583,406,2,~  5TU-4,PROPOSITION 62 DEATH PE,NO,183,614,-6,-31,6,31,209,2.87%,5TU-4.PROPOSITION 62 DEATH PENALTY. INITIATIVE STATUTE..NO
000001 ,1,2,000 042 056 149 150 196 223 232 243,PROP_58,YES,446,633,187,2,~  1CS-1,PROPOSITION 58 ENGLISH ,YES,441,630,5,3,5,3,302,1.66%,1CS-1.PROPOSITION 58 ENGLISH PROFICIENCY. MULTILINGUAL EDUCATION. INITIATIVE STATUTE..YES
000001 ,1,2,000 042 056 149 150 223 232 243,PROP_63,YES,319,632,313,3,~  1CS-1,PROPOSITION 63 FIREARMS,YES,314,630,5,2,5,2,34,14.71%,1CS-1.PROPOSITION 63 FIREARMS. AMMUNITION SALES. INITIATIVE STATUTE..YES
000002 ,1,2,000 041 042 057 149 223 232,PROP_59,NO,303,644,341,3,~  1CS-2,PROPOSITION 59 CORPORAT,NO,308,661,-5,-17,5,17,20,25.00%,1CS-2.PROPOSITION 59 CORPORATIONS. POLITICAL SPENDING. FEDERAL CONSTITUTIONAL PROTECTIONS..NO
000007 ,2,4,002 038 063 151 152 223 224 233 243,MEAS_P,YES,302,695,393,4,~  1E-45,MEASURE P CITY OF EUREK,YES,297,697,5,-2,5,2,17,29.41%,1E-45.MEASURE P CITY OF EUREKA CHARTER AMENDMENT MEASURE..YES
000010 ,1,2,001 002 037 038 064 065 153 154 224 233,PROP_56,NO,361,877,516,0,~  1ES-1,PROPOSITION 56 CIGARETT,NO,366,883,-5,-6,5,6,116,4.31%,"1ES-1.PROPOSITION 56 CIGARETTE TAX TO FUND HEALTHCARE, TOBACCO USE PREVENTION, RESEARCH, AND.NO"
000010 ,1,2,001 002 037 038 064 065 153 154 224 233,PROP_57,YES,539,877,338,1,~  1ES-1,PROPOSITION 57 CRIMINAL,YES,544,883,-5,-6,5,6,263,1.90%,1ES-1.PROPOSITION 57 CRIMINAL SENTENCES. PAROLE. JUVENILE CRIMINAL PROCEEDINGS AND SENTENCING. INITIATIVE.YES
000010 ,1,2,001 002 037 038 064 065 153 154 224 233,PROP_59,YES,444,877,433,0,~  1ES-1,PROPOSITION 59 CORPORAT,YES,449,883,-5,-6,5,6,107,4.67%,1ES-1.PROPOSITION 59 CORPORATIONS. POLITICAL SPENDING. FEDERAL CONSTITUTIONAL PROTECTIONS..YES
000021 ,1,1,004 005 039 040 068 069 155 156 224 229 233 243,PROP_52,NO,390,1059,669,5,~  1SB-1,PROPOSITION 52 MEDI-CAL,NO,385,1059,5,0,5,0,222,2.25%,1SB-1.PROPOSITION 52 MEDI-CAL HOSPITAL FEE PROGRAM. INITIATIVE CONSTITUTIONAL AMENDMENT AND STATUTE..NO
000023 ,1,1,005 042 043 072 073 159 160 224 229 233 243,PROP_55,NO,284,832,548,4,~  1SB10,PROPOSITION 55 TAX EXTE,NO,279,831,5,1,5,1,234,2.14%,1SB10.PROPOSITION 55 TAX EXTENSION TO FUND EDUCATION AND HEALTHCARE. INITIATIVE CONSTITUTIONAL AMENDMENT..NO
000028 ,1,1,005 006 046 047 048 053 073 158 159 224 229 234,PROP_54,NO,335,797,462,3,~  2F--2,PROPOSITION 54 LEGISLAT,NO,330,798,5,-1,5,1,77,6.49%,2F--2.PROPOSITION 54 LEGISLATURE. LEGISLATION AND PROCEEDINGS. INITIATIVE CONSTITUTIONAL AMENDMENT AND.NO
000030 ,2,3,007 009 046 074 162 163 224 234 243,MEAS_U,NO,431,743,312,5,~  2F--4,MEASURE U LOCAL TRANSPO,NO,426,743,5,0,5,0,171,2.92%,2F--4.MEASURE U LOCAL TRANSPORTATION AUTHORITY RETAIL TRANSACTIONS AND USE TAX..NO
000031 ,1,1,008 047 048 080 161 162 224 225 229 235 243,PROP_53,NO,437,908,471,7,~  2F-R1,PROPOSITION 53 REVENUE ,NO,432,908,5,0,5,0,22,22.73%,2F-R1.PROPOSITION 53 REVENUE BONDS. STATEWIDE VOTER APPROVAL. INITIATIVE CONSTITUTIONAL AMENDMENT..NO
000031 ,1,2,008 047 048 080 161 162 224 225 229 235,PROP_59,YES,368,900,532,1,~  2F-R1,PROPOSITION 59 CORPORAT,YES,373,908,-5,-8,5,8,76,6.58%,2F-R1.PROPOSITION 59 CORPORATIONS. POLITICAL SPENDING. FEDERAL CONSTITUTIONAL PROTECTIONS..YES
000037 ,1,2,010 049 086 166 167 225 229 234,PROP_58,YES,324,509,185,1,~  2R--1,PROPOSITION 58 ENGLISH ,YES,329,514,-5,-5,5,5,178,2.81%,2R--1.PROPOSITION 58 ENGLISH PROFICIENCY. MULTILINGUAL EDUCATION. INITIATIVE STATUTE..YES
000038 ,2,3,006 009 010 047 048 085 086 167 225 234 235,MEAS_V,NO,325,627,302,4,~  2R--2,MEASURE V MOBILE HOME P,NO,320,629,5,-2,5,2,62,8.06%,2R--2.MEASURE V MOBILE HOME PARK SPACE RENT STABILIZATION..NO
000051 ,1,2,012 052 084 085 170 171 225 229 235 236 243,PROP_59,YES,545,804,259,0,~  2SHS7,PROPOSITION 59 CORPORAT,YES,550,812,-5,-8,5,8,381,1.31%,2SHS7.PROPOSITION 59 CORPORATIONS. POLITICAL SPENDING. FEDERAL CONSTITUTIONAL PROTECTIONS..YES
000054 ,2,3,019 044 142 143 173 174 225 229 230 236,MEAS_S,YES,434,648,214,2,~  3A--2,MEASURE S HUMBOLDT COUN,YES,439,647,-5,1,5,1,287,1.74%,3A--2.MEASURE S HUMBOLDT COUNTY COMMERCIAL MARIJUANA CULTIVATION MEASURE..YES
000054 ,1,1,019 044 141 142 173 174 225 229 230 236,PROP_53,YES,205,647,442,5,~  3A--2,PROPOSITION 53 REVENUE ,YES,200,647,5,0,5,0,187,2.67%,3A--2.PROPOSITION 53 REVENUE BONDS. STATEWIDE VOTER APPROVAL. INITIATIVE CONSTITUTIONAL AMENDMENT..YES
000059 ,1,1,019 020 052 138 139 176 225 229 230 231 243,PROP_53,NO,393,808,415,7,~  3A-10,PROPOSITION 53 REVENUE ,NO,388,809,5,-1,5,1,57,8.77%,3A-10.PROPOSITION 53 REVENUE BONDS. STATEWIDE VOTER APPROVAL. INITIATIVE CONSTITUTIONAL AMENDMENT..NO
000063 ,2,3,020 021 048 131 177 179 180 226 236,PROP_66,YES,146,589,443,6,~  3A-J1,PROPOSITION 66 DEATH PE,YES,141,593,5,-4,5,4,240,2.08%,3A-J1.PROPOSITION 66 DEATH PENALTY. PROCEDURES. INITIATIVE STATUTE..YES
000065 ,1,2,021 022 043 044 124 132 183 184 226 229 236,PROP_58,NO,139,779,640,0,~  3A-P4,PROPOSITION 58 ENGLISH ,NO,144,839,-5,-60,5,60,503,0.99%,3A-P4.PROPOSITION 58 ENGLISH PROFICIENCY. MULTILINGUAL EDUCATION. INITIATIVE STATUTE..NO
000065 ,2,3,021 022 043 044 132 133 183 184 226 236,PROP_66,YES,306,837,531,5,~  3A-P4,PROPOSITION 66 DEATH PE,YES,301,839,5,-2,5,2,141,3.55%,3A-P4.PROPOSITION 66 DEATH PENALTY. PROCEDURES. INITIATIVE STATUTE..YES
000068 ,1,1,021 050 137 181 226 229 236,BL_CC,Write_in,466,2025,1559,0,~  3B--1,BLUE LAKE CITY COUNCILM,Write_in,471,677,-5,1348,5,1348,34,14.71%,3B--1.BLUE LAKE CITY COUNCILMEMBER.Write_in
000073 ,1,1,023 045 046 127 128 184 186 187 226 229 237,PROP_53,YES,311,774,463,4,~  3FWS,PROPOSITION 53 REVENUE ,YES,316,786,-5,-12,5,12,90,5.56%,3FWS.PROPOSITION 53 REVENUE BONDS. STATEWIDE VOTER APPROVAL. INITIATIVE CONSTITUTIONAL AMENDMENT..YES
000079 ,1,2,023 024 053 123 124 132 188 190 191 226 229 237,PROP_56,NO,250,677,427,0,~  3PA-1,PROPOSITION 56 CIGARETT,NO,245,669,5,8,5,8,158,3.16%,"3PA-1.PROPOSITION 56 CIGARETTE TAX TO FUND HEALTHCARE, TOBACCO USE PREVENTION, RESEARCH, AND.NO"
000079 ,1,2,023 024 053 123 124 132 188 190 191 226 229 237,PROP_61,NO,283,677,394,1,~  3PA-1,PROPOSITION 61 STATE PR,NO,278,669,5,8,5,8,55,9.09%,3PA-1.PROPOSITION 61 STATE PRESCRIPTION DRUG PURCHASES. PRICING STANDARDS. INITIATIVE STATUTE..NO
000079 ,1,1,023 024 053 123 124 132 188 190 191 226 229 237,USSEN,KAMALA_D_HARRIS,398,678,280,1,~  3PA-1,US SENATOR,KAMALA D. HARRIS,393,669,5,9,5,9,237,2.11%,3PA-1.US SENATOR.KAMALA D. HARRIS
000085 ,1,1,025 026 053 119 190 226 238,PROP_53,NO,222,471,249,2,~  4E-21,PROPOSITION 53 REVENUE ,NO,217,468,5,3,5,3,2,250.00%,4E-21.PROPOSITION 53 REVENUE BONDS. STATEWIDE VOTER APPROVAL. INITIATIVE CONSTITUTIONAL AMENDMENT..NO
000097 ,2,4,030 031 054 109 110 198 199 226 239 242 243,MEAS_P,NO,302,757,455,1,~  4E-54,MEASURE P CITY OF EUREK,NO,307,771,-5,-14,5,14,62,8.06%,4E-54.MEASURE P CITY OF EUREKA CHARTER AMENDMENT MEASURE..NO
000097 ,2,4,030 031 054 109 110 198 199 226 239 242 243,MEAS_P,YES,364,757,393,1,~  4E-54,MEASURE P CITY OF EUREK,YES,369,771,-5,-14,5,14,62,8.06%,4E-54.MEASURE P CITY OF EUREKA CHARTER AMENDMENT MEASURE..YES
000097 ,1,2,030 031 054 109 110 198 199 226 229 239 242 243,PROP_61,NO,311,760,449,1,~  4E-54,PROPOSITION 61 STATE PR,NO,316,771,-5,-11,5,11,77,6.49%,4E-54.PROPOSITION 61 STATE PRESCRIPTION DRUG PURCHASES. PRICING STANDARDS. INITIATIVE STATUTE..NO
000099 ,2,3,031 113 114 199 200 227 238 242,MEAS_Q,NO,348,729,381,2,~  4ES-5,MEASURE Q HUMBOLDT COUN,NO,353,744,-5,-15,5,15,65,7.69%,4ES-5.MEASURE Q HUMBOLDT COUNTY CREATION OF FINANCE DEPARTMENT MEASURE..NO
000099 ,1,1,031 113 199 200 227 229 238 242,PRES,HILLARY_CLINTON,391,733,342,0,~  4ES-5,PRESIDENT AND VICE PRES,HILLARY CLINTON      ,396,744,-5,-11,5,11,172,2.91%,4ES-5.PRESIDENT AND VICE PRESIDENT.HILLARY CLINTON      and TIM KAINE
000099 ,1,2,031 113 199 200 227 229 238 242,PROP_59,YES,398,732,334,2,~  4ES-5,PROPOSITION 59 CORPORAT,YES,403,744,-5,-12,5,12,141,3.55%,4ES-5.PROPOSITION 59 CORPORATIONS. POLITICAL SPENDING. FEDERAL CONSTITUTIONAL PROTECTIONS..YES
000099 ,1,2,031 113 199 200 227 229 238 242,PROP_61,YES,333,732,399,2,~  4ES-5,PROPOSITION 61 STATE PR,YES,338,744,-5,-12,5,12,2,250.00%,4ES-5.PROPOSITION 61 STATE PRESCRIPTION DRUG PURCHASES. PRICING STANDARDS. INITIATIVE STATUTE..YES
000099 ,2,3,031 113 114 199 200 227 238 242,PROP_64,YES,420,729,309,3,~  4ES-5,PROPOSITION 64 MARIJUAN,YES,425,744,-5,-15,5,15,128,3.91%,4ES-5.PROPOSITION 64 MARIJUANA LEGALIZATION. INITIATIVE STATUTE..YES
000099 ,2,3,031 113 114 199 200 227 238 242,PROP_65,NO,407,729,322,4,~  4ES-5,PROPOSITION 65 CARRYOUT,NO,412,744,-5,-15,5,15,118,4.24%,4ES-5.PROPOSITION 65 CARRYOUT BAGS. CHARGES. INITIATIVE STATUTE..NO
000099 ,2,3,031 113 114 199 200 227 238 242,PROP_66,NO,382,729,347,1,~  4ES-5,PROPOSITION 66 DEATH PE,NO,387,744,-5,-15,5,15,129,3.88%,4ES-5.PROPOSITION 66 DEATH PENALTY. PROCEDURES. INITIATIVE STATUTE..NO
000099 ,1,1,031 113 199 200 227 229 238 242,USSEN,LORETTA_L_SANCHEZ,180,733,553,0,~  4ES-5,US SENATOR,LORETTA L. SANCHEZ,185,744,-5,-11,5,11,207,2.42%,4ES-5.US SENATOR.LORETTA L. SANCHEZ
000109 ,1,1,013 049 055 056 089 090 203 204 227 229 240,PROP_52,NO,283,789,506,5,~  5KT-6,PROPOSITION 52 MEDI-CAL,NO,278,788,5,1,5,1,170,2.94%,5KT-6.PROPOSITION 52 MEDI-CAL HOSPITAL FEE PROGRAM. INITIATIVE CONSTITUTIONAL AMENDMENT AND STATUTE..NO
000112 ,2,3,012 013 049 093 094 204 205 227 240,PROP_67,NO,309,823,514,5,~  5MK-1,PROPOSITION 67 BAN ON S,NO,304,831,5,-8,5,8,172,2.91%,5MK-1.PROPOSITION 67 BAN ON SINGLE-USE PLASTIC BAGS. REFERENDUM..NO
000113 ,1,1,014 051 092 205 206 227 229 240,PROP_53,NO,365,746,381,0,~  5MK-2,PROPOSITION 53 REVENUE ,NO,370,755,-5,-9,5,9,44,11.36%,5MK-2.PROPOSITION 53 REVENUE BONDS. STATEWIDE VOTER APPROVAL. INITIATIVE CONSTITUTIONAL AMENDMENT..NO
000113 ,1,1,014 051 092 205 206 227 229 240,PROP_54,NO,247,746,499,1,~  5MK-2,PROPOSITION 54 LEGISLAT,NO,252,755,-5,-9,5,9,193,2.59%,5MK-2.PROPOSITION 54 LEGISLATURE. LEGISLATION AND PROCEEDINGS. INITIATIVE CONSTITUTIONAL AMENDMENT AND.NO
000113 ,1,1,014 051 092 205 206 227 229 240,STATEASS2,JIM_WOOD,440,746,306,0,~  5MK-2,"STATE ASSEMBLY, DISTRIC",JIM WOOD,445,755,-5,-9,5,9,261,1.92%,"5MK-2.STATE ASSEMBLY, DISTRICT 2.JIM WOOD"
000127 ,1,2,017 056 105 106 213 229 240 241,PROP_56,NO,168,583,415,2,~  5TU-4,PROPOSITION 56 CIGARETT,NO,173,614,-5,-31,5,31,242,2.07%,"5TU-4.PROPOSITION 56 CIGARETTE TAX TO FUND HEALTHCARE, TOBACCO USE PREVENTION, RESEARCH, AND.NO"
000127 ,1,2,017 056 105 106 213 229 240 241,PROP_63,NO,189,583,394,1,~  5TU-4,PROPOSITION 63 FIREARMS,NO,194,614,-5,-31,5,31,191,2.62%,5TU-4.PROPOSITION 63 FIREARMS. AMMUNITION SALES. INITIATIVE STATUTE..NO
000001 ,1,2,000 042 056 149 150 196 223 232 243,PROP_62,YES,263,633,370,2,~  1CS-1,PROPOSITION 62 DEATH PE,YES,259,630,4,3,4,3,66,6.06%,1CS-1.PROPOSITION 62 DEATH PENALTY. INITIATIVE STATUTE..YES
000002 ,1,2,000 041 042 057 149 223 232,PROP_58,NO,170,644,474,1,~  1CS-2,PROPOSITION 58 ENGLISH ,NO,174,661,-4,-17,4,17,276,1.45%,1CS-2.PROPOSITION 58 ENGLISH PROFICIENCY. MULTILINGUAL EDUCATION. INITIATIVE STATUTE..NO
000002 ,1,2,000 041 042 057 149 223 232,PROP_60,YES,213,644,431,2,~  1CS-2,PROPOSITION 60 ADULT FI,YES,217,661,-4,-17,4,17,173,2.31%,1CS-2.PROPOSITION 60 ADULT FILMS. CONDOMS. HEALTH REQUIREMENTS. INITIATIVE STATUTE..YES
000002 ,1,2,000 041 042 057 149 223 232,PROP_62,YES,240,644,404,3,~  1CS-2,PROPOSITION 62 DEATH PE,YES,244,661,-4,-17,4,17,138,2.90%,1CS-2.PROPOSITION 62 DEATH PENALTY. INITIATIVE STATUTE..YES
000003 ,2,3,000 041 058 059 148 149 223 232,MEAS_S,NO,184,651,467,5,~  1CS-3,MEASURE S HUMBOLDT COUN,NO,180,650,4,1,4,1,249,1.61%,1CS-3.MEASURE S HUMBOLDT COUNTY COMMERCIAL MARIJUANA CULTIVATION MEASURE..NO
000003 ,2,3,000 041 058 059 148 149 223 232,MEAS_U,NO,338,651,313,4,~  1CS-3,MEASURE U LOCAL TRANSPO,NO,334,650,4,1,4,1,71,5.63%,1CS-3.MEASURE U LOCAL TRANSPORTATION AUTHORITY RETAIL TRANSACTIONS AND USE TAX..NO
000003 ,1,1,000 041 058 148 149 223 232,PROP_53,YES,299,650,351,5,~  1CS-3,PROPOSITION 53 REVENUE ,YES,295,650,4,0,4,0,12,33.33%,1CS-3.PROPOSITION 53 REVENUE BONDS. STATEWIDE VOTER APPROVAL. INITIATIVE CONSTITUTIONAL AMENDMENT..YES
000004 ,2,3,001 040 060 147 148 223 232 243,MEAS_S,YES,449,706,257,5,~  1CS-4,MEASURE S HUMBOLDT COUN,YES,445,706,4,0,4,0,211,1.90%,1CS-4.MEASURE S HUMBOLDT COUNTY COMMERCIAL MARIJUANA CULTIVATION MEASURE..YES
000006 ,1,1,000 001 038 061 062 146 223 233,PROP_53,NO,339,674,335,4,~  1E-43,PROPOSITION 53 REVENUE ,NO,335,674,4,0,4,0,51,7.84%,1E-43.PROPOSITION 53 REVENUE BONDS. STATEWIDE VOTER APPROVAL. INITIATIVE CONSTITUTIONAL AMENDMENT..NO
000007 ,2,3,002 038 063 151 152 223 224 233 243,PROP_65,YES,231,695,464,5,~  1E-45,PROPOSITION 65 CARRYOUT,YES,227,697,4,-2,4,2,197,2.03%,1E-45.PROPOSITION 65 CARRYOUT BAGS. CHARGES. INITIATIVE STATUTE..YES
000010 ,1,2,001 002 037 038 064 065 153 154 224 233,PROP_58,YES,627,877,250,0,~  1ES-1,PROPOSITION 58 ENGLISH ,YES,631,883,-4,-6,4,6,443,0.90%,1ES-1.PROPOSITION 58 ENGLISH PROFICIENCY. MULTILINGUAL EDUCATION. INITIATIVE STATUTE..YES
000011 ,1,1,003 040 041 069 070 152 153 224 233 234,FERN_CC,Write_in,56,1704,1648,1,~  1F--1,FERNDALE CITY COUNCILME,Write_in,52,853,4,851,4,851,33,12.12%,1F--1.FERNDALE CITY COUNCILMEMBER.Write_in
000011 ,1,2,003 040 041 069 070 152 153 224 233 234,PROP_57,YES,472,851,379,4,~  1F--1,PROPOSITION 57 CRIMINAL,YES,468,853,4,-2,4,2,147,2.72%,1F--1.PROPOSITION 57 CRIMINAL SENTENCES. PAROLE. JUVENILE CRIMINAL PROCEEDINGS AND SENTENCING. INITIATIVE.YES
000011 ,2,3,003 040 041 070 071 152 153 224 233 234,PROP_67,YES,406,853,447,3,~  1F--1,PROPOSITION 67 BAN ON S,YES,402,853,4,0,4,0,2,200.00%,1F--1.PROPOSITION 67 BAN ON SINGLE-USE PLASTIC BAGS. REFERENDUM..YES
000013 ,1,1,003 039 065 066 154 155 224 229 234,PROP_55,YES,296,680,384,5,~  1FS,PROPOSITION 55 TAX EXTE,YES,292,680,4,0,4,0,54,7.41%,1FS.PROPOSITION 55 TAX EXTENSION TO FUND EDUCATION AND HEALTHCARE. INITIATIVE CONSTITUTIONAL AMENDMENT..YES
000021 ,1,1,004 005 039 040 068 069 155 156 224 229 233 243,USSEN,KAMALA_D_HARRIS,500,1059,559,5,~  1SB-1,US SENATOR,KAMALA D. HARRIS,496,1059,4,0,4,0,179,2.23%,1SB-1.US SENATOR.KAMALA D. HARRIS
000021 ,1,1,004 005 039 040 068 069 155 156 224 229 233 243,USSEN,LORETTA_L_SANCHEZ,321,1059,738,5,~  1SB-1,US SENATOR,LORETTA L. SANCHEZ,317,1059,4,0,4,0,179,2.23%,1SB-1.US SENATOR.LORETTA L. SANCHEZ
000023 ,2,3,005 042 043 067 072 159 160 224 233 243,MEAS_Q,YES,358,831,473,4,~  1SB10,MEASURE Q HUMBOLDT COUN,YES,354,831,4,0,4,0,19,21.05%,1SB10.MEASURE Q HUMBOLDT COUNTY CREATION OF FINANCE DEPARTMENT MEASURE..YES
000023 ,2,3,005 042 043 067 072 159 160 224 233 243,MEAS_V,NO,400,831,431,5,~  1SB10,MEASURE V MOBILE HOME P,NO,396,831,4,0,4,0,18,22.22%,1SB10.MEASURE V MOBILE HOME PARK SPACE RENT STABILIZATION..NO
000023 ,1,2,005 042 043 072 073 159 160 224 229 233 243,PROP_56,NO,387,832,445,3,~  1SB10,PROPOSITION 56 CIGARETT,NO,383,831,4,1,4,1,38,10.53%,"1SB10.PROPOSITION 56 CIGARETTE TAX TO FUND HEALTHCARE, TOBACCO USE PREVENTION, RESEARCH, AND.NO"
000023 ,1,2,005 042 043 072 073 159 160 224 229 233 243,PROP_61,NO,341,832,491,4,~  1SB10,PROPOSITION 61 STATE PR,NO,337,831,4,1,4,1,88,4.55%,1SB10.PROPOSITION 61 STATE PRESCRIPTION DRUG PURCHASES. PRICING STANDARDS. INITIATIVE STATUTE..NO
000023 ,1,2,005 042 043 072 073 159 160 224 229 233 243,PROP_62,NO,455,832,377,3,~  1SB10,PROPOSITION 62 DEATH PE,NO,451,831,4,1,4,1,118,3.39%,1SB10.PROPOSITION 62 DEATH PENALTY. INITIATIVE STATUTE..NO
000023 ,1,2,005 042 043 072 073 159 160 224 229 233 243,PROP_63,YES,359,832,473,4,~  1SB10,PROPOSITION 63 FIREARMS,YES,355,831,4,1,4,1,93,4.30%,1SB10.PROPOSITION 63 FIREARMS. AMMUNITION SALES. INITIATIVE STATUTE..YES
000027 ,1,2,005 051 052 077 160 224 234,PROP_61,NO,201,387,186,18,~  2CU,PROPOSITION 61 STATE PR,NO,197,387,4,0,4,0,44,9.09%,2CU.PROPOSITION 61 STATE PRESCRIPTION DRUG PURCHASES. PRICING STANDARDS. INITIATIVE STATUTE..NO
000028 ,1,1,005 006 046 047 048 053 073 158 159 224 229 234,PROP_53,NO,383,797,414,4,~  2F--2,PROPOSITION 53 REVENUE ,NO,379,798,4,-1,4,1,39,10.26%,2F--2.PROPOSITION 53 REVENUE BONDS. STATEWIDE VOTER APPROVAL. INITIATIVE CONSTITUTIONAL AMENDMENT..NO
000028 ,1,2,005 006 046 047 048 053 073 158 159 224 229 234,PROP_62,YES,303,798,495,4,~  2F--2,PROPOSITION 62 DEATH PE,YES,299,798,4,0,4,0,135,2.96%,2F--2.PROPOSITION 62 DEATH PENALTY. INITIATIVE STATUTE..YES
000030 ,2,3,007 009 046 074 162 163 224 234 243,MEAS_Q,YES,316,743,427,4,~  2F--4,MEASURE Q HUMBOLDT COUN,YES,312,743,4,0,4,0,14,28.57%,2F--4.MEASURE Q HUMBOLDT COUNTY CREATION OF FINANCE DEPARTMENT MEASURE..YES
000030 ,2,3,007 009 046 074 162 163 224 234 243,MEAS_V,YES,319,743,424,4,~  2F--4,MEASURE V MOBILE HOME P,YES,315,743,4,0,4,0,44,9.09%,2F--4.MEASURE V MOBILE HOME PARK SPACE RENT STABILIZATION..YES
000030 ,1,2,007 009 046 074 075 162 163 224 229 234,PROP_59,NO,322,743,421,4,~  2F--4,PROPOSITION 59 CORPORAT,NO,318,743,4,0,4,0,10,40.00%,2F--4.PROPOSITION 59 CORPORATIONS. POLITICAL SPENDING. FEDERAL CONSTITUTIONAL PROTECTIONS..NO
000030 ,2,3,007 009 046 074 162 163 224 234 243,PROP_64,YES,374,743,369,3,~  2F--4,PROPOSITION 64 MARIJUAN,YES,370,743,4,0,4,0,23,17.39%,2F--4.PROPOSITION 64 MARIJUANA LEGALIZATION. INITIATIVE STATUTE..YES
000031 ,1,1,008 047 048 080 161 162 224 225 229 235 243,PROP_53,YES,414,908,494,7,~  2F-R1,PROPOSITION 53 REVENUE ,YES,410,908,4,0,4,0,22,18.18%,2F-R1.PROPOSITION 53 REVENUE BONDS. STATEWIDE VOTER APPROVAL. INITIATIVE CONSTITUTIONAL AMENDMENT..YES
000031 ,1,2,008 047 048 080 161 162 224 225 229 235,PROP_57,NO,404,900,496,0,~  2F-R1,PROPOSITION 57 CRIMINAL,NO,408,908,-4,-8,4,8,35,11.43%,2F-R1.PROPOSITION 57 CRIMINAL SENTENCES. PAROLE. JUVENILE CRIMINAL PROCEEDINGS AND SENTENCING. INITIATIVE.NO
000031 ,1,2,008 047 048 080 161 162 224 225 229 235,PROP_57,YES,439,900,461,0,~  2F-R1,PROPOSITION 57 CRIMINAL,YES,443,908,-4,-8,4,8,35,11.43%,2F-R1.PROPOSITION 57 CRIMINAL SENTENCES. PAROLE. JUVENILE CRIMINAL PROCEEDINGS AND SENTENCING. INITIATIVE.YES
000031 ,1,2,008 047 048 080 161 162 224 225 229 235,PROP_60,NO,486,900,414,3,~  2F-R1,PROPOSITION 60 ADULT FI,NO,490,908,-4,-8,4,8,137,2.92%,2F-R1.PROPOSITION 60 ADULT FILMS. CONDOMS. HEALTH REQUIREMENTS. INITIATIVE STATUTE..NO
000034 ,1,2,009 047 077 078 079 164 165 225 229 235,PROP_62,YES,204,623,419,4,~  2F-R4,PROPOSITION 62 DEATH PE,YES,200,622,4,1,4,1,189,2.12%,2F-R4.PROPOSITION 62 DEATH PENALTY. INITIATIVE STATUTE..YES
000037 ,1,2,010 049 086 166 167 225 229 234,PROP_61,NO,266,509,243,0,~  2R--1,PROPOSITION 61 STATE PR,NO,270,514,-4,-5,4,5,73,5.48%,2R--1.PROPOSITION 61 STATE PRESCRIPTION DRUG PURCHASES. PRICING STANDARDS. INITIATIVE STATUTE..NO
000043 ,1,2,011 048 049 082 168 225 229 235 243,PROP_56,YES,314,553,239,1,~  2SH-4,PROPOSITION 56 CIGARETT,YES,318,557,-4,-4,4,4,108,3.70%,"2SH-4.PROPOSITION 56 CIGARETTE TAX TO FUND HEALTHCARE, TOBACCO USE PREVENTION, RESEARCH, AND.YES"
000043 ,1,2,011 048 049 082 168 225 229 235 243,PROP_58,YES,395,553,158,0,~  2SH-4,PROPOSITION 58 ENGLISH ,YES,399,557,-4,-4,4,4,294,1.36%,2SH-4.PROPOSITION 58 ENGLISH PROFICIENCY. MULTILINGUAL EDUCATION. INITIATIVE STATUTE..YES
000043 ,1,2,011 048 049 082 168 225 229 235 243,PROP_61,YES,319,553,234,0,~  2SH-4,PROPOSITION 61 STATE PR,YES,323,557,-4,-4,4,4,151,2.65%,2SH-4.PROPOSITION 61 STATE PRESCRIPTION DRUG PURCHASES. PRICING STANDARDS. INITIATIVE STATUTE..YES
000043 ,1,2,011 048 049 082 168 225 229 235 243,PROP_63,NO,273,553,280,1,~  2SH-4,PROPOSITION 63 FIREARMS,NO,277,557,-4,-4,4,4,29,13.79%,2SH-4.PROPOSITION 63 FIREARMS. AMMUNITION SALES. INITIATIVE STATUTE..NO
000044 ,1,2,010 011 052 082 083 168 169 225 229 235 243,PROP_57,YES,542,766,224,3,~  2SH-5,PROPOSITION 57 CRIMINAL,YES,538,766,4,0,4,0,353,1.13%,2SH-5.PROPOSITION 57 CRIMINAL SENTENCES. PAROLE. JUVENILE CRIMINAL PROCEEDINGS AND SENTENCING. INITIATIVE.YES
000051 ,2,3,012 052 084 170 171 225 235 236 243,PROP_65,YES,322,812,490,5,~  2SHS7,PROPOSITION 65 CARRYOUT,YES,318,812,4,0,4,0,126,3.17%,2SHS7.PROPOSITION 65 CARRYOUT BAGS. CHARGES. INITIATIVE STATUTE..YES
000054 ,2,3,019 044 142 143 173 174 225 229 230 236,MEAS_H,YES,435,648,213,0,~  3A--2,MEASURE H ARCATA SCHOOL,YES,439,647,-4,1,4,1,314,1.27%,3A--2.MEASURE H ARCATA SCHOOL DISTRICT PARCEL TAX..YES
000055 ,2,4,018 019 045 141 174 175 225 230 236,MEAS_V,YES,426,717,291,3,~  3A--3,MEASURE V MOBILE HOME P,YES,422,724,4,-7,4,7,228,1.75%,3A--3.MEASURE V MOBILE HOME PARK SPACE RENT STABILIZATION..YES
000055 ,1,1,018 019 045 140 141 174 175 225 229 230 236,USSEN,LORETTA_L_SANCHEZ,172,724,552,5,~  3A--3,US SENATOR,LORETTA L. SANCHEZ,168,724,4,0,4,0,290,1.38%,3A--3.US SENATOR.LORETTA L. SANCHEZ
000056 ,2,3,018 022 045 140 171 172 225 230,PROP_65,YES,305,579,274,3,~  3A--4,PROPOSITION 65 CARRYOUT,YES,301,580,4,-1,4,1,66,6.06%,3A--4.PROPOSITION 65 CARRYOUT BAGS. CHARGES. INITIATIVE STATUTE..YES
000058 ,2,3,019 044 045 143 144 175 176 225 230 243,PROP_65,YES,314,745,431,4,~  3A--9,PROPOSITION 65 CARRYOUT,YES,310,747,4,-2,4,2,89,4.49%,3A--9.PROPOSITION 65 CARRYOUT BAGS. CHARGES. INITIATIVE STATUTE..YES
000059 ,1,1,019 020 052 138 139 176 225 229 230 231 243,PROP_52,NO,150,808,658,4,~  3A-10,PROPOSITION 52 MEDI-CAL,NO,146,809,4,-1,4,1,458,0.87%,3A-10.PROPOSITION 52 MEDI-CAL HOSPITAL FEE PROGRAM. INITIATIVE CONSTITUTIONAL AMENDMENT AND STATUTE..NO
000059 ,1,1,019 020 052 138 139 176 225 229 230 231 243,PROP_53,YES,335,808,473,7,~  3A-10,PROPOSITION 53 REVENUE ,YES,331,809,4,-1,4,1,57,7.02%,3A-10.PROPOSITION 53 REVENUE BONDS. STATEWIDE VOTER APPROVAL. INITIATIVE CONSTITUTIONAL AMENDMENT..YES
000059 ,1,2,019 020 052 138 139 176 225 229 230 231 243,PROP_55,YES,636,804,168,1,~  3A-10,PROPOSITION 55 TAX EXTE,YES,640,809,-4,-5,4,5,520,0.77%,3A-10.PROPOSITION 55 TAX EXTENSION TO FUND EDUCATION AND HEALTHCARE. INITIATIVE CONSTITUTIONAL AMENDMENT..YES
000060 ,1,1,020 044 128 129 176 177 178 225 229 231 236,PROP_53,YES,339,837,498,5,~  3A-11,PROPOSITION 53 REVENUE ,YES,335,837,4,0,4,0,63,6.35%,3A-11.PROPOSITION 53 REVENUE BONDS. STATEWIDE VOTER APPROVAL. INITIATIVE CONSTITUTIONAL AMENDMENT..YES
000063 ,2,3,020 021 048 131 177 179 180 226 236,PROP_65,YES,218,589,371,4,~  3A-J1,PROPOSITION 65 CARRYOUT,YES,214,593,4,-4,4,4,128,3.12%,3A-J1.PROPOSITION 65 CARRYOUT BAGS. CHARGES. INITIATIVE STATUTE..YES
000068 ,2,3,021 050 136 137 181 226 236,MEAS_S,NO,211,674,463,4,~  3B--1,MEASURE S HUMBOLDT COUN,NO,207,677,4,-3,4,3,225,1.78%,3B--1.MEASURE S HUMBOLDT COUNTY COMMERCIAL MARIJUANA CULTIVATION MEASURE..NO
000074 ,1,2,023 045 124 125 185 186 226 237,PROP_60,YES,160,520,360,4,~  3JCFR,PROPOSITION 60 ADULT FI,YES,156,520,4,0,4,0,164,2.44%,3JCFR.PROPOSITION 60 ADULT FILMS. CONDOMS. HEALTH REQUIREMENTS. INITIATIVE STATUTE..YES
000075 ,2,3,024 045 126 127 185 191 192 226 237,PROP_65,YES,216,650,434,5,~  3JCWR,PROPOSITION 65 CARRYOUT,YES,212,653,4,-3,4,3,197,2.03%,3JCWR.PROPOSITION 65 CARRYOUT BAGS. CHARGES. INITIATIVE STATUTE..YES
000079 ,2,3,023 024 053 124 188 190 191 226 229 237,MEAS_S,NO,202,677,475,2,~  3PA-1,MEASURE S HUMBOLDT COUN,NO,198,669,4,8,4,8,235,1.70%,3PA-1.MEASURE S HUMBOLDT COUNTY COMMERCIAL MARIJUANA CULTIVATION MEASURE..NO
000079 ,2,3,023 024 053 124 188 190 191 226 229 237,MEAS_U,YES,303,677,374,1,~  3PA-1,MEASURE U LOCAL TRANSPO,YES,299,669,4,8,4,8,0,--,3PA-1.MEASURE U LOCAL TRANSPORTATION AUTHORITY RETAIL TRANSACTIONS AND USE TAX..YES
000079 ,1,1,023 024 053 123 124 132 188 190 191 226 229 237,PROP_53,NO,337,678,341,1,~  3PA-1,PROPOSITION 53 REVENUE ,NO,333,669,4,9,4,9,59,6.78%,3PA-1.PROPOSITION 53 REVENUE BONDS. STATEWIDE VOTER APPROVAL. INITIATIVE CONSTITUTIONAL AMENDMENT..NO
000079 ,1,1,023 024 053 123 124 132 188 190 191 226 229 237,PROP_54,YES,366,678,312,3,~  3PA-1,PROPOSITION 54 LEGISLAT,YES,362,669,4,9,4,9,108,3.70%,3PA-1.PROPOSITION 54 LEGISLATURE. LEGISLATION AND PROCEEDINGS. INITIATIVE CONSTITUTIONAL AMENDMENT AND.YES
000079 ,1,2,023 024 053 123 124 132 188 190 191 226 229 237,PROP_56,YES,407,677,270,0,~  3PA-1,PROPOSITION 56 CIGARETT,YES,403,669,4,8,4,8,158,2.53%,"3PA-1.PROPOSITION 56 CIGARETTE TAX TO FUND HEALTHCARE, TOBACCO USE PREVENTION, RESEARCH, AND.YES"
000079 ,1,2,023 024 053 123 124 132 188 190 191 226 229 237,PROP_58,NO,131,677,546,2,~  3PA-1,PROPOSITION 58 ENGLISH ,NO,127,669,4,8,4,8,370,1.08%,3PA-1.PROPOSITION 58 ENGLISH PROFICIENCY. MULTILINGUAL EDUCATION. INITIATIVE STATUTE..NO
000079 ,1,2,023 024 053 123 124 132 188 190 191 226 229 237,PROP_60,NO,385,677,292,1,~  3PA-1,PROPOSITION 60 ADULT FI,NO,381,669,4,8,4,8,144,2.78%,3PA-1.PROPOSITION 60 ADULT FILMS. CONDOMS. HEALTH REQUIREMENTS. INITIATIVE STATUTE..NO
000079 ,1,2,023 024 053 123 124 132 188 190 191 226 229 237,PROP_61,YES,337,677,340,1,~  3PA-1,PROPOSITION 61 STATE PR,YES,333,669,4,8,4,8,55,7.27%,3PA-1.PROPOSITION 61 STATE PRESCRIPTION DRUG PURCHASES. PRICING STANDARDS. INITIATIVE STATUTE..YES
000079 ,1,2,023 024 053 123 124 132 188 190 191 226 229 237,PROP_63,NO,288,677,389,0,~  3PA-1,PROPOSITION 63 FIREARMS,NO,284,669,4,8,4,8,66,6.06%,3PA-1.PROPOSITION 63 FIREARMS. AMMUNITION SALES. INITIATIVE STATUTE..NO
000079 ,1,2,023 024 053 123 124 132 188 190 191 226 229 237,PROP_63,YES,354,677,323,0,~  3PA-1,PROPOSITION 63 FIREARMS,YES,350,669,4,8,4,8,66,6.06%,3PA-1.PROPOSITION 63 FIREARMS. AMMUNITION SALES. INITIATIVE STATUTE..YES
000079 ,2,3,023 024 053 124 188 190 191 226 229 237,PROP_64,NO,279,677,398,0,~  3PA-1,PROPOSITION 64 MARIJUAN,NO,275,669,4,8,4,8,109,3.67%,3PA-1.PROPOSITION 64 MARIJUANA LEGALIZATION. INITIATIVE STATUTE..NO
000079 ,2,3,023 024 053 124 188 190 191 226 229 237,PROP_66,NO,360,677,317,2,~  3PA-1,PROPOSITION 66 DEATH PE,NO,356,669,4,8,4,8,127,3.15%,3PA-1.PROPOSITION 66 DEATH PENALTY. PROCEDURES. INITIATIVE STATUTE..NO
000079 ,1,1,023 024 053 123 124 132 188 190 191 226 229 237,USREP,DALE_K_MENSING,141,678,537,1,~  3PA-1,US REPRESENTATIVE IN CO,DALE K. MENSING,137,669,4,9,4,9,357,1.12%,"3PA-1.US REPRESENTATIVE IN CONGRESS, DISTRICT 2.DALE K. MENSING"
000079 ,1,1,023 024 053 123 124 132 188 190 191 226 229 237,USSEN,LORETTA_L_SANCHEZ,160,678,518,1,~  3PA-1,US SENATOR,LORETTA L. SANCHEZ,156,669,4,9,4,9,237,1.69%,3PA-1.US SENATOR.LORETTA L. SANCHEZ
000085 ,1,1,025 026 053 119 190 226 238,PROP_52,NO,123,471,348,1,~  4E-21,PROPOSITION 52 MEDI-CAL,NO,119,468,4,3,4,3,202,1.98%,4E-21.PROPOSITION 52 MEDI-CAL HOSPITAL FEE PROGRAM. INITIATIVE CONSTITUTIONAL AMENDMENT AND STATUTE..NO
000085 ,1,2,025 026 053 119 190 226 238,PROP_57,NO,115,471,356,3,~  4E-21,PROPOSITION 57 CRIMINAL,NO,111,468,4,3,4,3,218,1.83%,4E-21.PROPOSITION 57 CRIMINAL SENTENCES. PAROLE. JUVENILE CRIMINAL PROCEEDINGS AND SENTENCING. INITIATIVE.NO
000085 ,1,2,025 026 053 119 190 226 238,PROP_61,NO,160,471,311,1,~  4E-21,PROPOSITION 61 STATE PR,NO,156,468,4,3,4,3,109,3.67%,4E-21.PROPOSITION 61 STATE PRESCRIPTION DRUG PURCHASES. PRICING STANDARDS. INITIATIVE STATUTE..NO
000085 ,2,3,025 026 053 119 120 190 226 238,PROP_66,YES,196,471,275,2,~  4E-21,PROPOSITION 66 DEATH PE,YES,192,468,4,3,4,3,35,11.43%,4E-21.PROPOSITION 66 DEATH PENALTY. PROCEDURES. INITIATIVE STATUTE..YES
000089 ,2,4,027 028 051 054 117 118 188 189 226 239 242,MEAS_O,NO,274,699,425,4,~  4E-25,MEASURE O CITY OF EUREK,NO,270,700,4,-1,4,1,73,5.48%,4E-25.MEASURE O CITY OF EUREKA LOW INCOME HOUSING UNITS..NO
000097 ,1,2,030 031 054 109 110 198 199 226 229 239 242 243,PROP_56,YES,416,760,344,3,~  4E-54,PROPOSITION 56 CIGARETT,YES,420,771,-4,-11,4,11,92,4.35%,"4E-54.PROPOSITION 56 CIGARETTE TAX TO FUND HEALTHCARE, TOBACCO USE PREVENTION, RESEARCH, AND.YES"
000097 ,1,2,030 031 054 109 110 198 199 226 229 239 242 243,PROP_61,YES,389,760,371,1,~  4E-54,PROPOSITION 61 STATE PR,YES,393,771,-4,-11,4,11,77,5.19%,4E-54.PROPOSITION 61 STATE PRESCRIPTION DRUG PURCHASES. PRICING STANDARDS. INITIATIVE STATUTE..YES
000097 ,2,3,030 031 054 109 110 198 199 226 239 242 243,PROP_67,YES,401,770,369,4,~  4E-54,PROPOSITION 67 BAN ON S,YES,397,771,4,-1,4,1,47,8.51%,4E-54.PROPOSITION 67 BAN ON SINGLE-USE PLASTIC BAGS. REFERENDUM..YES
000098 ,2,3,031 032 111 112 199 227 238 239,MEAS_Q,YES,249,603,354,1,~  4ES-4,MEASURE Q HUMBOLDT COUN,YES,245,603,4,0,4,0,36,11.11%,4ES-4.MEASURE Q HUMBOLDT COUNTY CREATION OF FINANCE DEPARTMENT MEASURE..YES
000098 ,2,3,031 032 111 112 199 227 238 239,MEAS_S,YES,389,603,214,2,~  4ES-4,MEASURE S HUMBOLDT COUN,YES,385,603,4,0,4,0,209,1.91%,4ES-4.MEASURE S HUMBOLDT COUNTY COMMERCIAL MARIJUANA CULTIVATION MEASURE..YES
000098 ,1,1,031 032 111 199 226 227 229 238 239,PROP_51,NO,312,606,294,2,~  4ES-4,PROPOSITION 51 SCHOOL B,NO,308,603,4,3,4,3,42,9.52%,4ES-4.PROPOSITION 51 SCHOOL BONDS. FUNDING FOR K-12 SCHOOL AND COMMUNITY COLLEGE FACILITIES. INITIATIVE.NO
000098 ,1,1,031 032 111 199 226 227 229 238 239,PROP_52,NO,196,606,410,2,~  4ES-4,PROPOSITION 52 MEDI-CAL,NO,192,603,4,3,4,3,184,2.17%,4ES-4.PROPOSITION 52 MEDI-CAL HOSPITAL FEE PROGRAM. INITIATIVE CONSTITUTIONAL AMENDMENT AND STATUTE..NO
000098 ,1,1,031 032 111 199 226 227 229 238 239,PROP_53,YES,267,606,339,2,~  4ES-4,PROPOSITION 53 REVENUE ,YES,263,603,4,3,4,3,30,13.33%,4ES-4.PROPOSITION 53 REVENUE BONDS. STATEWIDE VOTER APPROVAL. INITIATIVE CONSTITUTIONAL AMENDMENT..YES
000098 ,1,1,031 032 111 199 226 227 229 238 239,PROP_55,NO,219,606,387,2,~  4ES-4,PROPOSITION 55 TAX EXTE,NO,215,603,4,3,4,3,141,2.84%,4ES-4.PROPOSITION 55 TAX EXTENSION TO FUND EDUCATION AND HEALTHCARE. INITIATIVE CONSTITUTIONAL AMENDMENT..NO
000098 ,2,3,031 032 111 112 199 227 238 239,PROP_67,YES,329,603,274,1,~  4ES-4,PROPOSITION 67 BAN ON S,YES,325,603,4,0,4,0,69,5.80%,4ES-4.PROPOSITION 67 BAN ON SINGLE-USE PLASTIC BAGS. REFERENDUM..YES
000099 ,2,3,031 113 114 199 200 227 238 242,MEAS_V,NO,308,729,421,0,~  4ES-5,MEASURE V MOBILE HOME P,NO,312,744,-4,-15,4,15,54,7.41%,4ES-5.MEASURE V MOBILE HOME PARK SPACE RENT STABILIZATION..NO
000099 ,1,1,031 113 199 200 227 229 238 242,PROP_51,NO,352,733,381,1,~  4ES-5,PROPOSITION 51 SCHOOL B,NO,356,744,-4,-11,4,11,11,36.36%,4ES-5.PROPOSITION 51 SCHOOL BONDS. FUNDING FOR K-12 SCHOOL AND COMMUNITY COLLEGE FACILITIES. INITIATIVE.NO
000099 ,1,1,031 113 199 200 227 229 238 242,PROP_51,YES,341,733,392,1,~  4ES-5,PROPOSITION 51 SCHOOL B,YES,345,744,-4,-11,4,11,11,36.36%,4ES-5.PROPOSITION 51 SCHOOL BONDS. FUNDING FOR K-12 SCHOOL AND COMMUNITY COLLEGE FACILITIES. INITIATIVE.YES
000099 ,1,1,031 113 199 200 227 229 238 242,PROP_54,YES,424,733,309,1,~  4ES-5,PROPOSITION 54 LEGISLAT,YES,428,744,-4,-11,4,11,164,2.44%,4ES-5.PROPOSITION 54 LEGISLATURE. LEGISLATION AND PROCEEDINGS. INITIATIVE CONSTITUTIONAL AMENDMENT AND.YES
000099 ,1,2,031 113 199 200 227 229 238 242,PROP_60,NO,408,732,324,0,~  4ES-5,PROPOSITION 60 ADULT FI,NO,412,744,-4,-12,4,12,158,2.53%,4ES-5.PROPOSITION 60 ADULT FILMS. CONDOMS. HEALTH REQUIREMENTS. INITIATIVE STATUTE..NO
000099 ,1,2,031 113 199 200 227 229 238 242,PROP_61,NO,332,732,400,2,~  4ES-5,PROPOSITION 61 STATE PR,NO,336,744,-4,-12,4,12,2,200.00%,4ES-5.PROPOSITION 61 STATE PRESCRIPTION DRUG PURCHASES. PRICING STANDARDS. INITIATIVE STATUTE..NO
000099 ,1,2,031 113 199 200 227 229 238 242,PROP_63,NO,338,732,394,0,~  4ES-5,PROPOSITION 63 FIREARMS,NO,342,744,-4,-12,4,12,32,12.50%,4ES-5.PROPOSITION 63 FIREARMS. AMMUNITION SALES. INITIATIVE STATUTE..NO
000100 ,2,3,032 033 112 113 200 201 227 238 242,PROP_67,YES,325,630,305,3,~  4ES-6,PROPOSITION 67 BAN ON S,YES,321,633,4,-3,4,3,35,11.43%,4ES-6.PROPOSITION 67 BAN ON SINGLE-USE PLASTIC BAGS. REFERENDUM..YES
000104 ,2,3,011 012 090 091 202 203 227 229 240,MEAS_R,YES,209,540,331,1,~  5FB,MEASURE R HUMBOLDT COUN,YES,205,542,4,-2,4,2,61,6.56%,5FB.MEASURE R HUMBOLDT COUNTY FINANCE DEPARTMENT ELECTIVE OFFICE MEASURE..YES
000104 ,2,3,011 012 090 091 202 203 227 229 240,MEAS_S,NO,189,540,351,3,~  5FB,MEASURE S HUMBOLDT COUN,NO,185,542,4,-2,4,2,146,2.74%,5FB.MEASURE S HUMBOLDT COUNTY COMMERCIAL MARIJUANA CULTIVATION MEASURE..NO
000109 ,1,1,013 049 055 056 089 090 203 204 227 229 240,PROP_52,YES,452,789,337,5,~  5KT-6,PROPOSITION 52 MEDI-CAL,YES,448,788,4,1,4,1,170,2.35%,5KT-6.PROPOSITION 52 MEDI-CAL HOSPITAL FEE PROGRAM. INITIATIVE CONSTITUTIONAL AMENDMENT AND STATUTE..YES
000112 ,1,1,012 013 049 092 093 204 205 227 229 240,PRES,HILLARY_CLINTON,495,830,335,2,~  5MK-1,PRESIDENT AND VICE PRES,HILLARY CLINTON      ,491,831,4,-1,4,1,257,1.56%,5MK-1.PRESIDENT AND VICE PRESIDENT.HILLARY CLINTON      and TIM KAINE
000113 ,1,1,014 051 092 205 206 227 229 240,PRES,DONALD_J_TRUMP,239,746,507,0,~  5MK-2,PRESIDENT AND VICE PRES,DONALD J. TRUMP      ,243,755,-4,-9,4,9,159,2.52%,5MK-2.PRESIDENT AND VICE PRESIDENT.DONALD J. TRUMP      and MICHAEL R. PENCE
000113 ,1,1,014 051 092 205 206 227 229 240,PROP_51,NO,356,746,390,1,~  5MK-2,PROPOSITION 51 SCHOOL B,NO,360,755,-4,-9,4,9,6,66.67%,5MK-2.PROPOSITION 51 SCHOOL BONDS. FUNDING FOR K-12 SCHOOL AND COMMUNITY COLLEGE FACILITIES. INITIATIVE.NO
000113 ,1,1,014 051 092 205 206 227 229 240,PROP_55,YES,453,746,293,2,~  5MK-2,PROPOSITION 55 TAX EXTE,YES,457,755,-4,-9,4,9,197,2.03%,5MK-2.PROPOSITION 55 TAX EXTENSION TO FUND EDUCATION AND HEALTHCARE. INITIATIVE CONSTITUTIONAL AMENDMENT..YES
000113 ,2,3,014 051 091 092 205 206 227 229 240,PROP_64,YES,429,753,324,3,~  5MK-2,PROPOSITION 64 MARIJUAN,YES,425,755,4,-2,4,2,116,3.45%,5MK-2.PROPOSITION 64 MARIJUANA LEGALIZATION. INITIATIVE STATUTE..YES
000113 ,1,1,014 051 092 205 206 227 229 240,USREP,DALE_K_MENSING,210,746,536,2,~  5MK-2,US REPRESENTATIVE IN CO,DALE K. MENSING,214,755,-4,-9,4,9,272,1.47%,"5MK-2.US REPRESENTATIVE IN CONGRESS, DISTRICT 2.DALE K. MENSING"
000115 ,1,2,014 015 050 051 095 096 206 207 227 240,PROP_56,NO,320,860,540,4,~  5MK-4,PROPOSITION 56 CIGARETT,NO,316,860,4,0,4,0,200,2.00%,"5MK-4.PROPOSITION 56 CIGARETTE TAX TO FUND HEALTHCARE, TOBACCO USE PREVENTION, RESEARCH, AND.NO"
000115 ,1,2,014 015 050 051 095 096 206 207 227 240,PROP_59,NO,343,860,517,3,~  5MK-4,PROPOSITION 59 CORPORAT,NO,339,860,4,0,4,0,95,4.21%,5MK-4.PROPOSITION 59 CORPORATIONS. POLITICAL SPENDING. FEDERAL CONSTITUTIONAL PROTECTIONS..NO
000117 ,2,3,015 016 054 055 097 208 209 228 241,MEAS_V,YES,420,751,331,4,~  5MK-5,MEASURE V MOBILE HOME P,YES,416,755,4,-4,4,4,132,3.03%,5MK-5.MEASURE V MOBILE HOME PARK SPACE RENT STABILIZATION..YES
000126 ,1,1,017 018 056 103 104 212 213 228 229 241 243,PROP_53,NO,379,701,322,6,~  5TU-1,PROPOSITION 53 REVENUE ,NO,375,702,4,-1,4,1,113,3.54%,5TU-1.PROPOSITION 53 REVENUE BONDS. STATEWIDE VOTER APPROVAL. INITIATIVE CONSTITUTIONAL AMENDMENT..NO
000126 ,1,2,017 018 056 103 104 212 213 228 229 241,PROP_56,NO,223,670,447,2,~  5TU-1,PROPOSITION 56 CIGARETT,NO,227,702,-4,-32,4,32,222,1.80%,"5TU-1.PROPOSITION 56 CIGARETTE TAX TO FUND HEALTHCARE, TOBACCO USE PREVENTION, RESEARCH, AND.NO"
000126 ,1,2,017 018 056 103 104 212 213 228 229 241,PROP_57,NO,140,670,530,0,~  5TU-1,PROPOSITION 57 CRIMINAL,NO,144,702,-4,-32,4,32,370,1.08%,5TU-1.PROPOSITION 57 CRIMINAL SENTENCES. PAROLE. JUVENILE CRIMINAL PROCEEDINGS AND SENTENCING. INITIATIVE.NO
000126 ,2,3,017 018 056 104 212 213 228 229 241 243,PROP_65,YES,279,698,419,4,~  5TU-1,PROPOSITION 65 CARRYOUT,YES,275,702,4,-4,4,4,111,3.60%,5TU-1.PROPOSITION 65 CARRYOUT BAGS. CHARGES. INITIATIVE STATUTE..YES
000127 ,1,2,017 056 105 106 213 229 240 241,PROP_57,NO,113,583,470,2,~  5TU-4,PROPOSITION 57 CRIMINAL,NO,117,614,-4,-31,4,31,339,1.18%,5TU-4.PROPOSITION 57 CRIMINAL SENTENCES. PAROLE. JUVENILE CRIMINAL PROCEEDINGS AND SENTENCING. INITIATIVE.NO
000127 ,1,2,017 056 105 106 213 229 240 241,PROP_58,NO,86,583,497,1,~  5TU-4,PROPOSITION 58 ENGLISH ,NO,90,614,-4,-31,4,31,387,1.03%,5TU-4.PROPOSITION 58 ENGLISH PROFICIENCY. MULTILINGUAL EDUCATION. INITIATIVE STATUTE..NO
000127 ,1,2,017 056 105 106 213 229 240 241,PROP_60,YES,205,583,378,4,~  5TU-4,PROPOSITION 60 ADULT FI,YES,209,614,-4,-31,4,31,132,3.03%,5TU-4.PROPOSITION 60 ADULT FILMS. CONDOMS. HEALTH REQUIREMENTS. INITIATIVE STATUTE..YES
000001 ,1,1,000 042 056 149 150 223 232 243,PROP_53,NO,315,632,317,3,~  1CS-1,PROPOSITION 53 REVENUE ,NO,312,630,3,2,3,2,50,6.00%,1CS-1.PROPOSITION 53 REVENUE BONDS. STATEWIDE VOTER APPROVAL. INITIATIVE CONSTITUTIONAL AMENDMENT..NO
000001 ,1,2,000 042 056 149 150 196 223 232 243,PROP_57,NO,208,633,425,1,~  1CS-1,PROPOSITION 57 CRIMINAL,NO,205,630,3,3,3,3,178,1.69%,1CS-1.PROPOSITION 57 CRIMINAL SENTENCES. PAROLE. JUVENILE CRIMINAL PROCEEDINGS AND SENTENCING. INITIATIVE.NO
000001 ,2,3,000 042 056 057 150 223 232 243,PROP_64,NO,256,632,376,3,~  1CS-1,PROPOSITION 64 MARIJUAN,NO,253,630,3,2,3,2,101,2.97%,1CS-1.PROPOSITION 64 MARIJUANA LEGALIZATION. INITIATIVE STATUTE..NO
000001 ,1,1,000 042 056 149 150 223 232 243,USSEN,KAMALA_D_HARRIS,326,632,306,3,~  1CS-1,US SENATOR,KAMALA D. HARRIS,323,630,3,2,3,2,162,1.85%,1CS-1.US SENATOR.KAMALA D. HARRIS
000001 ,1,1,000 042 056 149 150 223 232 243,USSEN,LORETTA_L_SANCHEZ,164,632,468,3,~  1CS-1,US SENATOR,LORETTA L. SANCHEZ,161,630,3,2,3,2,162,1.85%,1CS-1.US SENATOR.LORETTA L. SANCHEZ
000002 ,1,1,000 041 042 057 149 223 232 243,PROP_55,NO,276,661,385,3,~  1CS-2,PROPOSITION 55 TAX EXTE,NO,273,661,3,0,3,0,86,3.49%,1CS-2.PROPOSITION 55 TAX EXTENSION TO FUND EDUCATION AND HEALTHCARE. INITIATIVE CONSTITUTIONAL AMENDMENT..NO
000003 ,1,2,000 041 058 148 149 223 232,PROP_61,NO,316,651,335,4,~  1CS-3,PROPOSITION 61 STATE PR,NO,313,650,3,1,3,1,32,9.38%,1CS-3.PROPOSITION 61 STATE PRESCRIPTION DRUG PURCHASES. PRICING STANDARDS. INITIATIVE STATUTE..NO
000003 ,1,2,000 041 058 148 149 223 232,PROP_62,NO,355,651,296,3,~  1CS-3,PROPOSITION 62 DEATH PE,NO,352,650,3,1,3,1,98,3.06%,1CS-3.PROPOSITION 62 DEATH PENALTY. INITIATIVE STATUTE..NO
000003 ,1,2,000 041 058 148 149 223 232,PROP_63,NO,330,651,321,5,~  1CS-3,PROPOSITION 63 FIREARMS,NO,327,650,3,1,3,1,37,8.11%,1CS-3.PROPOSITION 63 FIREARMS. AMMUNITION SALES. INITIATIVE STATUTE..NO
000003 ,1,2,000 041 058 148 149 223 232,PROP_63,YES,293,651,358,5,~  1CS-3,PROPOSITION 63 FIREARMS,YES,290,650,3,1,3,1,37,8.11%,1CS-3.PROPOSITION 63 FIREARMS. AMMUNITION SALES. INITIATIVE STATUTE..YES
000003 ,2,3,000 041 058 059 148 149 223 232,PROP_66,NO,321,651,330,4,~  1CS-3,PROPOSITION 66 DEATH PE,NO,318,650,3,1,3,1,59,5.08%,1CS-3.PROPOSITION 66 DEATH PENALTY. PROCEDURES. INITIATIVE STATUTE..NO
000004 ,1,2,001 040 059 060 147 148 223 232 243,PROP_60,YES,256,705,449,3,~  1CS-4,PROPOSITION 60 ADULT FI,YES,253,706,3,-1,3,1,139,2.16%,1CS-4.PROPOSITION 60 ADULT FILMS. CONDOMS. HEALTH REQUIREMENTS. INITIATIVE STATUTE..YES
000005 ,2,4,001 038 039 060 061 146 147 223 233,MEAS_O,NO,287,737,450,3,~  1E-36,MEASURE O CITY OF EUREK,NO,284,737,3,0,3,0,81,3.70%,1E-36.MEASURE O CITY OF EUREKA LOW INCOME HOUSING UNITS..NO
000006 ,2,4,000 001 038 061 062 146 223 233,MEAS_P,NO,308,674,366,4,~  1E-43,MEASURE P CITY OF EUREK,NO,305,674,3,0,3,0,1,300.00%,1E-43.MEASURE P CITY OF EUREKA CHARTER AMENDMENT MEASURE..NO
000006 ,2,4,000 001 038 061 062 146 223 233,MEAS_P,YES,307,674,367,4,~  1E-43,MEASURE P CITY OF EUREK,YES,304,674,3,0,3,0,1,300.00%,1E-43.MEASURE P CITY OF EUREKA CHARTER AMENDMENT MEASURE..YES
000006 ,1,2,000 001 038 061 062 146 223 233,PROP_56,YES,368,674,306,3,~  1E-43,PROPOSITION 56 CIGARETT,YES,365,674,3,0,3,0,93,3.23%,"1E-43.PROPOSITION 56 CIGARETTE TAX TO FUND HEALTHCARE, TOBACCO USE PREVENTION, RESEARCH, AND.YES"
000007 ,2,4,002 038 063 151 152 223 224 233 243,MEAS_O,NO,299,695,396,2,~  1E-45,MEASURE O CITY OF EUREK,NO,296,697,3,-2,3,2,6,50.00%,1E-45.MEASURE O CITY OF EUREKA LOW INCOME HOUSING UNITS..NO
000007 ,2,3,002 038 063 151 152 223 224 233 243,MEAS_S,YES,490,695,205,1,~  1E-45,MEASURE S HUMBOLDT COUN,YES,487,697,3,-2,3,2,316,0.95%,1E-45.MEASURE S HUMBOLDT COUNTY COMMERCIAL MARIJUANA CULTIVATION MEASURE..YES
000007 ,2,3,002 038 063 151 152 223 224 233 243,PROP_64,YES,396,695,299,3,~  1E-45,PROPOSITION 64 MARIJUAN,YES,393,697,3,-2,3,2,108,2.78%,1E-45.PROPOSITION 64 MARIJUANA LEGALIZATION. INITIATIVE STATUTE..YES
000007 ,2,3,002 038 063 151 152 223 224 233 243,PROP_65,NO,427,695,268,5,~  1E-45,PROPOSITION 65 CARRYOUT,NO,424,697,3,-2,3,2,197,1.52%,1E-45.PROPOSITION 65 CARRYOUT BAGS. CHARGES. INITIATIVE STATUTE..NO
000007 ,2,3,002 038 063 151 152 223 224 233 243,PROP_66,YES,265,695,430,1,~  1E-45,PROPOSITION 66 DEATH PE,YES,262,697,3,-2,3,2,86,3.49%,1E-45.PROPOSITION 66 DEATH PENALTY. PROCEDURES. INITIATIVE STATUTE..YES
000007 ,1,1,002 038 062 063 151 152 223 224 229 233 243,USSEN,KAMALA_D_HARRIS,372,696,324,3,~  1E-45,US SENATOR,KAMALA D. HARRIS,369,697,3,-1,3,1,213,1.41%,1E-45.US SENATOR.KAMALA D. HARRIS
000010 ,1,2,001 002 037 038 064 065 153 154 224 233,PROP_60,NO,458,877,419,1,~  1ES-1,PROPOSITION 60 ADULT FI,NO,461,883,-3,-6,3,6,125,2.40%,1ES-1.PROPOSITION 60 ADULT FILMS. CONDOMS. HEALTH REQUIREMENTS. INITIATIVE STATUTE..NO
000010 ,1,2,001 002 037 038 064 065 153 154 224 233,PROP_61,YES,428,877,449,3,~  1ES-1,PROPOSITION 61 STATE PR,YES,431,883,-3,-6,3,6,59,5.08%,1ES-1.PROPOSITION 61 STATE PRESCRIPTION DRUG PURCHASES. PRICING STANDARDS. INITIATIVE STATUTE..YES
000010 ,1,2,001 002 037 038 064 065 153 154 224 233,PROP_62,YES,393,877,484,1,~  1ES-1,PROPOSITION 62 DEATH PE,YES,396,883,-3,-6,3,6,42,7.14%,1ES-1.PROPOSITION 62 DEATH PENALTY. INITIATIVE STATUTE..YES
000010 ,1,2,001 002 037 038 064 065 153 154 224 233,PROP_63,NO,406,877,471,0,~  1ES-1,PROPOSITION 63 FIREARMS,NO,409,883,-3,-6,3,6,25,12.00%,1ES-1.PROPOSITION 63 FIREARMS. AMMUNITION SALES. INITIATIVE STATUTE..NO
000010 ,1,2,001 002 037 038 064 065 153 154 224 233,PROP_63,YES,431,877,446,0,~  1ES-1,PROPOSITION 63 FIREARMS,YES,434,883,-3,-6,3,6,25,12.00%,1ES-1.PROPOSITION 63 FIREARMS. AMMUNITION SALES. INITIATIVE STATUTE..YES
000011 ,1,2,003 040 041 069 070 152 153 224 233 234,PROP_60,YES,285,851,566,5,~  1F--1,PROPOSITION 60 ADULT FI,YES,282,853,3,-2,3,2,197,1.52%,1F--1.PROPOSITION 60 ADULT FILMS. CONDOMS. HEALTH REQUIREMENTS. INITIATIVE STATUTE..YES
000011 ,2,3,003 040 041 070 071 152 153 224 233 234,PROP_66,NO,424,853,429,5,~  1F--1,PROPOSITION 66 DEATH PE,NO,421,853,3,0,3,0,99,3.03%,1F--1.PROPOSITION 66 DEATH PENALTY. PROCEDURES. INITIATIVE STATUTE..NO
000011 ,2,3,003 040 041 070 071 152 153 224 233 234,PROP_66,YES,325,853,528,5,~  1F--1,PROPOSITION 66 DEATH PE,YES,322,853,3,0,3,0,99,3.03%,1F--1.PROPOSITION 66 DEATH PENALTY. PROCEDURES. INITIATIVE STATUTE..YES
000011 ,2,3,003 040 041 070 071 152 153 224 233 234,PROP_67,NO,403,853,450,3,~  1F--1,PROPOSITION 67 BAN ON S,NO,400,853,3,0,3,0,2,150.00%,1F--1.PROPOSITION 67 BAN ON SINGLE-USE PLASTIC BAGS. REFERENDUM..NO
000013 ,1,1,003 039 065 066 154 155 224 229 234,PROP_55,NO,349,680,331,5,~  1FS,PROPOSITION 55 TAX EXTE,NO,346,680,3,0,3,0,54,5.56%,1FS.PROPOSITION 55 TAX EXTENSION TO FUND EDUCATION AND HEALTHCARE. INITIATIVE CONSTITUTIONAL AMENDMENT..NO
000013 ,1,2,003 039 065 066 154 155 224 229 234,PROP_57,NO,342,680,338,3,~  1FS,PROPOSITION 57 CRIMINAL,NO,339,680,3,0,3,0,45,6.67%,1FS.PROPOSITION 57 CRIMINAL SENTENCES. PAROLE. JUVENILE CRIMINAL PROCEEDINGS AND SENTENCING. INITIATIVE.NO
000013 ,2,3,003 039 066 067 154 155 224 234,PROP_64,YES,313,677,364,2,~  1FS,PROPOSITION 64 MARIJUAN,YES,310,680,3,-3,3,3,36,8.33%,1FS.PROPOSITION 64 MARIJUANA LEGALIZATION. INITIATIVE STATUTE..YES
000013 ,2,3,003 039 066 067 154 155 224 234,PROP_65,NO,443,677,234,4,~  1FS,PROPOSITION 65 CARRYOUT,NO,440,680,3,-3,3,3,251,1.20%,1FS.PROPOSITION 65 CARRYOUT BAGS. CHARGES. INITIATIVE STATUTE..NO
000017 ,2,3,002 003 040 098 154 224 232 233,PROP_64,NO,278,609,331,2,~  1LU,PROPOSITION 64 MARIJUAN,NO,275,609,3,0,3,0,44,6.82%,1LU.PROPOSITION 64 MARIJUANA LEGALIZATION. INITIATIVE STATUTE..NO
000021 ,2,3,004 005 039 040 069 155 156 224 233 243,MEAS_Q,YES,437,1055,618,3,~  1SB-1,MEASURE Q HUMBOLDT COUN,YES,434,1059,3,-4,3,4,66,4.55%,1SB-1.MEASURE Q HUMBOLDT COUNTY CREATION OF FINANCE DEPARTMENT MEASURE..YES
000021 ,1,1,004 005 039 040 068 069 155 156 224 229 233 243,PROP_55,NO,402,1059,657,3,~  1SB-1,PROPOSITION 55 TAX EXTE,NO,399,1059,3,0,3,0,207,1.45%,1SB-1.PROPOSITION 55 TAX EXTENSION TO FUND EDUCATION AND HEALTHCARE. INITIATIVE CONSTITUTIONAL AMENDMENT..NO
000021 ,1,2,004 005 039 040 068 069 155 156 224 229 233 243,PROP_61,YES,490,1059,569,14,~  1SB-1,PROPOSITION 61 STATE PR,YES,487,1059,3,0,3,0,16,18.75%,1SB-1.PROPOSITION 61 STATE PRESCRIPTION DRUG PURCHASES. PRICING STANDARDS. INITIATIVE STATUTE..YES
000021 ,1,2,004 005 039 040 068 069 155 156 224 229 233 243,PROP_62,NO,605,1059,454,5,~  1SB-1,PROPOSITION 62 DEATH PE,NO,602,1059,3,0,3,0,215,1.40%,1SB-1.PROPOSITION 62 DEATH PENALTY. INITIATIVE STATUTE..NO
000021 ,1,2,004 005 039 040 068 069 155 156 224 229 233 243,PROP_62,YES,390,1059,669,5,~  1SB-1,PROPOSITION 62 DEATH PE,YES,387,1059,3,0,3,0,215,1.40%,1SB-1.PROPOSITION 62 DEATH PENALTY. INITIATIVE STATUTE..YES
000022 ,1,1,003 004 043 067 068 156 157 224 229 233 243,PROP_51,YES,429,944,515,4,~  1SB-4,PROPOSITION 51 SCHOOL B,YES,426,944,3,0,3,0,37,8.11%,1SB-4.PROPOSITION 51 SCHOOL BONDS. FUNDING FOR K-12 SCHOOL AND COMMUNITY COLLEGE FACILITIES. INITIATIVE.YES
000022 ,1,2,003 004 043 067 068 156 157 224 229 233 243,PROP_62,NO,508,944,436,14,~  1SB-4,PROPOSITION 62 DEATH PE,NO,505,944,3,0,3,0,134,2.24%,1SB-4.PROPOSITION 62 DEATH PENALTY. INITIATIVE STATUTE..NO
000022 ,1,2,003 004 043 067 068 156 157 224 229 233 243,PROP_63,NO,493,944,451,10,~  1SB-4,PROPOSITION 63 FIREARMS,NO,490,944,3,0,3,0,81,3.70%,1SB-4.PROPOSITION 63 FIREARMS. AMMUNITION SALES. INITIATIVE STATUTE..NO
000022 ,2,3,003 004 043 067 156 157 224 233 243,PROP_67,YES,478,940,462,6,~  1SB-4,PROPOSITION 67 BAN ON S,YES,475,944,3,-4,3,4,46,6.52%,1SB-4.PROPOSITION 67 BAN ON SINGLE-USE PLASTIC BAGS. REFERENDUM..YES
000023 ,2,3,005 042 043 067 072 159 160 224 233 243,MEAS_S,YES,551,831,280,3,~  1SB10,MEASURE S HUMBOLDT COUN,YES,548,831,3,0,3,0,303,0.99%,1SB10.MEASURE S HUMBOLDT COUNTY COMMERCIAL MARIJUANA CULTIVATION MEASURE..YES
000023 ,1,1,005 042 043 072 073 159 160 224 229 233 243,PROP_53,NO,371,832,461,3,~  1SB10,PROPOSITION 53 REVENUE ,NO,368,831,3,1,3,1,41,7.32%,1SB10.PROPOSITION 53 REVENUE BONDS. STATEWIDE VOTER APPROVAL. INITIATIVE CONSTITUTIONAL AMENDMENT..NO
000023 ,1,1,005 042 043 072 073 159 160 224 229 233 243,PROP_54,NO,304,832,528,3,~  1SB10,PROPOSITION 54 LEGISLAT,NO,301,831,3,1,3,1,175,1.71%,1SB10.PROPOSITION 54 LEGISLATURE. LEGISLATION AND PROCEEDINGS. INITIATIVE CONSTITUTIONAL AMENDMENT AND.NO
000023 ,1,2,005 042 043 072 073 159 160 224 229 233 243,PROP_57,NO,288,832,544,3,~  1SB10,PROPOSITION 57 CRIMINAL,NO,285,831,3,1,3,1,225,1.33%,1SB10.PROPOSITION 57 CRIMINAL SENTENCES. PAROLE. JUVENILE CRIMINAL PROCEEDINGS AND SENTENCING. INITIATIVE.NO
000023 ,1,2,005 042 043 072 073 159 160 224 229 233 243,PROP_59,NO,325,832,507,3,~  1SB10,PROPOSITION 59 CORPORAT,NO,322,831,3,1,3,1,106,2.83%,1SB10.PROPOSITION 59 CORPORATIONS. POLITICAL SPENDING. FEDERAL CONSTITUTIONAL PROTECTIONS..NO
000023 ,1,2,005 042 043 072 073 159 160 224 229 233 243,PROP_61,YES,428,832,404,4,~  1SB10,PROPOSITION 61 STATE PR,YES,425,831,3,1,3,1,88,3.41%,1SB10.PROPOSITION 61 STATE PRESCRIPTION DRUG PURCHASES. PRICING STANDARDS. INITIATIVE STATUTE..YES
000023 ,2,3,005 042 043 067 072 159 160 224 233 243,PROP_65,YES,301,831,530,3,~  1SB10,PROPOSITION 65 CARRYOUT,YES,298,831,3,0,3,0,194,1.55%,1SB10.PROPOSITION 65 CARRYOUT BAGS. CHARGES. INITIATIVE STATUTE..YES
000023 ,1,1,005 042 043 072 073 159 160 224 229 233 243,STATEASS2,KEN_ANTON,273,832,559,2,~  1SB10,"STATE ASSEMBLY, DISTRIC",KEN ANTON,270,831,3,1,3,1,180,1.67%,"1SB10.STATE ASSEMBLY, DISTRICT 2.KEN ANTON"
000023 ,1,1,005 042 043 072 073 159 160 224 229 233 243,USREP,JARED_W_HUFFMAN,510,832,322,3,~  1SB10,US REPRESENTATIVE IN CO,JARED W. HUFFMAN,507,831,3,1,3,1,226,1.33%,"1SB10.US REPRESENTATIVE IN CONGRESS, DISTRICT 2.JARED W. HUFFMAN"
000027 ,1,2,005 051 052 077 160 224 234,PROP_62,YES,121,387,266,2,~  2CU,PROPOSITION 62 DEATH PE,YES,118,387,3,0,3,0,122,2.46%,2CU.PROPOSITION 62 DEATH PENALTY. INITIATIVE STATUTE..YES
000028 ,2,3,005 006 046 047 048 053 073 074 158 159 224 234 243,MEAS_R,NO,390,794,404,4,~  2F--2,MEASURE R HUMBOLDT COUN,NO,387,798,3,-4,3,4,89,3.37%,2F--2.MEASURE R HUMBOLDT COUNTY FINANCE DEPARTMENT ELECTIVE OFFICE MEASURE..NO
000028 ,2,3,005 006 046 047 048 053 073 074 158 159 224 234 243,PROP_65,YES,305,794,489,3,~  2F--2,PROPOSITION 65 CARRYOUT,YES,302,798,3,-4,3,4,142,2.11%,2F--2.PROPOSITION 65 CARRYOUT BAGS. CHARGES. INITIATIVE STATUTE..YES
000028 ,2,3,005 006 046 047 048 053 073 074 158 159 224 234 243,PROP_67,NO,386,794,408,3,~  2F--2,PROPOSITION 67 BAN ON S,NO,383,798,3,-4,3,4,14,21.43%,2F--2.PROPOSITION 67 BAN ON SINGLE-USE PLASTIC BAGS. REFERENDUM..NO
000029 ,1,2,006 007 046 075 157 158 224 229 234,PROP_58,YES,373,535,162,0,~  2F--3,PROPOSITION 58 ENGLISH ,YES,376,538,-3,-3,3,3,250,1.20%,2F--3.PROPOSITION 58 ENGLISH PROFICIENCY. MULTILINGUAL EDUCATION. INITIATIVE STATUTE..YES
000030 ,2,3,007 009 046 074 162 163 224 234 243,MEAS_Q,NO,329,743,414,4,~  2F--4,MEASURE Q HUMBOLDT COUN,NO,326,743,3,0,3,0,14,21.43%,2F--4.MEASURE Q HUMBOLDT COUNTY CREATION OF FINANCE DEPARTMENT MEASURE..NO
000030 ,2,3,007 009 046 074 162 163 224 234 243,MEAS_V,NO,362,743,381,4,~  2F--4,MEASURE V MOBILE HOME P,NO,359,743,3,0,3,0,44,6.82%,2F--4.MEASURE V MOBILE HOME PARK SPACE RENT STABILIZATION..NO
000031 ,2,4,008 047 048 080 081 161 162 224 225 235 243,MEAS_E,YES,479,901,422,2,~  2F-R1,MEASURE E FORTUNA POLIC,YES,482,908,-3,-7,3,7,104,2.88%,2F-R1.MEASURE E FORTUNA POLICE AND ESSENTIAL SERVICES MEASURE..YES
000031 ,2,3,008 047 048 080 081 161 162 224 225 235 243,MEAS_R,YES,319,906,587,4,~  2F-R1,MEASURE R HUMBOLDT COUN,YES,316,908,3,-2,3,2,174,1.72%,2F-R1.MEASURE R HUMBOLDT COUNTY FINANCE DEPARTMENT ELECTIVE OFFICE MEASURE..YES
000031 ,1,2,008 047 048 080 161 162 224 225 229 235,PROP_56,YES,468,900,432,1,~  2F-R1,PROPOSITION 56 CIGARETT,YES,471,908,-3,-8,3,8,66,4.55%,"2F-R1.PROPOSITION 56 CIGARETTE TAX TO FUND HEALTHCARE, TOBACCO USE PREVENTION, RESEARCH, AND.YES"
000031 ,2,3,008 047 048 080 081 161 162 224 225 235 243,PROP_64,YES,400,906,506,4,~  2F-R1,PROPOSITION 64 MARIJUAN,YES,397,908,3,-2,3,2,81,3.70%,2F-R1.PROPOSITION 64 MARIJUANA LEGALIZATION. INITIATIVE STATUTE..YES
000031 ,2,3,008 047 048 080 081 161 162 224 225 235 243,PROP_67,NO,498,906,408,3,~  2F-R1,PROPOSITION 67 BAN ON S,NO,495,908,3,-2,3,2,130,2.31%,2F-R1.PROPOSITION 67 BAN ON SINGLE-USE PLASTIC BAGS. REFERENDUM..NO
000032 ,1,2,006 048 053 087 088 164 225 229 235,PROP_62,NO,456,676,220,3,~  2F-R2,PROPOSITION 62 DEATH PE,NO,453,676,3,0,3,0,271,1.11%,2F-R2.PROPOSITION 62 DEATH PENALTY. INITIATIVE STATUTE..NO
000033 ,2,3,007 008 047 079 163 164 225 235,MEAS_R,YES,218,638,420,2,~  2F-R3,MEASURE R HUMBOLDT COUN,YES,215,643,3,-5,3,5,133,2.26%,2F-R3.MEASURE R HUMBOLDT COUNTY FINANCE DEPARTMENT ELECTIVE OFFICE MEASURE..YES
000033 ,1,1,007 008 047 079 080 163 164 225 229 235,PROP_51,YES,231,644,413,1,~  2F-R3,PROPOSITION 51 SCHOOL B,YES,228,643,3,1,3,1,151,1.99%,2F-R3.PROPOSITION 51 SCHOOL BONDS. FUNDING FOR K-12 SCHOOL AND COMMUNITY COLLEGE FACILITIES. INITIATIVE.YES
000033 ,1,1,007 008 047 079 080 163 164 225 229 235,PROP_54,NO,257,644,387,4,~  2F-R3,PROPOSITION 54 LEGISLAT,NO,254,643,3,1,3,1,74,4.05%,2F-R3.PROPOSITION 54 LEGISLATURE. LEGISLATION AND PROCEEDINGS. INITIATIVE CONSTITUTIONAL AMENDMENT AND.NO
000033 ,1,2,007 008 047 079 080 163 164 225 229 235,PROP_55,NO,267,641,374,0,~  2F-R3,PROPOSITION 55 TAX EXTE,NO,270,643,-3,-2,3,2,63,4.76%,2F-R3.PROPOSITION 55 TAX EXTENSION TO FUND EDUCATION AND HEALTHCARE. INITIATIVE CONSTITUTIONAL AMENDMENT..NO
000033 ,1,2,007 008 047 079 080 163 164 225 229 235,PROP_56,NO,306,641,335,1,~  2F-R3,PROPOSITION 56 CIGARETT,NO,309,643,-3,-2,3,2,1,300.00%,"2F-R3.PROPOSITION 56 CIGARETTE TAX TO FUND HEALTHCARE, TOBACCO USE PREVENTION, RESEARCH, AND.NO"
000033 ,1,2,007 008 047 079 080 163 164 225 229 235,PROP_57,NO,314,641,327,0,~  2F-R3,PROPOSITION 57 CRIMINAL,NO,317,643,-3,-2,3,2,40,7.50%,2F-R3.PROPOSITION 57 CRIMINAL SENTENCES. PAROLE. JUVENILE CRIMINAL PROCEEDINGS AND SENTENCING. INITIATIVE.NO
000033 ,2,3,007 008 047 079 163 164 225 235,PROP_64,NO,342,638,296,3,~  2F-R3,PROPOSITION 64 MARIJUAN,NO,339,643,3,-5,3,5,53,5.66%,2F-R3.PROPOSITION 64 MARIJUANA LEGALIZATION. INITIATIVE STATUTE..NO
000034 ,1,1,009 047 077 078 079 164 165 225 229 235,USSEN,KAMALA_D_HARRIS,282,623,341,1,~  2F-R4,US SENATOR,KAMALA D. HARRIS,279,622,3,1,3,1,108,2.78%,2F-R4.US SENATOR.KAMALA D. HARRIS
000035 ,1,2,008 009 049 076 165 166 224 235 243,PROP_63,YES,185,667,482,4,~  2HV-1,PROPOSITION 63 FIREARMS,YES,182,667,3,0,3,0,287,1.05%,2HV-1.PROPOSITION 63 FIREARMS. AMMUNITION SALES. INITIATIVE STATUTE..YES
000037 ,1,2,010 049 086 166 167 225 229 234,PROP_55,YES,280,509,229,0,~  2R--1,PROPOSITION 55 TAX EXTE,YES,283,514,-3,-5,3,5,87,3.45%,2R--1.PROPOSITION 55 TAX EXTENSION TO FUND EDUCATION AND HEALTHCARE. INITIATIVE CONSTITUTIONAL AMENDMENT..YES
000037 ,1,2,010 049 086 166 167 225 229 234,PROP_56,NO,286,509,223,1,~  2R--1,PROPOSITION 56 CIGARETT,NO,289,514,-3,-5,3,5,84,3.57%,"2R--1.PROPOSITION 56 CIGARETTE TAX TO FUND HEALTHCARE, TOBACCO USE PREVENTION, RESEARCH, AND.NO"
000037 ,1,2,010 049 086 166 167 225 229 234,PROP_57,YES,250,509,259,1,~  2R--1,PROPOSITION 57 CRIMINAL,YES,253,514,-3,-5,3,5,23,13.04%,2R--1.PROPOSITION 57 CRIMINAL SENTENCES. PAROLE. JUVENILE CRIMINAL PROCEEDINGS AND SENTENCING. INITIATIVE.YES
000037 ,1,2,010 049 086 166 167 225 229 234,PROP_60,YES,216,509,293,2,~  2R--1,PROPOSITION 60 ADULT FI,YES,219,514,-3,-5,3,5,34,8.82%,2R--1.PROPOSITION 60 ADULT FILMS. CONDOMS. HEALTH REQUIREMENTS. INITIATIVE STATUTE..YES
000037 ,2,3,010 049 086 087 166 167 225 234,PROP_63,NO,321,513,192,4,~  2R--1,PROPOSITION 63 FIREARMS,NO,318,514,3,-1,3,1,140,2.14%,2R--1.PROPOSITION 63 FIREARMS. AMMUNITION SALES. INITIATIVE STATUTE..NO
000037 ,2,3,010 049 086 087 166 167 225 234,PROP_67,NO,287,513,226,3,~  2R--1,PROPOSITION 67 BAN ON S,NO,284,514,3,-1,3,1,85,3.53%,2R--1.PROPOSITION 67 BAN ON SINGLE-USE PLASTIC BAGS. REFERENDUM..NO
000038 ,2,3,006 009 010 047 048 085 086 167 225 234 235,MEAS_Q,NO,327,627,300,2,~  2R--2,MEASURE Q HUMBOLDT COUN,NO,324,629,3,-2,3,2,107,2.80%,2R--2.MEASURE Q HUMBOLDT COUNTY CREATION OF FINANCE DEPARTMENT MEASURE..NO
000038 ,2,3,006 009 010 047 048 085 086 167 225 234 235,PROP_67,YES,219,627,408,2,~  2R--2,PROPOSITION 67 BAN ON S,YES,216,629,3,-2,3,2,158,1.90%,2R--2.PROPOSITION 67 BAN ON SINGLE-USE PLASTIC BAGS. REFERENDUM..YES
000039 ,1,2,008 009 052 078 167 168 225 235,PROP_57,NO,110,243,133,2,~  2RV-1,PROPOSITION 57 CRIMINAL,NO,107,241,3,2,3,2,18,16.67%,2RV-1.PROPOSITION 57 CRIMINAL SENTENCES. PAROLE. JUVENILE CRIMINAL PROCEEDINGS AND SENTENCING. INITIATIVE.NO
000039 ,1,2,008 009 052 078 167 168 225 235,PROP_63,NO,153,243,90,2,~  2RV-1,PROPOSITION 63 FIREARMS,NO,150,241,3,2,3,2,67,4.48%,2RV-1.PROPOSITION 63 FIREARMS. AMMUNITION SALES. INITIATIVE STATUTE..NO
000039 ,1,1,008 009 052 078 167 168 225 235,USSEN,KAMALA_D_HARRIS,112,243,131,2,~  2RV-1,US SENATOR,KAMALA D. HARRIS,109,241,3,2,3,2,47,6.38%,2RV-1.US SENATOR.KAMALA D. HARRIS
000041 ,1,2,035 216 223,PROP_58,NO,29,94,65,3,~  2SH-2,PROPOSITION 58 ENGLISH ,NO,26,94,3,0,3,0,31,9.68%,2SH-2.PROPOSITION 58 ENGLISH PROFICIENCY. MULTILINGUAL EDUCATION. INITIATIVE STATUTE..NO
000043 ,1,1,011 048 049 082 168 225 229 235 243,PROP_52,NO,167,557,390,4,~  2SH-4,PROPOSITION 52 MEDI-CAL,NO,164,557,3,0,3,0,178,1.69%,2SH-4.PROPOSITION 52 MEDI-CAL HOSPITAL FEE PROGRAM. INITIATIVE CONSTITUTIONAL AMENDMENT AND STATUTE..NO
000043 ,1,1,011 048 049 082 168 225 229 235 243,PROP_53,YES,239,557,318,2,~  2SH-4,PROPOSITION 53 REVENUE ,YES,236,557,3,0,3,0,30,10.00%,2SH-4.PROPOSITION 53 REVENUE BONDS. STATEWIDE VOTER APPROVAL. INITIATIVE CONSTITUTIONAL AMENDMENT..YES
000043 ,1,2,011 048 049 082 168 225 229 235 243,PROP_57,YES,365,553,188,1,~  2SH-4,PROPOSITION 57 CRIMINAL,YES,368,557,-3,-4,3,4,223,1.35%,2SH-4.PROPOSITION 57 CRIMINAL SENTENCES. PAROLE. JUVENILE CRIMINAL PROCEEDINGS AND SENTENCING. INITIATIVE.YES
000043 ,1,2,011 048 049 082 168 225 229 235 243,PROP_59,YES,345,553,208,1,~  2SH-4,PROPOSITION 59 CORPORAT,YES,348,557,-3,-4,3,4,202,1.49%,2SH-4.PROPOSITION 59 CORPORATIONS. POLITICAL SPENDING. FEDERAL CONSTITUTIONAL PROTECTIONS..YES
000043 ,2,3,011 048 049 082 168 225 235 243,PROP_65,YES,236,553,317,3,~  2SH-4,PROPOSITION 65 CARRYOUT,YES,233,557,3,-4,3,4,48,6.25%,2SH-4.PROPOSITION 65 CARRYOUT BAGS. CHARGES. INITIATIVE STATUTE..YES
000044 ,1,2,010 011 052 082 083 168 169 225 229 235 243,PROP_63,YES,322,766,444,4,~  2SH-5,PROPOSITION 63 FIREARMS,YES,319,766,3,0,3,0,96,3.12%,2SH-5.PROPOSITION 63 FIREARMS. AMMUNITION SALES. INITIATIVE STATUTE..YES
000050 ,2,3,011 048 052 081 082 169 170 225 235 243,MEAS_R,NO,193,464,271,3,~  2SHS4,MEASURE R HUMBOLDT COUN,NO,190,466,3,-2,3,2,10,30.00%,2SHS4.MEASURE R HUMBOLDT COUNTY FINANCE DEPARTMENT ELECTIVE OFFICE MEASURE..NO
000050 ,1,2,011 048 052 081 082 169 170 225 229 235,PROP_58,YES,353,465,112,0,~  2SHS4,PROPOSITION 58 ENGLISH ,YES,356,466,-3,-1,3,1,276,1.09%,2SHS4.PROPOSITION 58 ENGLISH PROFICIENCY. MULTILINGUAL EDUCATION. INITIATIVE STATUTE..YES
000050 ,2,3,011 048 052 081 082 169 170 225 235 243,PROP_66,NO,287,464,177,2,~  2SHS4,PROPOSITION 66 DEATH PE,NO,284,466,3,-2,3,2,163,1.84%,2SHS4.PROPOSITION 66 DEATH PENALTY. PROCEDURES. INITIATIVE STATUTE..NO
000051 ,2,3,012 052 084 170 171 225 235 236 243,MEAS_S,NO,522,812,290,5,~  2SHS7,MEASURE S HUMBOLDT COUN,NO,519,812,3,0,3,0,283,1.06%,2SHS7.MEASURE S HUMBOLDT COUNTY COMMERCIAL MARIJUANA CULTIVATION MEASURE..NO
000051 ,2,3,012 052 084 170 171 225 235 236 243,MEAS_S,YES,239,812,573,5,~  2SHS7,MEASURE S HUMBOLDT COUN,YES,236,812,3,0,3,0,283,1.06%,2SHS7.MEASURE S HUMBOLDT COUNTY COMMERCIAL MARIJUANA CULTIVATION MEASURE..YES
000051 ,1,2,012 052 084 085 170 171 225 229 235 236 243,PROP_56,YES,448,804,356,2,~  2SHS7,PROPOSITION 56 CIGARETT,YES,451,812,-3,-8,3,8,131,2.29%,"2SHS7.PROPOSITION 56 CIGARETTE TAX TO FUND HEALTHCARE, TOBACCO USE PREVENTION, RESEARCH, AND.YES"
000051 ,2,3,012 052 084 170 171 225 235 236 243,PROP_64,NO,522,812,290,3,~  2SHS7,PROPOSITION 64 MARIJUAN,NO,519,812,3,0,3,0,242,1.24%,2SHS7.PROPOSITION 64 MARIJUANA LEGALIZATION. INITIATIVE STATUTE..NO
000051 ,2,3,012 052 084 170 171 225 235 236 243,PROP_66,YES,200,812,612,5,~  2SHS7,PROPOSITION 66 DEATH PE,YES,197,812,3,0,3,0,319,0.94%,2SHS7.PROPOSITION 66 DEATH PENALTY. PROCEDURES. INITIATIVE STATUTE..YES
000054 ,2,3,019 044 142 143 173 174 225 229 230 236,MEAS_R,YES,264,648,384,2,~  3A--2,MEASURE R HUMBOLDT COUN,YES,267,647,-3,1,3,1,39,7.69%,3A--2.MEASURE R HUMBOLDT COUNTY FINANCE DEPARTMENT ELECTIVE OFFICE MEASURE..YES
000054 ,2,3,019 044 142 143 173 174 225 229 230 236,PROP_64,YES,453,648,195,2,~  3A--2,PROPOSITION 64 MARIJUAN,YES,450,647,3,1,3,1,270,1.11%,3A--2.PROPOSITION 64 MARIJUANA LEGALIZATION. INITIATIVE STATUTE..YES
000054 ,1,1,019 044 141 142 173 174 225 229 230 236,USSEN,LORETTA_L_SANCHEZ,145,647,502,1,~  3A--2,US SENATOR,LORETTA L. SANCHEZ,148,647,-3,0,3,0,250,1.20%,3A--2.US SENATOR.LORETTA L. SANCHEZ
000055 ,1,1,018 019 045 140 141 174 175 225 229 230 236,ARCATA_CC,VALERIE_ROSE-CAMPBELL,147,724,577,2,~  3A--3,ARCATA CITY COUNCILMEMB,VALERIE ROSE-CAMPBELL,144,724,3,0,3,0,54,5.56%,3A--3.ARCATA CITY COUNCILMEMBER.VALERIE ROSE-CAMPBELL
000055 ,2,3,018 019 045 141 174 175 225 230 236,MEAS_R,YES,285,717,432,4,~  3A--3,MEASURE R HUMBOLDT COUN,YES,282,724,3,-7,3,7,20,15.00%,3A--3.MEASURE R HUMBOLDT COUNTY FINANCE DEPARTMENT ELECTIVE OFFICE MEASURE..YES
000055 ,1,1,018 019 045 140 141 174 175 225 229 230 236,PROP_53,YES,250,724,474,3,~  3A--3,PROPOSITION 53 REVENUE ,YES,247,724,3,0,3,0,145,2.07%,3A--3.PROPOSITION 53 REVENUE BONDS. STATEWIDE VOTER APPROVAL. INITIATIVE CONSTITUTIONAL AMENDMENT..YES
000055 ,1,2,018 019 045 140 141 174 175 225 229 230 236,PROP_62,NO,163,723,560,4,~  3A--3,PROPOSITION 62 DEATH PE,NO,160,724,3,-1,3,1,347,0.86%,3A--3.PROPOSITION 62 DEATH PENALTY. INITIATIVE STATUTE..NO
000055 ,1,2,018 019 045 140 141 174 175 225 229 230 236,PROP_62,YES,510,723,213,4,~  3A--3,PROPOSITION 62 DEATH PE,YES,507,724,3,-1,3,1,347,0.86%,3A--3.PROPOSITION 62 DEATH PENALTY. INITIATIVE STATUTE..YES
000055 ,2,3,018 019 045 141 174 175 225 230 236,PROP_63,YES,503,717,214,3,~  3A--3,PROPOSITION 63 FIREARMS,YES,500,724,3,-7,3,7,311,0.96%,3A--3.PROPOSITION 63 FIREARMS. AMMUNITION SALES. INITIATIVE STATUTE..YES
000055 ,2,3,018 019 045 141 174 175 225 230 236,PROP_64,NO,205,717,512,5,~  3A--3,PROPOSITION 64 MARIJUAN,NO,202,724,3,-7,3,7,290,1.03%,3A--3.PROPOSITION 64 MARIJUANA LEGALIZATION. INITIATIVE STATUTE..NO
000055 ,2,3,018 019 045 141 174 175 225 230 236,PROP_64,YES,495,717,222,5,~  3A--3,PROPOSITION 64 MARIJUAN,YES,492,724,3,-7,3,7,290,1.03%,3A--3.PROPOSITION 64 MARIJUANA LEGALIZATION. INITIATIVE STATUTE..YES
000055 ,2,3,018 019 045 141 174 175 225 230 236,PROP_65,NO,376,717,341,7,~  3A--3,PROPOSITION 65 CARRYOUT,NO,373,724,3,-7,3,7,67,4.48%,3A--3.PROPOSITION 65 CARRYOUT BAGS. CHARGES. INITIATIVE STATUTE..NO
000055 ,2,3,018 019 045 141 174 175 225 230 236,PROP_65,YES,309,717,408,7,~  3A--3,PROPOSITION 65 CARRYOUT,YES,306,724,3,-7,3,7,67,4.48%,3A--3.PROPOSITION 65 CARRYOUT BAGS. CHARGES. INITIATIVE STATUTE..YES
000055 ,1,1,018 019 045 140 141 174 175 225 229 230 236,USSEN,KAMALA_D_HARRIS,461,724,263,5,~  3A--3,US SENATOR,KAMALA D. HARRIS,458,724,3,0,3,0,290,1.03%,3A--3.US SENATOR.KAMALA D. HARRIS
000056 ,1,1,018 022 045 139 140 171 172 225 229 230,PROP_52,NO,88,580,492,3,~  3A--4,PROPOSITION 52 MEDI-CAL,NO,85,580,3,0,3,0,352,0.85%,3A--4.PROPOSITION 52 MEDI-CAL HOSPITAL FEE PROGRAM. INITIATIVE CONSTITUTIONAL AMENDMENT AND STATUTE..NO
000056 ,1,2,018 022 045 139 140 171 172 225 229 230,PROP_56,YES,422,580,158,3,~  3A--4,PROPOSITION 56 CIGARETT,YES,419,580,3,0,3,0,284,1.06%,"3A--4.PROPOSITION 56 CIGARETTE TAX TO FUND HEALTHCARE, TOBACCO USE PREVENTION, RESEARCH, AND.YES"
000056 ,1,2,018 022 045 139 140 171 172 225 229 230,PROP_57,NO,76,580,504,3,~  3A--4,PROPOSITION 57 CRIMINAL,NO,73,580,3,0,3,0,390,0.77%,3A--4.PROPOSITION 57 CRIMINAL SENTENCES. PAROLE. JUVENILE CRIMINAL PROCEEDINGS AND SENTENCING. INITIATIVE.NO
000056 ,2,3,018 022 045 140 171 172 225 230,PROP_64,NO,129,579,450,3,~  3A--4,PROPOSITION 64 MARIJUAN,NO,126,580,3,-1,3,1,307,0.98%,3A--4.PROPOSITION 64 MARIJUANA LEGALIZATION. INITIATIVE STATUTE..NO
000057 ,1,1,019 044 143 144 172 225 229 230 236,PROP_53,NO,306,581,275,3,~  3A--7,PROPOSITION 53 REVENUE ,NO,303,581,3,0,3,0,80,3.75%,3A--7.PROPOSITION 53 REVENUE BONDS. STATEWIDE VOTER APPROVAL. INITIATIVE CONSTITUTIONAL AMENDMENT..NO
000057 ,2,3,019 044 144 145 172 225 230 236,PROP_65,YES,279,580,301,3,~  3A--7,PROPOSITION 65 CARRYOUT,YES,276,581,3,-1,3,1,4,75.00%,3A--7.PROPOSITION 65 CARRYOUT BAGS. CHARGES. INITIATIVE STATUTE..YES
000058 ,2,3,019 044 045 143 144 175 176 225 230 243,MEAS_S,YES,490,745,255,5,~  3A--9,MEASURE S HUMBOLDT COUN,YES,487,747,3,-2,3,2,273,1.10%,3A--9.MEASURE S HUMBOLDT COUNTY COMMERCIAL MARIJUANA CULTIVATION MEASURE..YES
000058 ,2,4,019 044 045 143 144 175 176 225 230,MEAS_V,YES,434,744,310,3,~  3A--9,MEASURE V MOBILE HOME P,YES,431,747,3,-3,3,3,206,1.46%,3A--9.MEASURE V MOBILE HOME PARK SPACE RENT STABILIZATION..YES
000058 ,1,1,019 044 045 143 175 176 225 229 230 243,PROP_52,NO,166,747,581,4,~  3A--9,PROPOSITION 52 MEDI-CAL,NO,163,747,3,0,3,0,375,0.80%,3A--9.PROPOSITION 52 MEDI-CAL HOSPITAL FEE PROGRAM. INITIATIVE CONSTITUTIONAL AMENDMENT AND STATUTE..NO
000059 ,2,3,019 020 052 137 138 176 225 229 230 231 243,MEAS_S,YES,537,808,271,3,~  3A-10,MEASURE S HUMBOLDT COUN,YES,534,809,3,-1,3,1,331,0.91%,3A-10.MEASURE S HUMBOLDT COUNTY COMMERCIAL MARIJUANA CULTIVATION MEASURE..YES
000059 ,1,2,019 020 052 138 139 176 225 229 230 231 243,PROP_56,YES,525,804,279,1,~  3A-10,PROPOSITION 56 CIGARETT,YES,528,809,-3,-5,3,5,275,1.09%,"3A-10.PROPOSITION 56 CIGARETTE TAX TO FUND HEALTHCARE, TOBACCO USE PREVENTION, RESEARCH, AND.YES"
000059 ,1,2,019 020 052 138 139 176 225 229 230 231 243,PROP_57,YES,647,804,157,2,~  3A-10,PROPOSITION 57 CRIMINAL,YES,650,809,-3,-5,3,5,531,0.56%,3A-10.PROPOSITION 57 CRIMINAL SENTENCES. PAROLE. JUVENILE CRIMINAL PROCEEDINGS AND SENTENCING. INITIATIVE.YES
000060 ,1,2,020 044 128 129 176 177 178 225 229 231 236,PROP_56,YES,594,835,241,1,~  3A-11,PROPOSITION 56 CIGARETT,YES,597,837,-3,-2,3,2,392,0.77%,"3A-11.PROPOSITION 56 CIGARETTE TAX TO FUND HEALTHCARE, TOBACCO USE PREVENTION, RESEARCH, AND.YES"
000060 ,1,2,020 044 128 129 176 177 178 225 229 231 236,PROP_58,NO,98,835,737,3,~  3A-11,PROPOSITION 58 ENGLISH ,NO,95,837,3,-2,3,2,586,0.51%,3A-11.PROPOSITION 58 ENGLISH PROFICIENCY. MULTILINGUAL EDUCATION. INITIATIVE STATUTE..NO
000060 ,1,2,020 044 128 129 176 177 178 225 229 231 236,PROP_58,YES,678,835,157,3,~  3A-11,PROPOSITION 58 ENGLISH ,YES,681,837,-3,-2,3,2,586,0.51%,3A-11.PROPOSITION 58 ENGLISH PROFICIENCY. MULTILINGUAL EDUCATION. INITIATIVE STATUTE..YES
000060 ,2,3,020 044 129 176 177 178 225 231 236,PROP_65,YES,451,833,382,3,~  3A-11,PROPOSITION 65 CARRYOUT,YES,448,837,3,-4,3,4,103,2.91%,3A-11.PROPOSITION 65 CARRYOUT BAGS. CHARGES. INITIATIVE STATUTE..YES
000061 ,2,3,020 052 145 146 178 225 231 232 236 237,PROP_64,NO,135,469,334,2,~  3A-12,PROPOSITION 64 MARIJUAN,NO,132,470,3,-1,3,1,191,1.57%,3A-12.PROPOSITION 64 MARIJUANA LEGALIZATION. INITIATIVE STATUTE..NO
000062 ,1,1,021 044 129 130 178 179 225 229 232 236 243,ARCATA_CC,SUSAN_ORNELAS,464,908,444,1,~  3A-13,ARCATA CITY COUNCILMEMB,SUSAN ORNELAS,467,910,-3,-2,3,2,56,5.36%,3A-13.ARCATA CITY COUNCILMEMBER.SUSAN ORNELAS
000062 ,1,2,021 044 129 130 178 179 225 229 232 236 243,PROP_57,YES,716,906,190,0,~  3A-13,PROPOSITION 57 CRIMINAL,YES,719,910,-3,-4,3,4,588,0.51%,3A-13.PROPOSITION 57 CRIMINAL SENTENCES. PAROLE. JUVENILE CRIMINAL PROCEEDINGS AND SENTENCING. INITIATIVE.YES
000062 ,1,2,021 044 129 130 178 179 225 229 232 236 243,PROP_58,YES,739,906,167,0,~  3A-13,PROPOSITION 58 ENGLISH ,YES,742,910,-3,-4,3,4,644,0.47%,3A-13.PROPOSITION 58 ENGLISH PROFICIENCY. MULTILINGUAL EDUCATION. INITIATIVE STATUTE..YES
000062 ,2,3,021 044 130 131 178 179 225 226 232 236 243,PROP_65,YES,445,905,460,4,~  3A-13,PROPOSITION 65 CARRYOUT,YES,442,910,3,-5,3,5,33,9.09%,3A-13.PROPOSITION 65 CARRYOUT BAGS. CHARGES. INITIATIVE STATUTE..YES
000062 ,2,3,021 044 130 131 178 179 225 226 232 236 243,PROP_67,YES,726,905,179,1,~  3A-13,PROPOSITION 67 BAN ON S,YES,729,910,-3,-5,3,5,585,0.51%,3A-13.PROPOSITION 67 BAN ON SINGLE-USE PLASTIC BAGS. REFERENDUM..YES
000063 ,1,1,020 021 048 131 132 177 179 180 226 229 236,PROP_51,YES,344,593,249,3,~  3A-J1,PROPOSITION 51 SCHOOL B,YES,341,593,3,0,3,0,126,2.38%,3A-J1.PROPOSITION 51 SCHOOL BONDS. FUNDING FOR K-12 SCHOOL AND COMMUNITY COLLEGE FACILITIES. INITIATIVE.YES
000063 ,1,1,020 021 048 131 132 177 179 180 226 229 236,PROP_53,YES,176,593,417,3,~  3A-J1,PROPOSITION 53 REVENUE ,YES,173,593,3,0,3,0,207,1.45%,3A-J1.PROPOSITION 53 REVENUE BONDS. STATEWIDE VOTER APPROVAL. INITIATIVE CONSTITUTIONAL AMENDMENT..YES
000065 ,1,1,021 022 043 044 124 132 183 184 226 229 236,PROP_53,NO,368,838,470,2,~  3A-P4,PROPOSITION 53 REVENUE ,NO,365,839,3,-1,3,1,20,15.00%,3A-P4.PROPOSITION 53 REVENUE BONDS. STATEWIDE VOTER APPROVAL. INITIATIVE CONSTITUTIONAL AMENDMENT..NO
000065 ,2,3,021 022 043 044 132 133 183 184 226 236,PROP_64,NO,258,836,578,0,~  3A-P4,PROPOSITION 64 MARIJUAN,NO,261,839,-3,-3,3,3,286,1.05%,3A-P4.PROPOSITION 64 MARIJUANA LEGALIZATION. INITIATIVE STATUTE..NO
000065 ,1,1,021 022 043 044 124 132 183 184 226 229 236,USSEN,LORETTA_L_SANCHEZ,237,838,601,3,~  3A-P4,US SENATOR,LORETTA L. SANCHEZ,234,839,3,-1,3,1,226,1.33%,3A-P4.US SENATOR.LORETTA L. SANCHEZ
000068 ,2,3,021 050 136 137 181 226 236,PROP_67,NO,196,674,478,3,~  3B--1,PROPOSITION 67 BAN ON S,NO,193,677,3,-3,3,3,262,1.15%,3B--1.PROPOSITION 67 BAN ON SINGLE-USE PLASTIC BAGS. REFERENDUM..NO
000071 ,1,1,022 023 052 053 134 135 181 182 226 229 236 237,PROP_52,NO,162,431,269,3,~  3ES-6,PROPOSITION 52 MEDI-CAL,NO,159,431,3,0,3,0,86,3.49%,3ES-6.PROPOSITION 52 MEDI-CAL HOSPITAL FEE PROGRAM. INITIATIVE CONSTITUTIONAL AMENDMENT AND STATUTE..NO
000072 ,2,3,022 043 136 184 185 226 237,MEAS_Q,YES,316,791,475,4,~  3FW,MEASURE Q HUMBOLDT COUN,YES,313,796,3,-5,3,5,45,6.67%,3FW.MEASURE Q HUMBOLDT COUNTY CREATION OF FINANCE DEPARTMENT MEASURE..YES
000072 ,2,3,022 043 136 184 185 226 237,MEAS_U,YES,369,791,422,5,~  3FW,MEASURE U LOCAL TRANSPO,YES,366,796,3,-5,3,5,10,30.00%,3FW.MEASURE U LOCAL TRANSPORTATION AUTHORITY RETAIL TRANSACTIONS AND USE TAX..YES
000072 ,2,3,022 043 136 184 185 226 237,PROP_67,NO,268,791,523,4,~  3FW,PROPOSITION 67 BAN ON S,NO,265,796,3,-5,3,5,231,1.30%,3FW.PROPOSITION 67 BAN ON SINGLE-USE PLASTIC BAGS. REFERENDUM..NO
000073 ,2,3,023 045 046 127 184 186 187 226 237 243,MEAS_V,YES,374,784,410,2,~  3FWS,MEASURE V MOBILE HOME P,YES,377,786,-3,-2,3,2,19,15.79%,3FWS.MEASURE V MOBILE HOME PARK SPACE RENT STABILIZATION..YES
000074 ,2,3,023 045 125 185 186 226 237,PROP_65,YES,177,523,346,3,~  3JCFR,PROPOSITION 65 CARRYOUT,YES,174,520,3,3,3,3,150,2.00%,3JCFR.PROPOSITION 65 CARRYOUT BAGS. CHARGES. INITIATIVE STATUTE..YES
000075 ,1,1,024 045 126 185 191 192 226 229 237,PROP_51,YES,314,654,340,3,~  3JCWR,PROPOSITION 51 SCHOOL B,YES,311,653,3,1,3,1,2,150.00%,3JCWR.PROPOSITION 51 SCHOOL BONDS. FUNDING FOR K-12 SCHOOL AND COMMUNITY COLLEGE FACILITIES. INITIATIVE.YES
000075 ,1,1,024 045 126 185 191 192 226 229 237,PROP_53,NO,388,654,266,4,~  3JCWR,PROPOSITION 53 REVENUE ,NO,385,653,3,1,3,1,170,1.76%,3JCWR.PROPOSITION 53 REVENUE BONDS. STATEWIDE VOTER APPROVAL. INITIATIVE CONSTITUTIONAL AMENDMENT..NO
000075 ,1,1,024 045 126 185 191 192 226 229 237,PROP_53,YES,218,654,436,4,~  3JCWR,PROPOSITION 53 REVENUE ,YES,215,653,3,1,3,1,170,1.76%,3JCWR.PROPOSITION 53 REVENUE BONDS. STATEWIDE VOTER APPROVAL. INITIATIVE CONSTITUTIONAL AMENDMENT..YES
000075 ,1,1,024 045 126 185 191 192 226 229 237,PROP_55,YES,441,654,213,2,~  3JCWR,PROPOSITION 55 TAX EXTE,YES,438,653,3,1,3,1,250,1.20%,3JCWR.PROPOSITION 55 TAX EXTENSION TO FUND EDUCATION AND HEALTHCARE. INITIATIVE CONSTITUTIONAL AMENDMENT..YES
000075 ,1,2,024 045 126 185 191 192 226 229 237,PROP_61,YES,337,654,317,3,~  3JCWR,PROPOSITION 61 STATE PR,YES,334,653,3,1,3,1,82,3.66%,3JCWR.PROPOSITION 61 STATE PRESCRIPTION DRUG PURCHASES. PRICING STANDARDS. INITIATIVE STATUTE..YES
000075 ,1,2,024 045 126 185 191 192 226 229 237,PROP_63,YES,411,654,243,1,~  3JCWR,PROPOSITION 63 FIREARMS,YES,408,653,3,1,3,1,188,1.60%,3JCWR.PROPOSITION 63 FIREARMS. AMMUNITION SALES. INITIATIVE STATUTE..YES
000075 ,2,3,024 045 126 127 185 191 192 226 237,PROP_67,YES,467,650,183,1,~  3JCWR,PROPOSITION 67 BAN ON S,YES,470,653,-3,-3,3,3,312,0.96%,3JCWR.PROPOSITION 67 BAN ON SINGLE-USE PLASTIC BAGS. REFERENDUM..YES
000078 ,1,2,024 053 125 191 226 229 237 243,PROP_63,NO,146,385,239,3,~  3MA-1,PROPOSITION 63 FIREARMS,NO,143,385,3,0,3,0,85,3.53%,3MA-1.PROPOSITION 63 FIREARMS. AMMUNITION SALES. INITIATIVE STATUTE..NO
000079 ,2,3,023 024 053 124 188 190 191 226 229 237,MEAS_Q,NO,313,677,364,1,~  3PA-1,MEASURE Q HUMBOLDT COUN,NO,310,669,3,8,3,8,53,5.66%,3PA-1.MEASURE Q HUMBOLDT COUNTY CREATION OF FINANCE DEPARTMENT MEASURE..NO
000079 ,1,1,023 024 053 123 124 132 188 190 191 226 229 237,PRES,DONALD_J_TRUMP,171,678,507,1,~  3PA-1,PRESIDENT AND VICE PRES,DONALD J. TRUMP      ,168,669,3,9,3,9,226,1.33%,3PA-1.PRESIDENT AND VICE PRESIDENT.DONALD J. TRUMP      and MICHAEL R. PENCE
000079 ,2,3,023 024 053 124 188 190 191 226 229 237,PROP_67,YES,411,677,266,1,~  3PA-1,PROPOSITION 67 BAN ON S,YES,408,669,3,8,3,8,173,1.73%,3PA-1.PROPOSITION 67 BAN ON SINGLE-USE PLASTIC BAGS. REFERENDUM..YES
000081 ,1,1,025 053 120 121 187 188 226 229 237 242 243,PRES,JILL_STEIN,36,564,528,2,~  4E-11,PRESIDENT AND VICE PRES,JILL STEIN      and A,33,565,3,-1,3,1,250,1.20%,4E-11.PRESIDENT AND VICE PRESIDENT.JILL STEIN      and AJAMU BARAKA
000082 ,2,4,025 053 121 187 190 226 237 238,MEAS_V,YES,253,466,213,2,~  4E-12,MEASURE V MOBILE HOME P,YES,250,469,3,-3,3,3,79,3.80%,4E-12.MEASURE V MOBILE HOME PARK SPACE RENT STABILIZATION..YES
000082 ,2,3,025 053 121 187 190 226 237 238,PROP_64,NO,170,466,296,3,~  4E-12,PROPOSITION 64 MARIJUAN,NO,167,469,3,-3,3,3,117,2.56%,4E-12.PROPOSITION 64 MARIJUANA LEGALIZATION. INITIATIVE STATUTE..NO
000083 ,1,1,024 025 053 122 178 192 226 229 238,PROP_52,YES,311,432,121,3,~  4E-13,PROPOSITION 52 MEDI-CAL,YES,308,432,3,0,3,0,212,1.42%,4E-13.PROPOSITION 52 MEDI-CAL HOSPITAL FEE PROGRAM. INITIATIVE CONSTITUTIONAL AMENDMENT AND STATUTE..YES
000084 ,1,1,026 053 122 123 192 193 226 229 238,PROP_51,YES,336,678,342,2,~  4E-14,PROPOSITION 51 SCHOOL B,YES,333,679,3,-1,3,1,17,17.65%,4E-14.PROPOSITION 51 SCHOOL BONDS. FUNDING FOR K-12 SCHOOL AND COMMUNITY COLLEGE FACILITIES. INITIATIVE.YES
000084 ,1,1,026 053 122 123 192 193 226 229 238,PROP_53,YES,314,678,364,2,~  4E-14,PROPOSITION 53 REVENUE ,YES,311,679,3,-1,3,1,5,60.00%,4E-14.PROPOSITION 53 REVENUE BONDS. STATEWIDE VOTER APPROVAL. INITIATIVE CONSTITUTIONAL AMENDMENT..YES
000084 ,1,1,026 053 122 123 192 193 226 229 238,PROP_54,YES,376,678,302,3,~  4E-14,PROPOSITION 54 LEGISLAT,YES,373,679,3,-1,3,1,109,2.75%,4E-14.PROPOSITION 54 LEGISLATURE. LEGISLATION AND PROCEEDINGS. INITIATIVE CONSTITUTIONAL AMENDMENT AND.YES
000084 ,1,2,026 053 122 123 192 193 226 229 238,PROP_61,YES,355,677,322,5,~  4E-14,PROPOSITION 61 STATE PR,YES,352,679,3,-2,3,2,85,3.53%,4E-14.PROPOSITION 61 STATE PRESCRIPTION DRUG PURCHASES. PRICING STANDARDS. INITIATIVE STATUTE..YES
000085 ,1,1,025 026 053 119 190 226 238,EKA_CC,JOHN_B_FULLERTON,171,471,300,0,~  4E-21,EUREKA CITY COUNCILMEMB,JOHN B. FULLERTON,168,468,3,3,3,3,52,5.77%,4E-21.EUREKA CITY COUNCILMEMBER.JOHN B. FULLERTON
000085 ,2,4,025 026 053 119 120 190 226 238,MEAS_P,YES,271,471,200,3,~  4E-21,MEASURE P CITY OF EUREK,YES,268,468,3,3,3,3,117,2.56%,4E-21.MEASURE P CITY OF EUREKA CHARTER AMENDMENT MEASURE..YES
000085 ,2,3,025 026 053 119 120 190 226 238,MEAS_Q,NO,198,471,273,1,~  4E-21,MEASURE Q HUMBOLDT COUN,NO,195,468,3,3,3,3,19,15.79%,4E-21.MEASURE Q HUMBOLDT COUNTY CREATION OF FINANCE DEPARTMENT MEASURE..NO
000085 ,2,3,025 026 053 119 120 190 226 238,MEAS_R,NO,171,471,300,1,~  4E-21,MEASURE R HUMBOLDT COUN,NO,168,468,3,3,3,3,74,4.05%,4E-21.MEASURE R HUMBOLDT COUNTY FINANCE DEPARTMENT ELECTIVE OFFICE MEASURE..NO
000085 ,2,3,025 026 053 119 120 190 226 238,MEAS_U,YES,239,471,232,0,~  4E-21,MEASURE U LOCAL TRANSPO,YES,236,468,3,3,3,3,38,7.89%,4E-21.MEASURE U LOCAL TRANSPORTATION AUTHORITY RETAIL TRANSACTIONS AND USE TAX..YES
000085 ,1,2,025 026 053 119 190 226 238,PROP_56,NO,187,471,284,1,~  4E-21,PROPOSITION 56 CIGARETT,NO,184,468,3,3,3,3,87,3.45%,"4E-21.PROPOSITION 56 CIGARETTE TAX TO FUND HEALTHCARE, TOBACCO USE PREVENTION, RESEARCH, AND.NO"
000085 ,1,2,025 026 053 119 190 226 238,PROP_57,YES,332,471,139,3,~  4E-21,PROPOSITION 57 CRIMINAL,YES,329,468,3,3,3,3,218,1.38%,4E-21.PROPOSITION 57 CRIMINAL SENTENCES. PAROLE. JUVENILE CRIMINAL PROCEEDINGS AND SENTENCING. INITIATIVE.YES
000085 ,1,2,025 026 053 119 190 226 238,PROP_59,NO,158,471,313,1,~  4E-21,PROPOSITION 59 CORPORAT,NO,155,468,3,3,3,3,112,2.68%,4E-21.PROPOSITION 59 CORPORATIONS. POLITICAL SPENDING. FEDERAL CONSTITUTIONAL PROTECTIONS..NO
000085 ,2,3,025 026 053 119 120 190 226 238,PROP_64,YES,314,471,157,1,~  4E-21,PROPOSITION 64 MARIJUAN,YES,311,468,3,3,3,3,167,1.80%,4E-21.PROPOSITION 64 MARIJUANA LEGALIZATION. INITIATIVE STATUTE..YES
000085 ,2,3,025 026 053 119 120 190 226 238,PROP_65,YES,220,471,251,1,~  4E-21,PROPOSITION 65 CARRYOUT,YES,217,468,3,3,3,3,10,30.00%,4E-21.PROPOSITION 65 CARRYOUT BAGS. CHARGES. INITIATIVE STATUTE..YES
000085 ,2,3,025 026 053 119 120 190 226 238,PROP_66,NO,230,471,241,2,~  4E-21,PROPOSITION 66 DEATH PE,NO,227,468,3,3,3,3,35,8.57%,4E-21.PROPOSITION 66 DEATH PENALTY. PROCEDURES. INITIATIVE STATUTE..NO
000086 ,1,1,027 053 054 114 189 190 195 226 229 238,PROP_51,YES,282,533,251,2,~  4E-22,PROPOSITION 51 SCHOOL B,YES,279,533,3,0,3,0,54,5.56%,4E-22.PROPOSITION 51 SCHOOL BONDS. FUNDING FOR K-12 SCHOOL AND COMMUNITY COLLEGE FACILITIES. INITIATIVE.YES
000093 ,2,3,028 054 118 119 193 194 226 239 243,PROP_66,YES,170,498,328,3,~  4E-33,PROPOSITION 66 DEATH PE,YES,167,502,3,-4,3,4,97,3.09%,4E-33.PROPOSITION 66 DEATH PENALTY. PROCEDURES. INITIATIVE STATUTE..YES
000094 ,2,3,029 030 054 110 111 194 195 226 229 239 242 243,MEAS_Q,YES,242,600,358,3,~  4E-34,MEASURE Q HUMBOLDT COUN,YES,239,602,3,-2,3,2,57,5.26%,4E-34.MEASURE Q HUMBOLDT COUNTY CREATION OF FINANCE DEPARTMENT MEASURE..YES
000094 ,1,1,029 030 054 110 194 195 226 229 239 242,PROP_52,NO,170,603,433,3,~  4E-34,PROPOSITION 52 MEDI-CAL,NO,167,602,3,1,3,1,241,1.24%,4E-34.PROPOSITION 52 MEDI-CAL HOSPITAL FEE PROGRAM. INITIATIVE CONSTITUTIONAL AMENDMENT AND STATUTE..NO
000094 ,1,1,029 030 054 110 194 195 226 229 239 242,PROP_52,YES,411,603,192,3,~  4E-34,PROPOSITION 52 MEDI-CAL,YES,408,602,3,1,3,1,241,1.24%,4E-34.PROPOSITION 52 MEDI-CAL HOSPITAL FEE PROGRAM. INITIATIVE CONSTITUTIONAL AMENDMENT AND STATUTE..YES
000094 ,1,2,029 030 054 110 194 195 226 229 239 242,PROP_57,YES,393,602,209,2,~  4E-34,PROPOSITION 57 CRIMINAL,YES,390,602,3,0,3,0,202,1.49%,4E-34.PROPOSITION 57 CRIMINAL SENTENCES. PAROLE. JUVENILE CRIMINAL PROCEEDINGS AND SENTENCING. INITIATIVE.YES
000094 ,1,2,029 030 054 110 194 195 226 229 239 242,PROP_60,YES,223,602,379,2,~  4E-34,PROPOSITION 60 ADULT FI,YES,220,602,3,0,3,0,116,2.59%,4E-34.PROPOSITION 60 ADULT FILMS. CONDOMS. HEALTH REQUIREMENTS. INITIATIVE STATUTE..YES
000094 ,1,1,029 030 054 110 194 195 226 229 239 242,USSEN,KAMALA_D_HARRIS,343,603,260,2,~  4E-34,US SENATOR,KAMALA D. HARRIS,340,602,3,1,3,1,179,1.68%,4E-34.US SENATOR.KAMALA D. HARRIS
000094 ,1,1,029 030 054 110 194 195 226 229 239 242,USSEN,LORETTA_L_SANCHEZ,164,603,439,2,~  4E-34,US SENATOR,LORETTA L. SANCHEZ,161,602,3,1,3,1,179,1.68%,4E-34.US SENATOR.LORETTA L. SANCHEZ
000095 ,2,3,029 054 108 197 226 239 240 243,MEAS_U,YES,223,465,242,0,~  4E-51,MEASURE U LOCAL TRANSPO,YES,226,464,-3,1,3,1,15,20.00%,4E-51.MEASURE U LOCAL TRANSPORTATION AUTHORITY RETAIL TRANSACTIONS AND USE TAX..YES
000095 ,1,1,029 054 107 108 197 226 239 240,USSEN,KAMALA_D_HARRIS,277,464,187,4,~  4E-51,US SENATOR,KAMALA D. HARRIS,274,464,3,0,3,0,157,1.91%,4E-51.US SENATOR.KAMALA D. HARRIS
000097 ,2,4,030 031 054 109 110 198 199 226 239 242 243,MEAS_O,NO,293,757,464,1,~  4E-54,MEASURE O CITY OF EUREK,NO,296,771,-3,-14,3,14,82,3.66%,4E-54.MEASURE O CITY OF EUREKA LOW INCOME HOUSING UNITS..NO
000097 ,2,3,030 031 054 109 110 198 199 226 239 242 243,MEAS_Q,YES,315,770,455,3,~  4E-54,MEASURE Q HUMBOLDT COUN,YES,312,771,3,-1,3,1,60,5.00%,4E-54.MEASURE Q HUMBOLDT COUNTY CREATION OF FINANCE DEPARTMENT MEASURE..YES
000097 ,1,2,030 031 054 109 110 198 199 226 229 239 242 243,PROP_56,NO,325,760,435,3,~  4E-54,PROPOSITION 56 CIGARETT,NO,328,771,-3,-11,3,11,92,3.26%,"4E-54.PROPOSITION 56 CIGARETTE TAX TO FUND HEALTHCARE, TOBACCO USE PREVENTION, RESEARCH, AND.NO"
000097 ,1,2,030 031 054 109 110 198 199 226 229 239 242 243,PROP_59,NO,320,760,440,0,~  4E-54,PROPOSITION 59 CORPORAT,NO,323,771,-3,-11,3,11,57,5.26%,4E-54.PROPOSITION 59 CORPORATIONS. POLITICAL SPENDING. FEDERAL CONSTITUTIONAL PROTECTIONS..NO
000097 ,2,3,030 031 054 109 110 198 199 226 239 242 243,PROP_63,YES,362,770,408,3,~  4E-54,PROPOSITION 63 FIREARMS,YES,359,771,3,-1,3,1,33,9.09%,4E-54.PROPOSITION 63 FIREARMS. AMMUNITION SALES. INITIATIVE STATUTE..YES
000098 ,2,3,031 032 111 112 199 227 238 239,MEAS_S,NO,179,603,424,2,~  4ES-4,MEASURE S HUMBOLDT COUN,NO,176,603,3,0,3,0,209,1.44%,4ES-4.MEASURE S HUMBOLDT COUNTY COMMERCIAL MARIJUANA CULTIVATION MEASURE..NO
000098 ,1,1,031 032 111 199 226 227 229 238 239,PROP_54,YES,332,606,274,1,~  4ES-4,PROPOSITION 54 LEGISLAT,YES,329,603,3,3,3,3,103,2.91%,4ES-4.PROPOSITION 54 LEGISLATURE. LEGISLATION AND PROCEEDINGS. INITIATIVE CONSTITUTIONAL AMENDMENT AND.YES
000098 ,1,2,031 032 111 199 226 227 229 238 239,PROP_56,NO,279,606,327,0,~  4ES-4,PROPOSITION 56 CIGARETT,NO,276,603,3,3,3,3,30,10.00%,"4ES-4.PROPOSITION 56 CIGARETTE TAX TO FUND HEALTHCARE, TOBACCO USE PREVENTION, RESEARCH, AND.NO"
000098 ,1,2,031 032 111 199 226 227 229 238 239,PROP_60,NO,342,606,264,0,~  4ES-4,PROPOSITION 60 ADULT FI,NO,339,603,3,3,3,3,128,2.34%,4ES-4.PROPOSITION 60 ADULT FILMS. CONDOMS. HEALTH REQUIREMENTS. INITIATIVE STATUTE..NO
000098 ,1,2,031 032 111 199 226 227 229 238 239,PROP_63,NO,325,606,281,0,~  4ES-4,PROPOSITION 63 FIREARMS,NO,322,603,3,3,3,3,75,4.00%,4ES-4.PROPOSITION 63 FIREARMS. AMMUNITION SALES. INITIATIVE STATUTE..NO
000098 ,2,3,031 032 111 112 199 227 238 239,PROP_64,NO,282,603,321,2,~  4ES-4,PROPOSITION 64 MARIJUAN,NO,279,603,3,0,3,0,29,10.34%,4ES-4.PROPOSITION 64 MARIJUANA LEGALIZATION. INITIATIVE STATUTE..NO
000098 ,2,3,031 032 111 112 199 227 238 239,PROP_64,YES,311,603,292,2,~  4ES-4,PROPOSITION 64 MARIJUAN,YES,308,603,3,0,3,0,29,10.34%,4ES-4.PROPOSITION 64 MARIJUANA LEGALIZATION. INITIATIVE STATUTE..YES
000098 ,2,3,031 032 111 112 199 227 238 239,PROP_65,NO,339,603,264,0,~  4ES-4,PROPOSITION 65 CARRYOUT,NO,336,603,3,0,3,0,98,3.06%,4ES-4.PROPOSITION 65 CARRYOUT BAGS. CHARGES. INITIATIVE STATUTE..NO
000099 ,2,3,031 113 114 199 200 227 238 242,MEAS_Q,YES,285,729,444,2,~  4ES-5,MEASURE Q HUMBOLDT COUN,YES,288,744,-3,-15,3,15,65,4.62%,4ES-5.MEASURE Q HUMBOLDT COUNTY CREATION OF FINANCE DEPARTMENT MEASURE..YES
000099 ,2,3,031 113 114 199 200 227 238 242,MEAS_U,YES,323,729,406,0,~  4ES-5,MEASURE U LOCAL TRANSPO,YES,326,744,-3,-15,3,15,20,15.00%,4ES-5.MEASURE U LOCAL TRANSPORTATION AUTHORITY RETAIL TRANSACTIONS AND USE TAX..YES
000099 ,1,1,031 113 199 200 227 229 238 242,PROP_54,NO,261,733,472,1,~  4ES-5,PROPOSITION 54 LEGISLAT,NO,264,744,-3,-11,3,11,164,1.83%,4ES-5.PROPOSITION 54 LEGISLATURE. LEGISLATION AND PROCEEDINGS. INITIATIVE CONSTITUTIONAL AMENDMENT AND.NO
000099 ,1,1,031 113 199 200 227 229 238 242,PROP_55,NO,236,733,497,0,~  4ES-5,PROPOSITION 55 TAX EXTE,NO,239,744,-3,-11,3,11,231,1.30%,4ES-5.PROPOSITION 55 TAX EXTENSION TO FUND EDUCATION AND HEALTHCARE. INITIATIVE CONSTITUTIONAL AMENDMENT..NO
000099 ,1,2,031 113 199 200 227 229 238 242,PROP_56,NO,300,732,432,1,~  4ES-5,PROPOSITION 56 CIGARETT,NO,303,744,-3,-12,3,12,113,2.65%,"4ES-5.PROPOSITION 56 CIGARETTE TAX TO FUND HEALTHCARE, TOBACCO USE PREVENTION, RESEARCH, AND.NO"
000099 ,1,2,031 113 199 200 227 229 238 242,PROP_59,NO,259,732,473,2,~  4ES-5,PROPOSITION 59 CORPORAT,NO,262,744,-3,-12,3,12,141,2.13%,4ES-5.PROPOSITION 59 CORPORATIONS. POLITICAL SPENDING. FEDERAL CONSTITUTIONAL PROTECTIONS..NO
000099 ,2,3,031 113 114 199 200 227 238 242,PROP_64,NO,294,729,435,3,~  4ES-5,PROPOSITION 64 MARIJUAN,NO,297,744,-3,-15,3,15,128,2.34%,4ES-5.PROPOSITION 64 MARIJUANA LEGALIZATION. INITIATIVE STATUTE..NO
000099 ,2,3,031 113 114 199 200 227 238 242,PROP_66,YES,255,729,474,1,~  4ES-5,PROPOSITION 66 DEATH PE,YES,258,744,-3,-15,3,15,129,2.33%,4ES-5.PROPOSITION 66 DEATH PENALTY. PROCEDURES. INITIATIVE STATUTE..YES
000103 ,2,3,012 049 050 108 109 201 202 227 240,MEAS_R,NO,283,624,341,3,~  5BL,MEASURE R HUMBOLDT COUN,NO,280,626,3,-2,3,2,28,10.71%,5BL.MEASURE R HUMBOLDT COUNTY FINANCE DEPARTMENT ELECTIVE OFFICE MEASURE..NO
000109 ,2,3,013 049 055 056 090 203 204 227 240 243,MEAS_S,YES,444,789,345,3,~  5KT-6,MEASURE S HUMBOLDT COUN,YES,441,788,3,1,3,1,127,2.36%,5KT-6.MEASURE S HUMBOLDT COUNTY COMMERCIAL MARIJUANA CULTIVATION MEASURE..YES
000109 ,1,1,013 049 055 056 089 090 203 204 227 229 240,PROP_54,NO,258,789,531,2,~  5KT-6,PROPOSITION 54 LEGISLAT,NO,255,788,3,1,3,1,198,1.52%,5KT-6.PROPOSITION 54 LEGISLATURE. LEGISLATION AND PROCEEDINGS. INITIATIVE CONSTITUTIONAL AMENDMENT AND.NO
000109 ,1,2,013 049 055 056 089 090 203 204 227 229 240,PROP_62,NO,425,788,363,2,~  5KT-6,PROPOSITION 62 DEATH PE,NO,422,788,3,0,3,0,113,2.65%,5KT-6.PROPOSITION 62 DEATH PENALTY. INITIATIVE STATUTE..NO
000112 ,1,1,012 013 049 092 093 204 205 227 229 240,PRES,JILL_STEIN,49,830,781,2,~  5MK-1,PRESIDENT AND VICE PRES,JILL STEIN      and A,46,831,3,-1,3,1,257,1.17%,5MK-1.PRESIDENT AND VICE PRESIDENT.JILL STEIN      and AJAMU BARAKA
000112 ,2,3,012 013 049 093 094 204 205 227 240,PROP_67,YES,479,823,344,5,~  5MK-1,PROPOSITION 67 BAN ON S,YES,476,831,3,-8,3,8,172,1.74%,5MK-1.PROPOSITION 67 BAN ON SINGLE-USE PLASTIC BAGS. REFERENDUM..YES
000113 ,2,3,014 051 091 092 205 206 227 229 240,MEAS_S,YES,496,753,257,2,~  5MK-2,MEASURE S HUMBOLDT COUN,YES,493,755,3,-2,3,2,273,1.10%,5MK-2.MEASURE S HUMBOLDT COUNTY COMMERCIAL MARIJUANA CULTIVATION MEASURE..YES
000113 ,2,3,014 051 091 092 205 206 227 229 240,MEAS_U,YES,346,753,407,1,~  5MK-2,MEASURE U LOCAL TRANSPO,YES,343,755,3,-2,3,2,2,150.00%,5MK-2.MEASURE U LOCAL TRANSPORTATION AUTHORITY RETAIL TRANSACTIONS AND USE TAX..YES
000113 ,2,3,014 051 091 092 205 206 227 229 240,MEAS_V,YES,325,753,428,0,~  5MK-2,MEASURE V MOBILE HOME P,YES,322,755,3,-2,3,2,45,6.67%,5MK-2.MEASURE V MOBILE HOME PARK SPACE RENT STABILIZATION..YES
000113 ,1,1,014 051 092 205 206 227 229 240,PRES,HILLARY_CLINTON,399,746,347,1,~  5MK-2,PRESIDENT AND VICE PRES,HILLARY CLINTON      ,402,755,-3,-9,3,9,159,1.89%,5MK-2.PRESIDENT AND VICE PRESIDENT.HILLARY CLINTON      and TIM KAINE
000113 ,1,1,014 051 092 205 206 227 229 240,PROP_51,YES,363,746,383,1,~  5MK-2,PROPOSITION 51 SCHOOL B,YES,366,755,-3,-9,3,9,6,50.00%,5MK-2.PROPOSITION 51 SCHOOL BONDS. FUNDING FOR K-12 SCHOOL AND COMMUNITY COLLEGE FACILITIES. INITIATIVE.YES
000113 ,1,1,014 051 092 205 206 227 229 240,PROP_52,NO,235,746,511,1,~  5MK-2,PROPOSITION 52 MEDI-CAL,NO,238,755,-3,-9,3,9,229,1.31%,5MK-2.PROPOSITION 52 MEDI-CAL HOSPITAL FEE PROGRAM. INITIATIVE CONSTITUTIONAL AMENDMENT AND STATUTE..NO
000113 ,1,1,014 051 092 205 206 227 229 240,PROP_52,YES,464,746,282,1,~  5MK-2,PROPOSITION 52 MEDI-CAL,YES,467,755,-3,-9,3,9,229,1.31%,5MK-2.PROPOSITION 52 MEDI-CAL HOSPITAL FEE PROGRAM. INITIATIVE CONSTITUTIONAL AMENDMENT AND STATUTE..YES
000113 ,1,1,014 051 092 205 206 227 229 240,PROP_53,YES,323,746,423,0,~  5MK-2,PROPOSITION 53 REVENUE ,YES,326,755,-3,-9,3,9,44,6.82%,5MK-2.PROPOSITION 53 REVENUE BONDS. STATEWIDE VOTER APPROVAL. INITIATIVE CONSTITUTIONAL AMENDMENT..YES
000113 ,1,2,014 051 092 205 206 227 229 240,PROP_60,YES,246,754,508,3,~  5MK-2,PROPOSITION 60 ADULT FI,YES,243,755,3,-1,3,1,188,1.60%,5MK-2.PROPOSITION 60 ADULT FILMS. CONDOMS. HEALTH REQUIREMENTS. INITIATIVE STATUTE..YES
000113 ,1,2,014 051 092 205 206 227 229 240,PROP_62,NO,339,754,415,3,~  5MK-2,PROPOSITION 62 DEATH PE,NO,336,755,3,-1,3,1,36,8.33%,5MK-2.PROPOSITION 62 DEATH PENALTY. INITIATIVE STATUTE..NO
000113 ,1,1,014 051 092 205 206 227 229 240,STATEASS2,KEN_ANTON,181,746,565,0,~  5MK-2,"STATE ASSEMBLY, DISTRIC",KEN ANTON,184,755,-3,-9,3,9,261,1.15%,"5MK-2.STATE ASSEMBLY, DISTRICT 2.KEN ANTON"
000114 ,2,3,013 014 051 093 106 206 227 240,MEAS_S,NO,216,555,339,4,~  5MK-3,MEASURE S HUMBOLDT COUN,NO,213,557,3,-2,3,2,92,3.26%,5MK-3.MEASURE S HUMBOLDT COUNTY COMMERCIAL MARIJUANA CULTIVATION MEASURE..NO
000114 ,2,3,013 014 051 093 106 206 227 240,MEAS_S,YES,308,555,247,4,~  5MK-3,MEASURE S HUMBOLDT COUN,YES,305,557,3,-2,3,2,92,3.26%,5MK-3.MEASURE S HUMBOLDT COUNTY COMMERCIAL MARIJUANA CULTIVATION MEASURE..YES
000114 ,1,1,013 014 051 093 106 206 227 229 240,PROP_54,YES,298,557,259,2,~  5MK-3,PROPOSITION 54 LEGISLAT,YES,295,557,3,0,3,0,87,3.45%,5MK-3.PROPOSITION 54 LEGISLATURE. LEGISLATION AND PROCEEDINGS. INITIATIVE CONSTITUTIONAL AMENDMENT AND.YES
000114 ,1,2,013 014 051 093 106 206 227 229 240,PROP_56,NO,216,557,341,3,~  5MK-3,PROPOSITION 56 CIGARETT,NO,213,557,3,0,3,0,113,2.65%,"5MK-3.PROPOSITION 56 CIGARETTE TAX TO FUND HEALTHCARE, TOBACCO USE PREVENTION, RESEARCH, AND.NO"
000115 ,2,3,014 015 050 051 096 206 207 227 240,MEAS_U,NO,411,858,447,2,~  5MK-4,MEASURE U LOCAL TRANSPO,NO,408,860,3,-2,3,2,36,8.33%,5MK-4.MEASURE U LOCAL TRANSPORTATION AUTHORITY RETAIL TRANSACTIONS AND USE TAX..NO
000115 ,1,2,014 015 050 051 095 096 206 207 227 240,PROP_63,NO,412,860,448,3,~  5MK-4,PROPOSITION 63 FIREARMS,NO,409,860,3,0,3,0,2,150.00%,5MK-4.PROPOSITION 63 FIREARMS. AMMUNITION SALES. INITIATIVE STATUTE..NO
000117 ,2,3,015 016 054 055 097 208 209 228 241,MEAS_R,NO,318,751,433,2,~  5MK-5,MEASURE R HUMBOLDT COUN,NO,315,755,3,-4,3,4,22,13.64%,5MK-5.MEASURE R HUMBOLDT COUNTY FINANCE DEPARTMENT ELECTIVE OFFICE MEASURE..NO
000117 ,2,3,015 016 054 055 097 208 209 228 241,MEAS_V,NO,287,751,464,4,~  5MK-5,MEASURE V MOBILE HOME P,NO,284,755,3,-4,3,4,132,2.27%,5MK-5.MEASURE V MOBILE HOME PARK SPACE RENT STABILIZATION..NO
000117 ,1,2,015 016 054 055 096 097 208 209 228 229 241,PROP_59,NO,230,752,522,0,~  5MK-5,PROPOSITION 59 CORPORAT,NO,233,755,-3,-3,3,3,219,1.37%,5MK-5.PROPOSITION 59 CORPORATIONS. POLITICAL SPENDING. FEDERAL CONSTITUTIONAL PROTECTIONS..NO
000117 ,1,2,015 016 054 055 096 097 208 209 228 229 241,PROP_63,NO,327,752,425,3,~  5MK-5,PROPOSITION 63 FIREARMS,NO,330,755,-3,-3,3,3,63,4.76%,5MK-5.PROPOSITION 63 FIREARMS. AMMUNITION SALES. INITIATIVE STATUTE..NO
000117 ,1,2,015 016 054 055 096 097 208 209 228 229 241,PROP_63,YES,396,752,356,3,~  5MK-5,PROPOSITION 63 FIREARMS,YES,393,755,3,-3,3,3,63,4.76%,5MK-5.PROPOSITION 63 FIREARMS. AMMUNITION SALES. INITIATIVE STATUTE..YES
000117 ,1,1,015 016 054 055 096 097 208 209 228 229 241,USSEN,KAMALA_D_HARRIS,451,755,304,2,~  5MK-5,US SENATOR,KAMALA D. HARRIS,448,755,3,0,3,0,274,1.09%,5MK-5.US SENATOR.KAMALA D. HARRIS
000118 ,1,1,015 054 055 102 103 209 228 229 241,PROP_54,YES,372,697,325,3,~  5MK-5A,PROPOSITION 54 LEGISLAT,YES,369,697,3,0,3,0,92,3.26%,5MK-5A.PROPOSITION 54 LEGISLATURE. LEGISLATION AND PROCEEDINGS. INITIATIVE CONSTITUTIONAL AMENDMENT AND.YES
000120 ,1,2,016 055 101 210 211 228 229 241,PROP_63,YES,230,505,275,3,~  5MK-6A,PROPOSITION 63 FIREARMS,YES,227,507,3,-2,3,2,27,11.11%,5MK-6A.PROPOSITION 63 FIREARMS. AMMUNITION SALES. INITIATIVE STATUTE..YES
000120 ,2,3,016 055 101 102 210 211 228 241,PROP_65,YES,224,503,279,4,~  5MK-6A,PROPOSITION 65 CARRYOUT,YES,221,507,3,-4,3,4,39,7.69%,5MK-6A.PROPOSITION 65 CARRYOUT BAGS. CHARGES. INITIATIVE STATUTE..YES
000121 ,1,2,017 055 099 211 228 229 241,PROP_56,YES,327,577,250,0,~  5MK-7,PROPOSITION 56 CIGARETT,YES,330,580,-3,-3,3,3,95,3.16%,"5MK-7.PROPOSITION 56 CIGARETTE TAX TO FUND HEALTHCARE, TOBACCO USE PREVENTION, RESEARCH, AND.YES"
000121 ,1,2,017 055 099 211 228 229 241,PROP_58,YES,404,577,173,0,~  5MK-7,PROPOSITION 58 ENGLISH ,YES,407,580,-3,-3,3,3,268,1.12%,5MK-7.PROPOSITION 58 ENGLISH PROFICIENCY. MULTILINGUAL EDUCATION. INITIATIVE STATUTE..YES
000121 ,1,2,017 055 099 211 228 229 241,PROP_60,NO,318,577,259,0,~  5MK-7,PROPOSITION 60 ADULT FI,NO,321,580,-3,-3,3,3,120,2.50%,5MK-7.PROPOSITION 60 ADULT FILMS. CONDOMS. HEALTH REQUIREMENTS. INITIATIVE STATUTE..NO
000121 ,1,2,017 055 099 211 228 229 241,PROP_62,YES,235,577,342,0,~  5MK-7,PROPOSITION 62 DEATH PE,YES,238,580,-3,-3,3,3,65,4.62%,5MK-7.PROPOSITION 62 DEATH PENALTY. INITIATIVE STATUTE..YES
000122 ,1,1,016 017 055 099 100 211 212 228 229 241,PROP_54,NO,258,714,456,3,~  5MK-8,PROPOSITION 54 LEGISLAT,NO,255,715,3,-1,3,1,159,1.89%,5MK-8.PROPOSITION 54 LEGISLATURE. LEGISLATION AND PROCEEDINGS. INITIATIVE CONSTITUTIONAL AMENDMENT AND.NO
000126 ,1,2,017 018 056 103 104 212 213 228 229 241,PROP_58,NO,117,670,553,2,~  5TU-1,PROPOSITION 58 ENGLISH ,NO,120,702,-3,-32,3,32,413,0.73%,5TU-1.PROPOSITION 58 ENGLISH PROFICIENCY. MULTILINGUAL EDUCATION. INITIATIVE STATUTE..NO
000127 ,2,3,017 056 104 105 213 229 240 241,PROP_65,YES,269,613,344,3,~  5TU-4,PROPOSITION 65 CARRYOUT,YES,266,614,3,-1,3,1,50,6.00%,5TU-4.PROPOSITION 65 CARRYOUT BAGS. CHARGES. INITIATIVE STATUTE..YES
000001 ,2,3,000 042 056 057 150 223 232 243,MEAS_R,NO,276,632,356,3,~  1CS-1,MEASURE R HUMBOLDT COUN,NO,274,630,2,2,2,2,13,15.38%,1CS-1.MEASURE R HUMBOLDT COUNTY FINANCE DEPARTMENT ELECTIVE OFFICE MEASURE..NO
000001 ,2,3,000 042 056 057 150 223 232 243,MEAS_R,YES,263,632,369,3,~  1CS-1,MEASURE R HUMBOLDT COUN,YES,261,630,2,2,2,2,13,15.38%,1CS-1.MEASURE R HUMBOLDT COUNTY FINANCE DEPARTMENT ELECTIVE OFFICE MEASURE..YES
000001 ,1,1,000 042 056 149 150 223 232 243,PRES,HILLARY_CLINTON,312,632,320,0,~  1CS-1,PRESIDENT AND VICE PRES,HILLARY CLINTON      ,310,630,2,2,2,2,89,2.25%,1CS-1.PRESIDENT AND VICE PRESIDENT.HILLARY CLINTON      and TIM KAINE
000001 ,1,1,000 042 056 149 150 223 232 243,PROP_51,YES,281,632,351,2,~  1CS-1,PROPOSITION 51 SCHOOL B,YES,279,630,2,2,2,2,34,5.88%,1CS-1.PROPOSITION 51 SCHOOL BONDS. FUNDING FOR K-12 SCHOOL AND COMMUNITY COLLEGE FACILITIES. INITIATIVE.YES
000001 ,1,1,000 042 056 149 150 223 232 243,PROP_53,YES,264,632,368,3,~  1CS-1,PROPOSITION 53 REVENUE ,YES,262,630,2,2,2,2,50,4.00%,1CS-1.PROPOSITION 53 REVENUE BONDS. STATEWIDE VOTER APPROVAL. INITIATIVE CONSTITUTIONAL AMENDMENT..YES
000001 ,1,2,000 042 056 149 150 196 223 232 243,PROP_55,YES,383,633,250,1,~  1CS-1,PROPOSITION 55 TAX EXTE,YES,381,630,2,3,2,3,171,1.17%,1CS-1.PROPOSITION 55 TAX EXTENSION TO FUND EDUCATION AND HEALTHCARE. INITIATIVE CONSTITUTIONAL AMENDMENT..YES
000001 ,1,2,000 042 056 149 150 196 223 232 243,PROP_56,YES,356,633,277,0,~  1CS-1,PROPOSITION 56 CIGARETT,YES,354,630,2,3,2,3,105,1.90%,"1CS-1.PROPOSITION 56 CIGARETTE TAX TO FUND HEALTHCARE, TOBACCO USE PREVENTION, RESEARCH, AND.YES"
000001 ,1,2,000 042 056 149 150 196 223 232 243,PROP_58,NO,141,633,492,2,~  1CS-1,PROPOSITION 58 ENGLISH ,NO,139,630,2,3,2,3,302,0.66%,1CS-1.PROPOSITION 58 ENGLISH PROFICIENCY. MULTILINGUAL EDUCATION. INITIATIVE STATUTE..NO
000001 ,1,2,000 042 056 149 150 196 223 232 243,PROP_59,NO,244,633,389,1,~  1CS-1,PROPOSITION 59 CORPORAT,NO,242,630,2,3,2,3,67,2.99%,1CS-1.PROPOSITION 59 CORPORATIONS. POLITICAL SPENDING. FEDERAL CONSTITUTIONAL PROTECTIONS..NO
000001 ,1,2,000 042 056 149 150 196 223 232 243,PROP_59,YES,311,633,322,1,~  1CS-1,PROPOSITION 59 CORPORAT,YES,309,630,2,3,2,3,67,2.99%,1CS-1.PROPOSITION 59 CORPORATIONS. POLITICAL SPENDING. FEDERAL CONSTITUTIONAL PROTECTIONS..YES
000001 ,1,2,000 042 056 149 150 196 223 232 243,PROP_60,NO,365,633,268,2,~  1CS-1,PROPOSITION 60 ADULT FI,NO,363,630,2,3,2,3,154,1.30%,1CS-1.PROPOSITION 60 ADULT FILMS. CONDOMS. HEALTH REQUIREMENTS. INITIATIVE STATUTE..NO
000001 ,1,2,000 042 056 149 150 196 223 232 243,PROP_60,YES,211,633,422,2,~  1CS-1,PROPOSITION 60 ADULT FI,YES,209,630,2,3,2,3,154,1.30%,1CS-1.PROPOSITION 60 ADULT FILMS. CONDOMS. HEALTH REQUIREMENTS. INITIATIVE STATUTE..YES
000001 ,1,2,000 042 056 149 150 196 223 232 243,PROP_61,YES,293,633,340,1,~  1CS-1,PROPOSITION 61 STATE PR,YES,291,630,2,3,2,3,18,11.11%,1CS-1.PROPOSITION 61 STATE PRESCRIPTION DRUG PURCHASES. PRICING STANDARDS. INITIATIVE STATUTE..YES
000001 ,1,2,000 042 056 149 150 196 223 232 243,PROP_62,NO,327,633,306,2,~  1CS-1,PROPOSITION 62 DEATH PE,NO,325,630,2,3,2,3,66,3.03%,1CS-1.PROPOSITION 62 DEATH PENALTY. INITIATIVE STATUTE..NO
000001 ,2,3,000 042 056 057 150 223 232 243,PROP_64,YES,356,632,276,3,~  1CS-1,PROPOSITION 64 MARIJUAN,YES,354,630,2,2,2,2,101,1.98%,1CS-1.PROPOSITION 64 MARIJUANA LEGALIZATION. INITIATIVE STATUTE..YES
000001 ,2,3,000 042 056 057 150 223 232 243,PROP_66,NO,318,632,314,2,~  1CS-1,PROPOSITION 66 DEATH PE,NO,316,630,2,2,2,2,58,3.45%,1CS-1.PROPOSITION 66 DEATH PENALTY. PROCEDURES. INITIATIVE STATUTE..NO
000001 ,1,1,000 042 056 149 150 223 232 243,STATEASS2,JIM_WOOD,354,632,278,1,~  1CS-1,"STATE ASSEMBLY, DISTRIC",JIM WOOD,352,630,2,2,2,2,170,1.18%,"1CS-1.STATE ASSEMBLY, DISTRICT 2.JIM WOOD"
000001 ,1,1,000 042 056 149 150 223 232 243,USREP,JARED_W_HUFFMAN,404,632,228,0,~  1CS-1,US REPRESENTATIVE IN CO,JARED W. HUFFMAN,402,630,2,2,2,2,217,0.92%,"1CS-1.US REPRESENTATIVE IN CONGRESS, DISTRICT 2.JARED W. HUFFMAN"
000002 ,1,1,000 041 042 057 149 223 232 243,PROP_54,NO,257,661,404,2,~  1CS-2,PROPOSITION 54 LEGISLAT,NO,255,661,2,0,2,0,102,1.96%,1CS-2.PROPOSITION 54 LEGISLATURE. LEGISLATION AND PROCEEDINGS. INITIATIVE CONSTITUTIONAL AMENDMENT AND.NO
000002 ,1,1,000 041 042 057 149 223 232 243,PROP_55,YES,361,661,300,3,~  1CS-2,PROPOSITION 55 TAX EXTE,YES,359,661,2,0,2,0,86,2.33%,1CS-2.PROPOSITION 55 TAX EXTENSION TO FUND EDUCATION AND HEALTHCARE. INITIATIVE CONSTITUTIONAL AMENDMENT..YES
000002 ,2,3,000 041 042 057 058 149 223 232 243,PROP_64,YES,350,661,311,2,~  1CS-2,PROPOSITION 64 MARIJUAN,YES,348,661,2,0,2,0,55,3.64%,1CS-2.PROPOSITION 64 MARIJUANA LEGALIZATION. INITIATIVE STATUTE..YES
000003 ,2,3,000 041 058 059 148 149 223 232,MEAS_Q,NO,304,651,347,1,~  1CS-3,MEASURE Q HUMBOLDT COUN,NO,302,650,2,1,2,1,37,5.41%,1CS-3.MEASURE Q HUMBOLDT COUNTY CREATION OF FINANCE DEPARTMENT MEASURE..NO
000003 ,2,3,000 041 058 059 148 149 223 232,MEAS_S,YES,431,651,220,5,~  1CS-3,MEASURE S HUMBOLDT COUN,YES,429,650,2,1,2,1,249,0.80%,1CS-3.MEASURE S HUMBOLDT COUNTY COMMERCIAL MARIJUANA CULTIVATION MEASURE..YES
000003 ,1,2,000 041 058 148 149 223 232,PROP_57,NO,294,651,357,3,~  1CS-3,PROPOSITION 57 CRIMINAL,NO,292,650,2,1,2,1,26,7.69%,1CS-3.PROPOSITION 57 CRIMINAL SENTENCES. PAROLE. JUVENILE CRIMINAL PROCEEDINGS AND SENTENCING. INITIATIVE.NO
000003 ,1,2,000 041 058 148 149 223 232,PROP_57,YES,320,651,331,3,~  1CS-3,PROPOSITION 57 CRIMINAL,YES,318,650,2,1,2,1,26,7.69%,1CS-3.PROPOSITION 57 CRIMINAL SENTENCES. PAROLE. JUVENILE CRIMINAL PROCEEDINGS AND SENTENCING. INITIATIVE.YES
000003 ,1,2,000 041 058 148 149 223 232,PROP_58,NO,175,651,476,2,~  1CS-3,PROPOSITION 58 ENGLISH ,NO,173,650,2,1,2,1,270,0.74%,1CS-3.PROPOSITION 58 ENGLISH PROFICIENCY. MULTILINGUAL EDUCATION. INITIATIVE STATUTE..NO
000003 ,1,2,000 041 058 148 149 223 232,PROP_60,YES,227,651,424,2,~  1CS-3,PROPOSITION 60 ADULT FI,YES,225,650,2,1,2,1,136,1.47%,1CS-3.PROPOSITION 60 ADULT FILMS. CONDOMS. HEALTH REQUIREMENTS. INITIATIVE STATUTE..YES
000003 ,1,2,000 041 058 148 149 223 232,PROP_62,YES,256,651,395,3,~  1CS-3,PROPOSITION 62 DEATH PE,YES,254,650,2,1,2,1,98,2.04%,1CS-3.PROPOSITION 62 DEATH PENALTY. INITIATIVE STATUTE..YES
000003 ,2,3,000 041 058 059 148 149 223 232,PROP_65,NO,403,651,248,1,~  1CS-3,PROPOSITION 65 CARRYOUT,NO,401,650,2,1,2,1,189,1.06%,1CS-3.PROPOSITION 65 CARRYOUT BAGS. CHARGES. INITIATIVE STATUTE..NO
000003 ,2,3,000 041 058 059 148 149 223 232,PROP_67,NO,314,651,337,1,~  1CS-3,PROPOSITION 67 BAN ON S,NO,312,650,2,1,2,1,5,40.00%,1CS-3.PROPOSITION 67 BAN ON SINGLE-USE PLASTIC BAGS. REFERENDUM..NO
000004 ,1,1,001 040 059 060 147 148 223 232 243,PROP_52,NO,251,706,455,2,~  1CS-4,PROPOSITION 52 MEDI-CAL,NO,249,706,2,0,2,0,162,1.23%,1CS-4.PROPOSITION 52 MEDI-CAL HOSPITAL FEE PROGRAM. INITIATIVE CONSTITUTIONAL AMENDMENT AND STATUTE..NO
000004 ,1,2,001 040 059 060 147 148 223 232 243,PROP_56,YES,377,705,328,0,~  1CS-4,PROPOSITION 56 CIGARETT,YES,379,706,-2,-1,2,1,67,2.99%,"1CS-4.PROPOSITION 56 CIGARETTE TAX TO FUND HEALTHCARE, TOBACCO USE PREVENTION, RESEARCH, AND.YES"
000004 ,1,2,001 040 059 060 147 148 223 232 243,PROP_58,YES,487,705,218,0,~  1CS-4,PROPOSITION 58 ENGLISH ,YES,489,706,-2,-1,2,1,312,0.64%,1CS-4.PROPOSITION 58 ENGLISH PROFICIENCY. MULTILINGUAL EDUCATION. INITIATIVE STATUTE..YES
000004 ,2,3,001 040 060 147 148 223 232 243,PROP_66,YES,293,706,413,3,~  1CS-4,PROPOSITION 66 DEATH PE,YES,291,706,2,0,2,0,57,3.51%,1CS-4.PROPOSITION 66 DEATH PENALTY. PROCEDURES. INITIATIVE STATUTE..YES
000005 ,2,4,001 038 039 060 061 146 147 223 233,MEAS_P,YES,363,737,374,2,~  1E-36,MEASURE P CITY OF EUREK,YES,361,737,2,0,2,0,61,3.28%,1E-36.MEASURE P CITY OF EUREKA CHARTER AMENDMENT MEASURE..YES
000005 ,2,3,001 038 039 060 061 146 147 223 233,MEAS_S,NO,205,737,532,2,~  1E-36,MEASURE S HUMBOLDT COUN,NO,203,737,2,0,2,0,289,0.69%,1E-36.MEASURE S HUMBOLDT COUNTY COMMERCIAL MARIJUANA CULTIVATION MEASURE..NO
000005 ,2,3,001 038 039 060 061 146 147 223 233,MEAS_U,YES,340,737,397,2,~  1E-36,MEASURE U LOCAL TRANSPO,YES,338,737,2,0,2,0,8,25.00%,1E-36.MEASURE U LOCAL TRANSPORTATION AUTHORITY RETAIL TRANSACTIONS AND USE TAX..YES
000005 ,1,2,001 038 039 061 146 147 223 233,PROP_61,NO,340,737,397,2,~  1E-36,PROPOSITION 61 STATE PR,NO,338,737,2,0,2,0,6,33.33%,1E-36.PROPOSITION 61 STATE PRESCRIPTION DRUG PURCHASES. PRICING STANDARDS. INITIATIVE STATUTE..NO
000006 ,1,2,000 001 038 061 062 146 223 233,PROP_56,NO,274,674,400,3,~  1E-43,PROPOSITION 56 CIGARETT,NO,272,674,2,0,2,0,93,2.15%,"1E-43.PROPOSITION 56 CIGARETTE TAX TO FUND HEALTHCARE, TOBACCO USE PREVENTION, RESEARCH, AND.NO"
000006 ,1,2,000 001 038 061 062 146 223 233,PROP_59,NO,269,674,405,2,~  1E-43,PROPOSITION 59 CORPORAT,NO,267,674,2,0,2,0,68,2.94%,1E-43.PROPOSITION 59 CORPORATIONS. POLITICAL SPENDING. FEDERAL CONSTITUTIONAL PROTECTIONS..NO
000006 ,1,2,000 001 038 061 062 146 223 233,PROP_60,NO,388,674,286,1,~  1E-43,PROPOSITION 60 ADULT FI,NO,386,674,2,0,2,0,166,1.20%,1E-43.PROPOSITION 60 ADULT FILMS. CONDOMS. HEALTH REQUIREMENTS. INITIATIVE STATUTE..NO
000006 ,1,2,000 001 038 061 062 146 223 233,PROP_61,NO,296,674,378,2,~  1E-43,PROPOSITION 61 STATE PR,NO,294,674,2,0,2,0,23,8.70%,1E-43.PROPOSITION 61 STATE PRESCRIPTION DRUG PURCHASES. PRICING STANDARDS. INITIATIVE STATUTE..NO
000006 ,1,2,000 001 038 061 062 146 223 233,PROP_62,NO,307,674,367,2,~  1E-43,PROPOSITION 62 DEATH PE,NO,305,674,2,0,2,0,22,9.09%,1E-43.PROPOSITION 62 DEATH PENALTY. INITIATIVE STATUTE..NO
000006 ,1,2,000 001 038 061 062 146 223 233,PROP_62,YES,329,674,345,2,~  1E-43,PROPOSITION 62 DEATH PE,YES,327,674,2,0,2,0,22,9.09%,1E-43.PROPOSITION 62 DEATH PENALTY. INITIATIVE STATUTE..YES
000006 ,2,3,000 001 038 061 062 146 223 233,PROP_66,YES,241,674,433,2,~  1E-43,PROPOSITION 66 DEATH PE,YES,239,674,2,0,2,0,126,1.59%,1E-43.PROPOSITION 66 DEATH PENALTY. PROCEDURES. INITIATIVE STATUTE..YES
000006 ,1,1,000 001 038 061 062 146 223 233,USSEN,KAMALA_D_HARRIS,389,674,285,0,~  1E-43,US SENATOR,KAMALA D. HARRIS,387,674,2,0,2,0,238,0.84%,1E-43.US SENATOR.KAMALA D. HARRIS
000007 ,2,3,002 038 063 151 152 223 224 233 243,MEAS_R,NO,343,695,352,0,~  1E-45,MEASURE R HUMBOLDT COUN,NO,341,697,2,-2,2,2,84,2.38%,1E-45.MEASURE R HUMBOLDT COUNTY FINANCE DEPARTMENT ELECTIVE OFFICE MEASURE..NO
000007 ,2,3,002 038 063 151 152 223 224 233 243,MEAS_U,NO,371,695,324,1,~  1E-45,MEASURE U LOCAL TRANSPO,NO,369,697,2,-2,2,2,102,1.96%,1E-45.MEASURE U LOCAL TRANSPORTATION AUTHORITY RETAIL TRANSACTIONS AND USE TAX..NO
000007 ,2,4,002 038 063 151 152 223 224 233 243,MEAS_V,NO,320,695,375,0,~  1E-45,MEASURE V MOBILE HOME P,NO,318,697,2,-2,2,2,10,20.00%,1E-45.MEASURE V MOBILE HOME PARK SPACE RENT STABILIZATION..NO
000007 ,1,1,002 038 062 063 151 152 223 224 229 233 243,PROP_52,YES,424,696,272,2,~  1E-45,PROPOSITION 52 MEDI-CAL,YES,422,697,2,-1,2,1,196,1.02%,1E-45.PROPOSITION 52 MEDI-CAL HOSPITAL FEE PROGRAM. INITIATIVE CONSTITUTIONAL AMENDMENT AND STATUTE..YES
000007 ,1,2,002 038 062 063 151 152 223 224 229 233 243,PROP_61,YES,308,697,389,2,~  1E-45,PROPOSITION 61 STATE PR,YES,306,697,2,0,2,0,7,28.57%,1E-45.PROPOSITION 61 STATE PRESCRIPTION DRUG PURCHASES. PRICING STANDARDS. INITIATIVE STATUTE..YES
000007 ,1,2,002 038 062 063 151 152 223 224 229 233 243,PROP_62,YES,295,697,402,2,~  1E-45,PROPOSITION 62 DEATH PE,YES,293,697,2,0,2,0,71,2.82%,1E-45.PROPOSITION 62 DEATH PENALTY. INITIATIVE STATUTE..YES
000007 ,2,3,002 038 063 151 152 223 224 233 243,PROP_63,NO,332,695,363,0,~  1E-45,PROPOSITION 63 FIREARMS,NO,330,697,2,-2,2,2,3,66.67%,1E-45.PROPOSITION 63 FIREARMS. AMMUNITION SALES. INITIATIVE STATUTE..NO
000007 ,2,3,002 038 063 151 152 223 224 233 243,PROP_64,NO,287,695,408,3,~  1E-45,PROPOSITION 64 MARIJUAN,NO,285,697,2,-2,2,2,108,1.85%,1E-45.PROPOSITION 64 MARIJUANA LEGALIZATION. INITIATIVE STATUTE..NO
000007 ,2,3,002 038 063 151 152 223 224 233 243,PROP_67,NO,309,695,386,0,~  1E-45,PROPOSITION 67 BAN ON S,NO,307,697,2,-2,2,2,38,5.26%,1E-45.PROPOSITION 67 BAN ON SINGLE-USE PLASTIC BAGS. REFERENDUM..NO
000007 ,1,1,002 038 062 063 151 152 223 224 229 233 243,USSEN,LORETTA_L_SANCHEZ,158,696,538,3,~  1E-45,US SENATOR,LORETTA L. SANCHEZ,156,697,2,-1,2,1,213,0.94%,1E-45.US SENATOR.LORETTA L. SANCHEZ
000008 ,2,3,002 037 064 150 151 224 233,MEAS_S,NO,143,519,376,2,~  1E-55,MEASURE S HUMBOLDT COUN,NO,141,521,2,-2,2,2,200,1.00%,1E-55.MEASURE S HUMBOLDT COUNTY COMMERCIAL MARIJUANA CULTIVATION MEASURE..NO
000008 ,2,3,002 037 064 150 151 224 233,MEAS_U,NO,243,519,276,0,~  1E-55,MEASURE U LOCAL TRANSPO,NO,245,521,-2,-2,2,2,24,8.33%,1E-55.MEASURE U LOCAL TRANSPORTATION AUTHORITY RETAIL TRANSACTIONS AND USE TAX..NO
000008 ,2,3,002 037 064 150 151 224 233,PROP_67,YES,291,519,228,2,~  1E-55,PROPOSITION 67 BAN ON S,YES,289,521,2,-2,2,2,85,2.35%,1E-55.PROPOSITION 67 BAN ON SINGLE-USE PLASTIC BAGS. REFERENDUM..YES
000010 ,2,3,001 002 037 038 064 065 153 154 224 233 243,MEAS_S,NO,246,884,638,4,~  1ES-1,MEASURE S HUMBOLDT COUN,NO,244,883,2,1,2,1,344,0.58%,1ES-1.MEASURE S HUMBOLDT COUNTY COMMERCIAL MARIJUANA CULTIVATION MEASURE..NO
000010 ,2,3,001 002 037 038 064 065 153 154 224 233 243,MEAS_U,YES,382,884,502,0,~  1ES-1,MEASURE U LOCAL TRANSPO,YES,384,883,-2,1,2,1,57,3.51%,1ES-1.MEASURE U LOCAL TRANSPORTATION AUTHORITY RETAIL TRANSACTIONS AND USE TAX..YES
000010 ,2,3,001 002 037 038 064 065 153 154 224 233 243,MEAS_V,NO,386,884,498,1,~  1ES-1,MEASURE V MOBILE HOME P,NO,388,883,-2,1,2,1,40,5.00%,1ES-1.MEASURE V MOBILE HOME PARK SPACE RENT STABILIZATION..NO
000010 ,1,1,001 002 037 038 064 065 153 154 224 233,PROP_53,NO,417,883,466,3,~  1ES-1,PROPOSITION 53 REVENUE ,NO,415,883,2,0,2,0,16,12.50%,1ES-1.PROPOSITION 53 REVENUE BONDS. STATEWIDE VOTER APPROVAL. INITIATIVE CONSTITUTIONAL AMENDMENT..NO
000010 ,1,2,001 002 037 038 064 065 153 154 224 233,PROP_58,NO,186,877,691,0,~  1ES-1,PROPOSITION 58 ENGLISH ,NO,188,883,-2,-6,2,6,443,0.45%,1ES-1.PROPOSITION 58 ENGLISH PROFICIENCY. MULTILINGUAL EDUCATION. INITIATIVE STATUTE..NO
000010 ,1,2,001 002 037 038 064 065 153 154 224 233,PROP_59,NO,340,877,537,0,~  1ES-1,PROPOSITION 59 CORPORAT,NO,342,883,-2,-6,2,6,107,1.87%,1ES-1.PROPOSITION 59 CORPORATIONS. POLITICAL SPENDING. FEDERAL CONSTITUTIONAL PROTECTIONS..NO
000010 ,1,1,001 002 037 038 064 065 153 154 224 233,USSEN,LORETTA_L_SANCHEZ,244,883,639,3,~  1ES-1,US SENATOR,LORETTA L. SANCHEZ,242,883,2,0,2,0,244,0.82%,1ES-1.US SENATOR.LORETTA L. SANCHEZ
000011 ,2,3,003 040 041 070 071 152 153 224 233 234,MEAS_L,BONDS_NO,453,853,400,3,~  1F--1,MEASURE L FERNDALE UNIF,BONDS NO,451,853,2,0,2,0,78,2.56%,1F--1.MEASURE L FERNDALE UNIFIED SCHOOL DISTRICT BOND MEASURE..BONDS NO
000011 ,2,3,003 040 041 070 071 152 153 224 233 234,MEAS_L,BONDS_YES,375,853,478,3,~  1F--1,MEASURE L FERNDALE UNIF,BONDS YES,373,853,2,0,2,0,78,2.56%,1F--1.MEASURE L FERNDALE UNIFIED SCHOOL DISTRICT BOND MEASURE..BONDS YES
000011 ,2,3,003 040 041 070 071 152 153 224 233 234,MEAS_R,YES,314,853,539,3,~  1F--1,MEASURE R HUMBOLDT COUN,YES,312,853,2,0,2,0,110,1.82%,1F--1.MEASURE R HUMBOLDT COUNTY FINANCE DEPARTMENT ELECTIVE OFFICE MEASURE..YES
000011 ,1,2,003 040 041 069 070 152 153 224 233 234,PROP_56,NO,350,851,501,2,~  1F--1,PROPOSITION 56 CIGARETT,NO,352,853,-2,-2,2,2,117,1.71%,"1F--1.PROPOSITION 56 CIGARETTE TAX TO FUND HEALTHCARE, TOBACCO USE PREVENTION, RESEARCH, AND.NO"
000011 ,1,2,003 040 041 069 070 152 153 224 233 234,PROP_56,YES,471,851,380,2,~  1F--1,PROPOSITION 56 CIGARETT,YES,469,853,2,-2,2,2,117,1.71%,"1F--1.PROPOSITION 56 CIGARETTE TAX TO FUND HEALTHCARE, TOBACCO USE PREVENTION, RESEARCH, AND.YES"
000011 ,1,2,003 040 041 069 070 152 153 224 233 234,PROP_57,NO,319,851,532,4,~  1F--1,PROPOSITION 57 CRIMINAL,NO,321,853,-2,-2,2,2,147,1.36%,1F--1.PROPOSITION 57 CRIMINAL SENTENCES. PAROLE. JUVENILE CRIMINAL PROCEEDINGS AND SENTENCING. INITIATIVE.NO
000011 ,1,2,003 040 041 069 070 152 153 224 233 234,PROP_59,YES,402,851,449,3,~  1F--1,PROPOSITION 59 CORPORAT,YES,400,853,2,-2,2,2,55,3.64%,1F--1.PROPOSITION 59 CORPORATIONS. POLITICAL SPENDING. FEDERAL CONSTITUTIONAL PROTECTIONS..YES
000011 ,1,2,003 040 041 069 070 152 153 224 233 234,PROP_60,NO,481,851,370,5,~  1F--1,PROPOSITION 60 ADULT FI,NO,479,853,2,-2,2,2,197,1.02%,1F--1.PROPOSITION 60 ADULT FILMS. CONDOMS. HEALTH REQUIREMENTS. INITIATIVE STATUTE..NO
000011 ,1,2,003 040 041 069 070 152 153 224 233 234,PROP_61,YES,376,851,475,3,~  1F--1,PROPOSITION 61 STATE PR,YES,374,853,2,-2,2,2,25,8.00%,1F--1.PROPOSITION 61 STATE PRESCRIPTION DRUG PURCHASES. PRICING STANDARDS. INITIATIVE STATUTE..YES
000011 ,1,2,003 040 041 069 070 152 153 224 233 234,PROP_62,NO,467,851,384,3,~  1F--1,PROPOSITION 62 DEATH PE,NO,465,853,2,-2,2,2,126,1.59%,1F--1.PROPOSITION 62 DEATH PENALTY. INITIATIVE STATUTE..NO
000011 ,1,2,003 040 041 069 070 152 153 224 233 234,PROP_62,YES,337,851,514,3,~  1F--1,PROPOSITION 62 DEATH PE,YES,339,853,-2,-2,2,2,126,1.59%,1F--1.PROPOSITION 62 DEATH PENALTY. INITIATIVE STATUTE..YES
000011 ,2,3,003 040 041 070 071 152 153 224 233 234,PROP_65,YES,306,853,547,2,~  1F--1,PROPOSITION 65 CARRYOUT,YES,304,853,2,0,2,0,190,1.05%,1F--1.PROPOSITION 65 CARRYOUT BAGS. CHARGES. INITIATIVE STATUTE..YES
000013 ,2,3,003 039 066 067 154 155 224 234,MEAS_L,BONDS_YES,312,677,365,3,~  1FS,MEASURE L FERNDALE UNIF,BONDS YES,310,680,2,-3,2,3,34,5.88%,1FS.MEASURE L FERNDALE UNIFIED SCHOOL DISTRICT BOND MEASURE..BONDS YES
000013 ,1,1,003 039 065 066 154 155 224 229 234,PROP_52,NO,285,680,395,2,~  1FS,PROPOSITION 52 MEDI-CAL,NO,283,680,2,0,2,0,58,3.45%,1FS.PROPOSITION 52 MEDI-CAL HOSPITAL FEE PROGRAM. INITIATIVE CONSTITUTIONAL AMENDMENT AND STATUTE..NO
000013 ,1,1,003 039 065 066 154 155 224 229 234,PROP_53,NO,298,680,382,3,~  1FS,PROPOSITION 53 REVENUE ,NO,296,680,2,0,2,0,26,7.69%,1FS.PROPOSITION 53 REVENUE BONDS. STATEWIDE VOTER APPROVAL. INITIATIVE CONSTITUTIONAL AMENDMENT..NO
000013 ,1,1,003 039 065 066 154 155 224 229 234,PROP_54,NO,247,680,433,3,~  1FS,PROPOSITION 54 LEGISLAT,NO,245,680,2,0,2,0,129,1.55%,1FS.PROPOSITION 54 LEGISLATURE. LEGISLATION AND PROCEEDINGS. INITIATIVE CONSTITUTIONAL AMENDMENT AND.NO
000013 ,1,2,003 039 065 066 154 155 224 229 234,PROP_56,YES,314,680,366,2,~  1FS,PROPOSITION 56 CIGARETT,YES,312,680,2,0,2,0,22,9.09%,"1FS.PROPOSITION 56 CIGARETTE TAX TO FUND HEALTHCARE, TOBACCO USE PREVENTION, RESEARCH, AND.YES"
000013 ,1,2,003 039 065 066 154 155 224 229 234,PROP_62,YES,189,680,491,2,~  1FS,PROPOSITION 62 DEATH PE,YES,187,680,2,0,2,0,261,0.77%,1FS.PROPOSITION 62 DEATH PENALTY. INITIATIVE STATUTE..YES
000013 ,2,3,003 039 066 067 154 155 224 234,PROP_65,YES,191,677,486,4,~  1FS,PROPOSITION 65 CARRYOUT,YES,189,680,2,-3,2,3,251,0.80%,1FS.PROPOSITION 65 CARRYOUT BAGS. CHARGES. INITIATIVE STATUTE..YES
000013 ,2,3,003 039 066 067 154 155 224 234,PROP_67,YES,265,677,412,3,~  1FS,PROPOSITION 67 BAN ON S,YES,263,680,2,-3,2,3,114,1.75%,1FS.PROPOSITION 67 BAN ON SINGLE-USE PLASTIC BAGS. REFERENDUM..YES
000017 ,1,2,002 003 040 097 098 154 224 232 233,PROP_62,NO,349,609,260,2,~  1LU,PROPOSITION 62 DEATH PE,NO,347,609,2,0,2,0,116,1.72%,1LU.PROPOSITION 62 DEATH PENALTY. INITIATIVE STATUTE..NO
000017 ,2,3,002 003 040 098 154 224 232 233,PROP_66,YES,237,609,372,2,~  1LU,PROPOSITION 66 DEATH PE,YES,235,609,2,0,2,0,76,2.63%,1LU.PROPOSITION 66 DEATH PENALTY. PROCEDURES. INITIATIVE STATUTE..YES
000020 ,2,3,034 215 223,MEAS_S,NO,39,104,65,3,~  1RV-2,MEASURE S HUMBOLDT COUN,NO,37,105,2,-1,2,1,26,7.69%,1RV-2.MEASURE S HUMBOLDT COUNTY COMMERCIAL MARIJUANA CULTIVATION MEASURE..NO
000020 ,1,1,034 215 223,PROP_54,NO,30,105,75,2,~  1RV-2,PROPOSITION 54 LEGISLAT,NO,28,105,2,0,2,0,42,4.76%,1RV-2.PROPOSITION 54 LEGISLATURE. LEGISLATION AND PROCEEDINGS. INITIATIVE CONSTITUTIONAL AMENDMENT AND.NO
000020 ,1,2,034 215 223,PROP_59,YES,51,105,54,2,~  1RV-2,PROPOSITION 59 CORPORAT,YES,49,105,2,0,2,0,5,40.00%,1RV-2.PROPOSITION 59 CORPORATIONS. POLITICAL SPENDING. FEDERAL CONSTITUTIONAL PROTECTIONS..YES
000021 ,2,3,004 005 039 040 069 155 156 224 233 243,MEAS_N,BONDS_NO,447,1055,608,3,~  1SB-1,MEASURE N SOUTH BAY UNI,BONDS NO,445,1059,2,-4,2,4,105,1.90%,1SB-1.MEASURE N SOUTH BAY UNION SCHOOL DISTRICT BOND MEASURE..BONDS NO
000021 ,2,3,004 005 039 040 069 155 156 224 233 243,MEAS_N,BONDS_YES,552,1055,503,3,~  1SB-1,MEASURE N SOUTH BAY UNI,BONDS YES,550,1059,2,-4,2,4,105,1.90%,1SB-1.MEASURE N SOUTH BAY UNION SCHOOL DISTRICT BOND MEASURE..BONDS YES
000021 ,2,3,004 005 039 040 069 155 156 224 233 243,MEAS_R,NO,524,1055,531,2,~  1SB-1,MEASURE R HUMBOLDT COUN,NO,522,1059,2,-4,2,4,100,2.00%,1SB-1.MEASURE R HUMBOLDT COUNTY FINANCE DEPARTMENT ELECTIVE OFFICE MEASURE..NO
000021 ,2,3,004 005 039 040 069 155 156 224 233 243,MEAS_U,YES,378,1055,677,2,~  1SB-1,MEASURE U LOCAL TRANSPO,YES,376,1059,2,-4,2,4,216,0.93%,1SB-1.MEASURE U LOCAL TRANSPORTATION AUTHORITY RETAIL TRANSACTIONS AND USE TAX..YES
000021 ,1,1,004 005 039 040 068 069 155 156 224 229 233 243,PRES,DONALD_J_TRUMP,447,1059,612,2,~  1SB-1,PRESIDENT AND VICE PRES,DONALD J. TRUMP      ,445,1059,2,0,2,0,30,6.67%,1SB-1.PRESIDENT AND VICE PRESIDENT.DONALD J. TRUMP      and MICHAEL R. PENCE
000021 ,1,1,004 005 039 040 068 069 155 156 224 229 233 243,PROP_52,YES,609,1059,450,5,~  1SB-1,PROPOSITION 52 MEDI-CAL,YES,607,1059,2,0,2,0,222,0.90%,1SB-1.PROPOSITION 52 MEDI-CAL HOSPITAL FEE PROGRAM. INITIATIVE CONSTITUTIONAL AMENDMENT AND STATUTE..YES
000021 ,1,1,004 005 039 040 068 069 155 156 224 229 233 243,PROP_55,YES,608,1059,451,3,~  1SB-1,PROPOSITION 55 TAX EXTE,YES,606,1059,2,0,2,0,207,0.97%,1SB-1.PROPOSITION 55 TAX EXTENSION TO FUND EDUCATION AND HEALTHCARE. INITIATIVE CONSTITUTIONAL AMENDMENT..YES
000021 ,1,2,004 005 039 040 068 069 155 156 224 229 233 243,PROP_57,YES,576,1059,483,3,~  1SB-1,PROPOSITION 57 CRIMINAL,YES,574,1059,2,0,2,0,150,1.33%,1SB-1.PROPOSITION 57 CRIMINAL SENTENCES. PAROLE. JUVENILE CRIMINAL PROCEEDINGS AND SENTENCING. INITIATIVE.YES
000021 ,1,2,004 005 039 040 068 069 155 156 224 229 233 243,PROP_63,NO,569,1059,490,4,~  1SB-1,PROPOSITION 63 FIREARMS,NO,567,1059,2,0,2,0,117,1.71%,1SB-1.PROPOSITION 63 FIREARMS. AMMUNITION SALES. INITIATIVE STATUTE..NO
000021 ,1,2,004 005 039 040 068 069 155 156 224 229 233 243,PROP_63,YES,452,1059,607,4,~  1SB-1,PROPOSITION 63 FIREARMS,YES,450,1059,2,0,2,0,117,1.71%,1SB-1.PROPOSITION 63 FIREARMS. AMMUNITION SALES. INITIATIVE STATUTE..YES
000021 ,2,3,004 005 039 040 069 155 156 224 233 243,PROP_65,YES,371,1055,684,2,~  1SB-1,PROPOSITION 65 CARRYOUT,YES,369,1059,2,-4,2,4,264,0.76%,1SB-1.PROPOSITION 65 CARRYOUT BAGS. CHARGES. INITIATIVE STATUTE..YES
000021 ,2,3,004 005 039 040 069 155 156 224 233 243,PROP_67,NO,515,1055,540,3,~  1SB-1,PROPOSITION 67 BAN ON S,NO,513,1059,2,-4,2,4,8,25.00%,1SB-1.PROPOSITION 67 BAN ON SINGLE-USE PLASTIC BAGS. REFERENDUM..NO
000022 ,2,3,003 004 043 067 156 157 224 233 243,MEAS_R,YES,388,940,552,2,~  1SB-4,MEASURE R HUMBOLDT COUN,YES,386,944,2,-4,2,4,57,3.51%,1SB-4.MEASURE R HUMBOLDT COUNTY FINANCE DEPARTMENT ELECTIVE OFFICE MEASURE..YES
000022 ,2,3,003 004 043 067 156 157 224 233 243,MEAS_S,YES,561,940,379,3,~  1SB-4,MEASURE S HUMBOLDT COUN,YES,559,944,2,-4,2,4,230,0.87%,1SB-4.MEASURE S HUMBOLDT COUNTY COMMERCIAL MARIJUANA CULTIVATION MEASURE..YES
000022 ,1,1,003 004 043 067 068 156 157 224 229 233 243,PROP_51,NO,465,944,479,4,~  1SB-4,PROPOSITION 51 SCHOOL B,NO,463,944,2,0,2,0,37,5.41%,1SB-4.PROPOSITION 51 SCHOOL BONDS. FUNDING FOR K-12 SCHOOL AND COMMUNITY COLLEGE FACILITIES. INITIATIVE.NO
000022 ,1,1,003 004 043 067 068 156 157 224 229 233 243,PROP_52,NO,314,944,630,4,~  1SB-4,PROPOSITION 52 MEDI-CAL,NO,312,944,2,0,2,0,265,0.75%,1SB-4.PROPOSITION 52 MEDI-CAL HOSPITAL FEE PROGRAM. INITIATIVE CONSTITUTIONAL AMENDMENT AND STATUTE..NO
000022 ,1,1,003 004 043 067 068 156 157 224 229 233 243,PROP_52,YES,579,944,365,4,~  1SB-4,PROPOSITION 52 MEDI-CAL,YES,577,944,2,0,2,0,265,0.75%,1SB-4.PROPOSITION 52 MEDI-CAL HOSPITAL FEE PROGRAM. INITIATIVE CONSTITUTIONAL AMENDMENT AND STATUTE..YES
000022 ,1,2,003 004 043 067 068 156 157 224 229 233 243,PROP_56,YES,485,944,459,2,~  1SB-4,PROPOSITION 56 CIGARETT,YES,483,944,2,0,2,0,63,3.17%,"1SB-4.PROPOSITION 56 CIGARETTE TAX TO FUND HEALTHCARE, TOBACCO USE PREVENTION, RESEARCH, AND.YES"
000022 ,1,2,003 004 043 067 068 156 157 224 229 233 243,PROP_57,YES,545,944,399,3,~  1SB-4,PROPOSITION 57 CRIMINAL,YES,543,944,2,0,2,0,212,0.94%,1SB-4.PROPOSITION 57 CRIMINAL SENTENCES. PAROLE. JUVENILE CRIMINAL PROCEEDINGS AND SENTENCING. INITIATIVE.YES
000022 ,1,2,003 004 043 067 068 156 157 224 229 233 243,PROP_61,NO,388,944,556,2,~  1SB-4,PROPOSITION 61 STATE PR,NO,386,944,2,0,2,0,90,2.22%,1SB-4.PROPOSITION 61 STATE PRESCRIPTION DRUG PURCHASES. PRICING STANDARDS. INITIATIVE STATUTE..NO
000022 ,2,3,003 004 043 067 156 157 224 233 243,PROP_65,NO,547,940,393,3,~  1SB-4,PROPOSITION 65 CARRYOUT,NO,545,944,2,-4,2,4,205,0.98%,1SB-4.PROPOSITION 65 CARRYOUT BAGS. CHARGES. INITIATIVE STATUTE..NO
000022 ,2,3,003 004 043 067 156 157 224 233 243,PROP_66,YES,379,940,561,1,~  1SB-4,PROPOSITION 66 DEATH PE,YES,377,944,2,-4,2,4,81,2.47%,1SB-4.PROPOSITION 66 DEATH PENALTY. PROCEDURES. INITIATIVE STATUTE..YES
000022 ,2,3,003 004 043 067 156 157 224 233 243,PROP_67,NO,431,940,509,6,~  1SB-4,PROPOSITION 67 BAN ON S,NO,429,944,2,-4,2,4,46,4.35%,1SB-4.PROPOSITION 67 BAN ON SINGLE-USE PLASTIC BAGS. REFERENDUM..NO
000022 ,1,1,003 004 043 067 068 156 157 224 229 233 243,USSEN,LORETTA_L_SANCHEZ,271,944,673,2,~  1SB-4,US SENATOR,LORETTA L. SANCHEZ,269,944,2,0,2,0,191,1.05%,1SB-4.US SENATOR.LORETTA L. SANCHEZ
000023 ,2,3,005 042 043 067 072 159 160 224 233 243,MEAS_N,BONDS_NO,315,831,516,2,~  1SB10,MEASURE N SOUTH BAY UNI,BONDS NO,313,831,2,0,2,0,155,1.29%,1SB10.MEASURE N SOUTH BAY UNION SCHOOL DISTRICT BOND MEASURE..BONDS NO
000023 ,2,3,005 042 043 067 072 159 160 224 233 243,MEAS_Q,NO,375,831,456,4,~  1SB10,MEASURE Q HUMBOLDT COUN,NO,373,831,2,0,2,0,19,10.53%,1SB10.MEASURE Q HUMBOLDT COUNTY CREATION OF FINANCE DEPARTMENT MEASURE..NO
000023 ,2,3,005 042 043 067 072 159 160 224 233 243,MEAS_R,NO,402,831,429,2,~  1SB10,MEASURE R HUMBOLDT COUN,NO,400,831,2,0,2,0,66,3.03%,1SB10.MEASURE R HUMBOLDT COUNTY FINANCE DEPARTMENT ELECTIVE OFFICE MEASURE..NO
000023 ,2,3,005 042 043 067 072 159 160 224 233 243,MEAS_S,NO,247,831,584,3,~  1SB10,MEASURE S HUMBOLDT COUN,NO,245,831,2,0,2,0,303,0.66%,1SB10.MEASURE S HUMBOLDT COUNTY COMMERCIAL MARIJUANA CULTIVATION MEASURE..NO
000023 ,2,3,005 042 043 067 072 159 160 224 233 243,MEAS_U,YES,319,831,512,1,~  1SB10,MEASURE U LOCAL TRANSPO,YES,317,831,2,0,2,0,132,1.52%,1SB10.MEASURE U LOCAL TRANSPORTATION AUTHORITY RETAIL TRANSACTIONS AND USE TAX..YES
000023 ,1,1,005 042 043 072 073 159 160 224 229 233 243,PROP_51,NO,456,832,376,1,~  1SB10,PROPOSITION 51 SCHOOL B,NO,454,831,2,1,2,1,110,1.82%,1SB10.PROPOSITION 51 SCHOOL BONDS. FUNDING FOR K-12 SCHOOL AND COMMUNITY COLLEGE FACILITIES. INITIATIVE.NO
000023 ,1,1,005 042 043 072 073 159 160 224 229 233 243,PROP_52,NO,281,832,551,2,~  1SB10,PROPOSITION 52 MEDI-CAL,NO,279,831,2,1,2,1,224,0.89%,1SB10.PROPOSITION 52 MEDI-CAL HOSPITAL FEE PROGRAM. INITIATIVE CONSTITUTIONAL AMENDMENT AND STATUTE..NO
000023 ,1,1,005 042 043 072 073 159 160 224 229 233 243,PROP_53,YES,411,832,421,3,~  1SB10,PROPOSITION 53 REVENUE ,YES,409,831,2,1,2,1,41,4.88%,1SB10.PROPOSITION 53 REVENUE BONDS. STATEWIDE VOTER APPROVAL. INITIATIVE CONSTITUTIONAL AMENDMENT..YES
000023 ,1,2,005 042 043 072 073 159 160 224 229 233 243,PROP_58,YES,627,832,205,1,~  1SB10,PROPOSITION 58 ENGLISH ,YES,625,831,2,1,2,1,465,0.43%,1SB10.PROPOSITION 58 ENGLISH PROFICIENCY. MULTILINGUAL EDUCATION. INITIATIVE STATUTE..YES
000023 ,1,2,005 042 043 072 073 159 160 224 229 233 243,PROP_63,NO,450,832,382,4,~  1SB10,PROPOSITION 63 FIREARMS,NO,448,831,2,1,2,1,93,2.15%,1SB10.PROPOSITION 63 FIREARMS. AMMUNITION SALES. INITIATIVE STATUTE..NO
000023 ,1,1,005 042 043 072 073 159 160 224 229 233 243,USREP,DALE_K_MENSING,283,832,549,3,~  1SB10,US REPRESENTATIVE IN CO,DALE K. MENSING,281,831,2,1,2,1,226,0.88%,"1SB10.US REPRESENTATIVE IN CONGRESS, DISTRICT 2.DALE K. MENSING"
000024 ,2,3,034 215 216 223,MEAS_Q,YES,82,175,93,2,~  1SB12,MEASURE Q HUMBOLDT COUN,YES,80,175,2,0,2,0,6,33.33%,1SB12.MEASURE Q HUMBOLDT COUNTY CREATION OF FINANCE DEPARTMENT MEASURE..YES
000024 ,1,1,034 215 216 223,PROP_52,YES,102,175,73,2,~  1SB12,PROPOSITION 52 MEDI-CAL,YES,100,175,2,0,2,0,35,5.71%,1SB12.PROPOSITION 52 MEDI-CAL HOSPITAL FEE PROGRAM. INITIATIVE CONSTITUTIONAL AMENDMENT AND STATUTE..YES
000024 ,1,1,034 215 216 223,PROP_54,YES,109,175,66,1,~  1SB12,PROPOSITION 54 LEGISLAT,YES,107,175,2,0,2,0,47,4.26%,1SB12.PROPOSITION 54 LEGISLATURE. LEGISLATION AND PROCEEDINGS. INITIATIVE CONSTITUTIONAL AMENDMENT AND.YES
000024 ,2,3,034 215 216 223,PROP_64,YES,83,175,92,2,~  1SB12,PROPOSITION 64 MARIJUAN,YES,81,175,2,0,2,0,9,22.22%,1SB12.PROPOSITION 64 MARIJUANA LEGALIZATION. INITIATIVE STATUTE..YES
000024 ,1,1,034 215 216 223,USSEN,LORETTA_L_SANCHEZ,51,175,124,2,~  1SB12,US SENATOR,LORETTA L. SANCHEZ,49,175,2,0,2,0,27,7.41%,1SB12.US SENATOR.LORETTA L. SANCHEZ
000025 ,2,3,005 042 071 161 224 233 243,MEAS_U,YES,122,392,270,0,~  1SU,MEASURE U LOCAL TRANSPO,YES,124,392,-2,0,2,0,109,1.83%,1SU.MEASURE U LOCAL TRANSPORTATION AUTHORITY RETAIL TRANSACTIONS AND USE TAX..YES
000025 ,1,1,005 042 071 072 161 224 233 243,USSEN,LORETTA_L_SANCHEZ,111,392,281,2,~  1SU,US SENATOR,LORETTA L. SANCHEZ,109,392,2,0,2,0,65,3.08%,1SU.US SENATOR.LORETTA L. SANCHEZ
000027 ,1,2,005 051 052 077 160 224 234,PROP_63,NO,265,387,122,9,~  2CU,PROPOSITION 63 FIREARMS,NO,263,387,2,0,2,0,151,1.32%,2CU.PROPOSITION 63 FIREARMS. AMMUNITION SALES. INITIATIVE STATUTE..NO
000027 ,2,3,005 051 052 077 160 224 234,PROP_66,YES,171,387,216,2,~  2CU,PROPOSITION 66 DEATH PE,YES,169,387,2,0,2,0,17,11.76%,2CU.PROPOSITION 66 DEATH PENALTY. PROCEDURES. INITIATIVE STATUTE..YES
000028 ,1,1,005 006 046 047 048 053 073 158 159 224 229 234,FORT_CC,TAMI_TRENT,415,797,382,0,~  2F--2,FORTUNA CITY COUNCILMEM,TAMI TRENT,417,798,-2,-1,2,1,33,6.06%,2F--2.FORTUNA CITY COUNCILMEMBER.TAMI TRENT
000028 ,2,3,005 006 046 047 048 053 073 074 158 159 224 234 243,MEAS_S,YES,504,794,290,1,~  2F--2,MEASURE S HUMBOLDT COUN,YES,502,798,2,-4,2,4,251,0.80%,2F--2.MEASURE S HUMBOLDT COUNTY COMMERCIAL MARIJUANA CULTIVATION MEASURE..YES
000028 ,2,3,005 006 046 047 048 053 073 074 158 159 224 234 243,MEAS_U,YES,280,794,514,2,~  2F--2,MEASURE U LOCAL TRANSPO,YES,278,798,2,-4,2,4,177,1.13%,2F--2.MEASURE U LOCAL TRANSPORTATION AUTHORITY RETAIL TRANSACTIONS AND USE TAX..YES
000028 ,2,3,005 006 046 047 048 053 073 074 158 159 224 234 243,MEAS_V,YES,381,794,413,3,~  2F--2,MEASURE V MOBILE HOME P,YES,379,798,2,-4,2,4,19,10.53%,2F--2.MEASURE V MOBILE HOME PARK SPACE RENT STABILIZATION..YES
000028 ,1,1,005 006 046 047 048 053 073 158 159 224 229 234,PRES,DONALD_J_TRUMP,345,797,452,0,~  2F--2,PRESIDENT AND VICE PRES,DONALD J. TRUMP      ,347,798,-2,-1,2,1,7,28.57%,2F--2.PRESIDENT AND VICE PRESIDENT.DONALD J. TRUMP      and MICHAEL R. PENCE
000028 ,1,1,005 006 046 047 048 053 073 158 159 224 229 234,PROP_51,NO,441,797,356,1,~  2F--2,PROPOSITION 51 SCHOOL B,NO,443,798,-2,-1,2,1,127,1.57%,2F--2.PROPOSITION 51 SCHOOL BONDS. FUNDING FOR K-12 SCHOOL AND COMMUNITY COLLEGE FACILITIES. INITIATIVE.NO
000028 ,1,1,005 006 046 047 048 053 073 158 159 224 229 234,PROP_52,YES,471,797,326,7,~  2F--2,PROPOSITION 52 MEDI-CAL,YES,469,798,2,-1,2,1,192,1.04%,2F--2.PROPOSITION 52 MEDI-CAL HOSPITAL FEE PROGRAM. INITIATIVE CONSTITUTIONAL AMENDMENT AND STATUTE..YES
000028 ,1,2,005 006 046 047 048 053 073 158 159 224 229 234,PROP_59,NO,357,798,441,1,~  2F--2,PROPOSITION 59 CORPORAT,NO,355,798,2,0,2,0,0,--,2F--2.PROPOSITION 59 CORPORATIONS. POLITICAL SPENDING. FEDERAL CONSTITUTIONAL PROTECTIONS..NO
000028 ,1,2,005 006 046 047 048 053 073 158 159 224 229 234,PROP_60,NO,414,798,384,1,~  2F--2,PROPOSITION 60 ADULT FI,NO,412,798,2,0,2,0,108,1.85%,2F--2.PROPOSITION 60 ADULT FILMS. CONDOMS. HEALTH REQUIREMENTS. INITIATIVE STATUTE..NO
000028 ,1,2,005 006 046 047 048 053 073 158 159 224 229 234,PROP_62,NO,436,798,362,4,~  2F--2,PROPOSITION 62 DEATH PE,NO,434,798,2,0,2,0,135,1.48%,2F--2.PROPOSITION 62 DEATH PENALTY. INITIATIVE STATUTE..NO
000028 ,2,3,005 006 046 047 048 053 073 074 158 159 224 234 243,PROP_64,YES,417,794,377,3,~  2F--2,PROPOSITION 64 MARIJUAN,YES,415,798,2,-4,2,4,56,3.57%,2F--2.PROPOSITION 64 MARIJUANA LEGALIZATION. INITIATIVE STATUTE..YES
000028 ,2,3,005 006 046 047 048 053 073 074 158 159 224 234 243,PROP_66,YES,326,794,468,3,~  2F--2,PROPOSITION 66 DEATH PE,YES,324,798,2,-4,2,4,47,4.26%,2F--2.PROPOSITION 66 DEATH PENALTY. PROCEDURES. INITIATIVE STATUTE..YES
000029 ,2,3,006 007 046 075 076 081 157 158 224 234 243,MEAS_Q,YES,221,532,311,2,~  2F--3,MEASURE Q HUMBOLDT COUN,YES,219,538,2,-6,2,6,14,14.29%,2F--3.MEASURE Q HUMBOLDT COUNTY CREATION OF FINANCE DEPARTMENT MEASURE..YES
000029 ,2,3,006 007 046 075 076 081 157 158 224 234 243,MEAS_R,NO,256,532,276,1,~  2F--3,MEASURE R HUMBOLDT COUN,NO,254,538,2,-6,2,6,52,3.85%,2F--3.MEASURE R HUMBOLDT COUNTY FINANCE DEPARTMENT ELECTIVE OFFICE MEASURE..NO
000029 ,1,1,006 007 046 075 157 158 224 229 234 243,PRES,HILLARY_CLINTON,264,538,274,2,~  2F--3,PRESIDENT AND VICE PRES,HILLARY CLINTON      ,262,538,2,0,2,0,48,4.17%,2F--3.PRESIDENT AND VICE PRESIDENT.HILLARY CLINTON      and TIM KAINE
000029 ,1,1,006 007 046 075 157 158 224 229 234 243,PROP_54,NO,198,538,340,2,~  2F--3,PROPOSITION 54 LEGISLAT,NO,196,538,2,0,2,0,97,2.06%,2F--3.PROPOSITION 54 LEGISLATURE. LEGISLATION AND PROCEEDINGS. INITIATIVE CONSTITUTIONAL AMENDMENT AND.NO
000029 ,1,2,006 007 046 075 157 158 224 229 234,PROP_56,YES,294,535,241,1,~  2F--3,PROPOSITION 56 CIGARETT,YES,296,538,-2,-3,2,3,75,2.67%,"2F--3.PROPOSITION 56 CIGARETTE TAX TO FUND HEALTHCARE, TOBACCO USE PREVENTION, RESEARCH, AND.YES"
000029 ,1,2,006 007 046 075 157 158 224 229 234,PROP_57,YES,295,535,240,0,~  2F--3,PROPOSITION 57 CRIMINAL,YES,297,538,-2,-3,2,3,103,1.94%,2F--3.PROPOSITION 57 CRIMINAL SENTENCES. PAROLE. JUVENILE CRIMINAL PROCEEDINGS AND SENTENCING. INITIATIVE.YES
000029 ,1,2,006 007 046 075 157 158 224 229 234,PROP_59,NO,239,535,296,1,~  2F--3,PROPOSITION 59 CORPORAT,NO,241,538,-2,-3,2,3,4,50.00%,2F--3.PROPOSITION 59 CORPORATIONS. POLITICAL SPENDING. FEDERAL CONSTITUTIONAL PROTECTIONS..NO
000029 ,1,2,006 007 046 075 157 158 224 229 234,PROP_61,NO,239,535,296,2,~  2F--3,PROPOSITION 61 STATE PR,NO,237,538,2,-3,2,3,10,20.00%,2F--3.PROPOSITION 61 STATE PRESCRIPTION DRUG PURCHASES. PRICING STANDARDS. INITIATIVE STATUTE..NO
000029 ,1,2,006 007 046 075 157 158 224 229 234,PROP_61,YES,245,535,290,2,~  2F--3,PROPOSITION 61 STATE PR,YES,247,538,-2,-3,2,3,10,20.00%,2F--3.PROPOSITION 61 STATE PRESCRIPTION DRUG PURCHASES. PRICING STANDARDS. INITIATIVE STATUTE..YES
000029 ,2,3,006 007 046 075 076 081 157 158 224 234 243,PROP_63,YES,254,532,278,2,~  2F--3,PROPOSITION 63 FIREARMS,YES,252,538,2,-6,2,6,1,200.00%,2F--3.PROPOSITION 63 FIREARMS. AMMUNITION SALES. INITIATIVE STATUTE..YES
000029 ,2,3,006 007 046 075 076 081 157 158 224 234 243,PROP_66,YES,220,532,312,3,~  2F--3,PROPOSITION 66 DEATH PE,YES,218,538,2,-6,2,6,34,5.88%,2F--3.PROPOSITION 66 DEATH PENALTY. PROCEDURES. INITIATIVE STATUTE..YES
000030 ,2,3,007 009 046 074 162 163 224 234 243,MEAS_S,NO,249,743,494,3,~  2F--4,MEASURE S HUMBOLDT COUN,NO,247,743,2,0,2,0,197,1.02%,2F--4.MEASURE S HUMBOLDT COUNTY COMMERCIAL MARIJUANA CULTIVATION MEASURE..NO
000030 ,2,3,007 009 046 074 162 163 224 234 243,MEAS_U,YES,257,743,486,5,~  2F--4,MEASURE U LOCAL TRANSPO,YES,255,743,2,0,2,0,171,1.17%,2F--4.MEASURE U LOCAL TRANSPORTATION AUTHORITY RETAIL TRANSACTIONS AND USE TAX..YES
000030 ,1,2,007 009 046 074 075 162 163 224 229 234,PROP_56,NO,343,743,400,3,~  2F--4,PROPOSITION 56 CIGARETT,NO,341,743,2,0,2,0,24,8.33%,"2F--4.PROPOSITION 56 CIGARETTE TAX TO FUND HEALTHCARE, TOBACCO USE PREVENTION, RESEARCH, AND.NO"
000030 ,1,2,007 009 046 074 075 162 163 224 229 234,PROP_56,YES,367,743,376,3,~  2F--4,PROPOSITION 56 CIGARETT,YES,365,743,2,0,2,0,24,8.33%,"2F--4.PROPOSITION 56 CIGARETTE TAX TO FUND HEALTHCARE, TOBACCO USE PREVENTION, RESEARCH, AND.YES"
000030 ,1,2,007 009 046 074 075 162 163 224 229 234,PROP_58,YES,496,743,247,2,~  2F--4,PROPOSITION 58 ENGLISH ,YES,494,743,2,0,2,0,302,0.66%,2F--4.PROPOSITION 58 ENGLISH PROFICIENCY. MULTILINGUAL EDUCATION. INITIATIVE STATUTE..YES
000030 ,2,3,007 009 046 074 162 163 224 234 243,PROP_64,NO,349,743,394,3,~  2F--4,PROPOSITION 64 MARIJUAN,NO,347,743,2,0,2,0,23,8.70%,2F--4.PROPOSITION 64 MARIJUANA LEGALIZATION. INITIATIVE STATUTE..NO
000030 ,2,3,007 009 046 074 162 163 224 234 243,PROP_66,NO,316,743,427,3,~  2F--4,PROPOSITION 66 DEATH PE,NO,314,743,2,0,2,0,25,8.00%,2F--4.PROPOSITION 66 DEATH PENALTY. PROCEDURES. INITIATIVE STATUTE..NO
000030 ,2,3,007 009 046 074 162 163 224 234 243,PROP_67,NO,390,743,353,2,~  2F--4,PROPOSITION 67 BAN ON S,NO,388,743,2,0,2,0,77,2.60%,2F--4.PROPOSITION 67 BAN ON SINGLE-USE PLASTIC BAGS. REFERENDUM..NO
000031 ,1,1,008 047 048 080 161 162 224 225 229 235 243,FORT_CC,Write_in,48,1816,1768,2,~  2F-R1,FORTUNA CITY COUNCILMEM,Write_in,46,908,2,908,2,908,27,7.41%,2F-R1.FORTUNA CITY COUNCILMEMBER.Write_in
000031 ,2,3,008 047 048 080 081 161 162 224 225 235 243,MEAS_Q,NO,438,906,468,3,~  2F-R1,MEASURE Q HUMBOLDT COUN,NO,436,908,2,-2,2,2,62,3.23%,2F-R1.MEASURE Q HUMBOLDT COUNTY CREATION OF FINANCE DEPARTMENT MEASURE..NO
000031 ,2,3,008 047 048 080 081 161 162 224 225 235 243,MEAS_Q,YES,376,906,530,3,~  2F-R1,MEASURE Q HUMBOLDT COUN,YES,374,908,2,-2,2,2,62,3.23%,2F-R1.MEASURE Q HUMBOLDT COUNTY CREATION OF FINANCE DEPARTMENT MEASURE..YES
000031 ,2,3,008 047 048 080 081 161 162 224 225 235 243,MEAS_S,YES,531,906,375,2,~  2F-R1,MEASURE S HUMBOLDT COUN,YES,529,908,2,-2,2,2,197,1.02%,2F-R1.MEASURE S HUMBOLDT COUNTY COMMERCIAL MARIJUANA CULTIVATION MEASURE..YES
000031 ,2,3,008 047 048 080 081 161 162 224 225 235 243,MEAS_U,NO,572,906,334,3,~  2F-R1,MEASURE U LOCAL TRANSPO,NO,570,908,2,-2,2,2,302,0.66%,2F-R1.MEASURE U LOCAL TRANSPORTATION AUTHORITY RETAIL TRANSACTIONS AND USE TAX..NO
000031 ,2,3,008 047 048 080 081 161 162 224 225 235 243,MEAS_U,YES,270,906,636,3,~  2F-R1,MEASURE U LOCAL TRANSPO,YES,268,908,2,-2,2,2,302,0.66%,2F-R1.MEASURE U LOCAL TRANSPORTATION AUTHORITY RETAIL TRANSACTIONS AND USE TAX..YES
000031 ,2,3,008 047 048 080 081 161 162 224 225 235 243,MEAS_V,NO,473,906,433,3,~  2F-R1,MEASURE V MOBILE HOME P,NO,471,908,2,-2,2,2,106,1.89%,2F-R1.MEASURE V MOBILE HOME PARK SPACE RENT STABILIZATION..NO
000031 ,1,1,008 047 048 080 161 162 224 225 229 235 243,PRES,HILLARY_CLINTON,361,908,547,2,~  2F-R1,PRESIDENT AND VICE PRES,HILLARY CLINTON      ,359,908,2,0,2,0,96,2.08%,2F-R1.PRESIDENT AND VICE PRESIDENT.HILLARY CLINTON      and TIM KAINE
000031 ,1,1,008 047 048 080 161 162 224 225 229 235 243,PROP_51,NO,510,908,398,3,~  2F-R1,PROPOSITION 51 SCHOOL B,NO,508,908,2,0,2,0,159,1.26%,2F-R1.PROPOSITION 51 SCHOOL BONDS. FUNDING FOR K-12 SCHOOL AND COMMUNITY COLLEGE FACILITIES. INITIATIVE.NO
000031 ,1,2,008 047 048 080 161 162 224 225 229 235,PROP_55,YES,470,900,430,4,~  2F-R1,PROPOSITION 55 TAX EXTE,YES,472,908,-2,-8,2,8,89,2.25%,2F-R1.PROPOSITION 55 TAX EXTENSION TO FUND EDUCATION AND HEALTHCARE. INITIATIVE CONSTITUTIONAL AMENDMENT..YES
000031 ,1,2,008 047 048 080 161 162 224 225 229 235,PROP_56,NO,403,900,497,1,~  2F-R1,PROPOSITION 56 CIGARETT,NO,405,908,-2,-8,2,8,66,3.03%,"2F-R1.PROPOSITION 56 CIGARETTE TAX TO FUND HEALTHCARE, TOBACCO USE PREVENTION, RESEARCH, AND.NO"
000031 ,1,2,008 047 048 080 161 162 224 225 229 235,PROP_58,YES,566,900,334,3,~  2F-R1,PROPOSITION 58 ENGLISH ,YES,568,908,-2,-8,2,8,281,0.71%,2F-R1.PROPOSITION 58 ENGLISH PROFICIENCY. MULTILINGUAL EDUCATION. INITIATIVE STATUTE..YES
000031 ,2,3,008 047 048 080 081 161 162 224 225 235 243,PROP_66,NO,426,906,480,6,~  2F-R1,PROPOSITION 66 DEATH PE,NO,424,908,2,-2,2,2,28,7.14%,2F-R1.PROPOSITION 66 DEATH PENALTY. PROCEDURES. INITIATIVE STATUTE..NO
000031 ,1,1,008 047 048 080 161 162 224 225 229 235 243,STATEASS2,JIM_WOOD,496,908,412,0,~  2F-R1,"STATE ASSEMBLY, DISTRIC",JIM WOOD,498,908,-2,0,2,0,252,0.79%,"2F-R1.STATE ASSEMBLY, DISTRICT 2.JIM WOOD"
000032 ,2,3,006 048 053 087 164 225 235 243,MEAS_R,YES,232,674,442,2,~  2F-R2,MEASURE R HUMBOLDT COUN,YES,230,676,2,-2,2,2,127,1.57%,2F-R2.MEASURE R HUMBOLDT COUNTY FINANCE DEPARTMENT ELECTIVE OFFICE MEASURE..YES
000032 ,2,3,006 048 053 087 164 225 235 243,MEAS_V,NO,361,674,313,2,~  2F-R2,MEASURE V MOBILE HOME P,NO,359,676,2,-2,2,2,101,1.98%,2F-R2.MEASURE V MOBILE HOME PARK SPACE RENT STABILIZATION..NO
000032 ,1,1,006 048 053 087 088 164 225 229 235,PROP_53,YES,311,675,364,2,~  2F-R2,PROPOSITION 53 REVENUE ,YES,309,676,2,-1,2,1,8,25.00%,2F-R2.PROPOSITION 53 REVENUE BONDS. STATEWIDE VOTER APPROVAL. INITIATIVE CONSTITUTIONAL AMENDMENT..YES
000032 ,1,2,006 048 053 087 088 164 225 229 235,PROP_59,NO,340,676,336,3,~  2F-R2,PROPOSITION 59 CORPORAT,NO,338,676,2,0,2,0,82,2.44%,2F-R2.PROPOSITION 59 CORPORATIONS. POLITICAL SPENDING. FEDERAL CONSTITUTIONAL PROTECTIONS..NO
000032 ,1,2,006 048 053 087 088 164 225 229 235,PROP_61,NO,356,676,320,3,~  2F-R2,PROPOSITION 61 STATE PR,NO,354,676,2,0,2,0,84,2.38%,2F-R2.PROPOSITION 61 STATE PRESCRIPTION DRUG PURCHASES. PRICING STANDARDS. INITIATIVE STATUTE..NO
000032 ,1,2,006 048 053 087 088 164 225 229 235,PROP_61,YES,272,676,404,3,~  2F-R2,PROPOSITION 61 STATE PR,YES,270,676,2,0,2,0,84,2.38%,2F-R2.PROPOSITION 61 STATE PRESCRIPTION DRUG PURCHASES. PRICING STANDARDS. INITIATIVE STATUTE..YES
000033 ,2,3,007 008 047 079 163 164 225 235,MEAS_S,YES,377,638,261,2,~  2F-R3,MEASURE S HUMBOLDT COUN,YES,375,643,2,-5,2,5,150,1.33%,2F-R3.MEASURE S HUMBOLDT COUNTY COMMERCIAL MARIJUANA CULTIVATION MEASURE..YES
000033 ,1,1,007 008 047 079 080 163 164 225 229 235,PROP_51,NO,377,644,267,1,~  2F-R3,PROPOSITION 51 SCHOOL B,NO,379,643,-2,1,2,1,151,1.32%,2F-R3.PROPOSITION 51 SCHOOL BONDS. FUNDING FOR K-12 SCHOOL AND COMMUNITY COLLEGE FACILITIES. INITIATIVE.NO
000033 ,1,1,007 008 047 079 080 163 164 225 229 235,PROP_53,YES,295,644,349,2,~  2F-R3,PROPOSITION 53 REVENUE ,YES,293,643,2,1,2,1,4,50.00%,2F-R3.PROPOSITION 53 REVENUE BONDS. STATEWIDE VOTER APPROVAL. INITIATIVE CONSTITUTIONAL AMENDMENT..YES
000033 ,1,2,007 008 047 079 080 163 164 225 229 235,PROP_58,YES,417,641,224,0,~  2F-R3,PROPOSITION 58 ENGLISH ,YES,419,643,-2,-2,2,2,241,0.83%,2F-R3.PROPOSITION 58 ENGLISH PROFICIENCY. MULTILINGUAL EDUCATION. INITIATIVE STATUTE..YES
000033 ,1,2,007 008 047 079 080 163 164 225 229 235,PROP_59,NO,330,641,311,0,~  2F-R3,PROPOSITION 59 CORPORAT,NO,332,643,-2,-2,2,2,89,2.25%,2F-R3.PROPOSITION 59 CORPORATIONS. POLITICAL SPENDING. FEDERAL CONSTITUTIONAL PROTECTIONS..NO
000033 ,1,2,007 008 047 079 080 163 164 225 229 235,PROP_60,NO,345,641,296,0,~  2F-R3,PROPOSITION 60 ADULT FI,NO,347,643,-2,-2,2,2,120,1.67%,2F-R3.PROPOSITION 60 ADULT FILMS. CONDOMS. HEALTH REQUIREMENTS. INITIATIVE STATUTE..NO
000033 ,2,3,007 008 047 079 163 164 225 235,PROP_65,NO,396,638,242,2,~  2F-R3,PROPOSITION 65 CARRYOUT,NO,394,643,2,-5,2,5,184,1.09%,2F-R3.PROPOSITION 65 CARRYOUT BAGS. CHARGES. INITIATIVE STATUTE..NO
000033 ,1,1,007 008 047 079 080 163 164 225 229 235,USSEN,KAMALA_D_HARRIS,270,644,374,0,~  2F-R3,US SENATOR,KAMALA D. HARRIS,272,643,-2,1,2,1,76,2.63%,2F-R3.US SENATOR.KAMALA D. HARRIS
000034 ,2,3,009 047 078 164 165 225 235,MEAS_U,NO,373,620,247,0,~  2F-R4,MEASURE U LOCAL TRANSPO,NO,375,622,-2,-2,2,2,178,1.12%,2F-R4.MEASURE U LOCAL TRANSPORTATION AUTHORITY RETAIL TRANSACTIONS AND USE TAX..NO
000034 ,1,1,009 047 077 078 079 164 165 225 229 235,PRES,DONALD_J_TRUMP,308,623,315,1,~  2F-R4,PRESIDENT AND VICE PRES,DONALD J. TRUMP      ,306,622,2,1,2,1,90,2.22%,2F-R4.PRESIDENT AND VICE PRESIDENT.DONALD J. TRUMP      and MICHAEL R. PENCE
000034 ,1,2,009 047 077 078 079 164 165 225 229 235,PROP_58,YES,407,623,216,1,~  2F-R4,PROPOSITION 58 ENGLISH ,YES,405,622,2,1,2,1,227,0.88%,2F-R4.PROPOSITION 58 ENGLISH PROFICIENCY. MULTILINGUAL EDUCATION. INITIATIVE STATUTE..YES
000035 ,2,3,008 009 049 076 077 165 166 224 235,MEAS_U,YES,170,666,496,2,~  2HV-1,MEASURE U LOCAL TRANSPO,YES,168,667,2,-1,2,1,289,0.69%,2HV-1.MEASURE U LOCAL TRANSPORTATION AUTHORITY RETAIL TRANSACTIONS AND USE TAX..YES
000035 ,1,1,008 009 049 076 165 166 224 235 243,PRES,GLORIA_ESTELA_LA_RIVA,6,667,661,2,~  2HV-1,PRESIDENT AND VICE PRES,GLORIA ESTELA LA RIVA,4,667,2,0,2,0,149,1.34%,2HV-1.PRESIDENT AND VICE PRESIDENT.GLORIA ESTELA LA RIVA      and DENNIS J. BANKS
000035 ,1,2,008 009 049 076 165 166 224 235 243,PROP_60,YES,193,667,474,2,~  2HV-1,PROPOSITION 60 ADULT FI,YES,191,667,2,0,2,0,222,0.90%,2HV-1.PROPOSITION 60 ADULT FILMS. CONDOMS. HEALTH REQUIREMENTS. INITIATIVE STATUTE..YES
000035 ,1,2,008 009 049 076 165 166 224 235 243,PROP_62,NO,439,667,228,3,~  2HV-1,PROPOSITION 62 DEATH PE,NO,437,667,2,0,2,0,239,0.84%,2HV-1.PROPOSITION 62 DEATH PENALTY. INITIATIVE STATUTE..NO
000035 ,1,2,008 009 049 076 165 166 224 235 243,PROP_62,YES,200,667,467,3,~  2HV-1,PROPOSITION 62 DEATH PE,YES,198,667,2,0,2,0,239,0.84%,2HV-1.PROPOSITION 62 DEATH PENALTY. INITIATIVE STATUTE..YES
000035 ,2,3,008 009 049 076 077 165 166 224 235,PROP_65,YES,184,666,482,2,~  2HV-1,PROPOSITION 65 CARRYOUT,YES,182,667,2,-1,2,1,262,0.76%,2HV-1.PROPOSITION 65 CARRYOUT BAGS. CHARGES. INITIATIVE STATUTE..YES
000037 ,2,4,010 049 086 087 166 167 225 234,MEAS_T,YES,286,509,223,1,~  2R--1,MEASURE T CITY OF RIO D,YES,288,514,-2,-5,2,5,94,2.13%,2R--1.MEASURE T CITY OF RIO DELL  COMMERCIAL CANNABIS ACTIVITY (ADVISORY VOTE ONLY)..YES
000037 ,2,3,010 049 086 087 166 167 225 234,MEAS_V,YES,221,513,292,2,~  2R--1,MEASURE V MOBILE HOME P,YES,219,514,2,-1,2,1,42,4.76%,2R--1.MEASURE V MOBILE HOME PARK SPACE RENT STABILIZATION..YES
000037 ,1,2,010 049 086 166 167 225 229 234,PROP_55,NO,194,509,315,0,~  2R--1,PROPOSITION 55 TAX EXTE,NO,196,514,-2,-5,2,5,87,2.30%,2R--1.PROPOSITION 55 TAX EXTENSION TO FUND EDUCATION AND HEALTHCARE. INITIATIVE CONSTITUTIONAL AMENDMENT..NO
000037 ,1,2,010 049 086 166 167 225 229 234,PROP_58,NO,153,509,356,1,~  2R--1,PROPOSITION 58 ENGLISH ,NO,151,514,2,-5,2,5,178,1.12%,2R--1.PROPOSITION 58 ENGLISH PROFICIENCY. MULTILINGUAL EDUCATION. INITIATIVE STATUTE..NO
000037 ,1,2,010 049 086 166 167 225 229 234,PROP_62,YES,153,509,356,2,~  2R--1,PROPOSITION 62 DEATH PE,YES,155,514,-2,-5,2,5,169,1.18%,2R--1.PROPOSITION 62 DEATH PENALTY. INITIATIVE STATUTE..YES
000037 ,2,3,010 049 086 087 166 167 225 234,PROP_63,YES,180,513,333,4,~  2R--1,PROPOSITION 63 FIREARMS,YES,178,514,2,-1,2,1,140,1.43%,2R--1.PROPOSITION 63 FIREARMS. AMMUNITION SALES. INITIATIVE STATUTE..YES
000037 ,2,3,010 049 086 087 166 167 225 234,PROP_64,NO,246,513,267,2,~  2R--1,PROPOSITION 64 MARIJUAN,NO,244,514,2,-1,2,1,7,28.57%,2R--1.PROPOSITION 64 MARIJUANA LEGALIZATION. INITIATIVE STATUTE..NO
000037 ,2,3,010 049 086 087 166 167 225 234,PROP_67,YES,201,513,312,3,~  2R--1,PROPOSITION 67 BAN ON S,YES,199,514,2,-1,2,1,85,2.35%,2R--1.PROPOSITION 67 BAN ON SINGLE-USE PLASTIC BAGS. REFERENDUM..YES
000038 ,2,3,006 009 010 047 048 085 086 167 225 234 235,MEAS_Q,YES,219,627,408,2,~  2R--2,MEASURE Q HUMBOLDT COUN,YES,217,629,2,-2,2,2,107,1.87%,2R--2.MEASURE Q HUMBOLDT COUNTY CREATION OF FINANCE DEPARTMENT MEASURE..YES
000038 ,1,1,006 009 010 047 048 085 167 225 229 234 235,PROP_53,NO,263,629,366,2,~  2R--2,PROPOSITION 53 REVENUE ,NO,261,629,2,0,2,0,43,4.65%,2R--2.PROPOSITION 53 REVENUE BONDS. STATEWIDE VOTER APPROVAL. INITIATIVE CONSTITUTIONAL AMENDMENT..NO
000038 ,1,1,006 009 010 047 048 085 167 225 229 234 235,PROP_54,YES,352,629,277,2,~  2R--2,PROPOSITION 54 LEGISLAT,YES,350,629,2,0,2,0,126,1.59%,2R--2.PROPOSITION 54 LEGISLATURE. LEGISLATION AND PROCEEDINGS. INITIATIVE CONSTITUTIONAL AMENDMENT AND.YES
000038 ,2,3,006 009 010 047 048 085 086 167 225 234 235,PROP_63,YES,185,627,442,1,~  2R--2,PROPOSITION 63 FIREARMS,YES,183,629,2,-2,2,2,233,0.86%,2R--2.PROPOSITION 63 FIREARMS. AMMUNITION SALES. INITIATIVE STATUTE..YES
000038 ,2,3,006 009 010 047 048 085 086 167 225 234 235,PROP_65,NO,418,627,209,2,~  2R--2,PROPOSITION 65 CARRYOUT,NO,416,629,2,-2,2,2,246,0.81%,2R--2.PROPOSITION 65 CARRYOUT BAGS. CHARGES. INITIATIVE STATUTE..NO
000038 ,2,3,006 009 010 047 048 085 086 167 225 234 235,PROP_65,YES,172,627,455,2,~  2R--2,PROPOSITION 65 CARRYOUT,YES,170,629,2,-2,2,2,246,0.81%,2R--2.PROPOSITION 65 CARRYOUT BAGS. CHARGES. INITIATIVE STATUTE..YES
000038 ,2,3,006 009 010 047 048 085 086 167 225 234 235,PROP_66,NO,268,627,359,1,~  2R--2,PROPOSITION 66 DEATH PE,NO,266,629,2,-2,2,2,29,6.90%,2R--2.PROPOSITION 66 DEATH PENALTY. PROCEDURES. INITIATIVE STATUTE..NO
000038 ,2,3,006 009 010 047 048 085 086 167 225 234 235,PROP_67,NO,376,627,251,2,~  2R--2,PROPOSITION 67 BAN ON S,NO,374,629,2,-2,2,2,158,1.27%,2R--2.PROPOSITION 67 BAN ON SINGLE-USE PLASTIC BAGS. REFERENDUM..NO
000038 ,1,1,006 009 010 047 048 085 167 225 229 234 235,USSEN,KAMALA_D_HARRIS,256,629,373,1,~  2R--2,US SENATOR,KAMALA D. HARRIS,254,629,2,0,2,0,59,3.39%,2R--2.US SENATOR.KAMALA D. HARRIS
000039 ,1,1,008 009 052 078 167 168 225 235,PROP_51,NO,150,243,93,1,~  2RV-1,PROPOSITION 51 SCHOOL B,NO,148,241,2,2,2,2,62,3.23%,2RV-1.PROPOSITION 51 SCHOOL BONDS. FUNDING FOR K-12 SCHOOL AND COMMUNITY COLLEGE FACILITIES. INITIATIVE.NO
000039 ,1,1,008 009 052 078 167 168 225 235,PROP_53,NO,116,243,127,1,~  2RV-1,PROPOSITION 53 REVENUE ,NO,114,241,2,2,2,2,5,40.00%,2RV-1.PROPOSITION 53 REVENUE BONDS. STATEWIDE VOTER APPROVAL. INITIATIVE CONSTITUTIONAL AMENDMENT..NO
000039 ,1,1,008 009 052 078 167 168 225 235,PROP_54,YES,138,243,105,0,~  2RV-1,PROPOSITION 54 LEGISLAT,YES,136,241,2,2,2,2,39,5.13%,2RV-1.PROPOSITION 54 LEGISLATURE. LEGISLATION AND PROCEEDINGS. INITIATIVE CONSTITUTIONAL AMENDMENT AND.YES
000039 ,1,2,008 009 052 078 167 168 225 235,PROP_58,YES,155,243,88,0,~  2RV-1,PROPOSITION 58 ENGLISH ,YES,153,241,2,2,2,2,73,2.74%,2RV-1.PROPOSITION 58 ENGLISH PROFICIENCY. MULTILINGUAL EDUCATION. INITIATIVE STATUTE..YES
000039 ,1,2,008 009 052 078 167 168 225 235,PROP_60,NO,144,243,99,0,~  2RV-1,PROPOSITION 60 ADULT FI,NO,142,241,2,2,2,2,59,3.39%,2RV-1.PROPOSITION 60 ADULT FILMS. CONDOMS. HEALTH REQUIREMENTS. INITIATIVE STATUTE..NO
000039 ,1,2,008 009 052 078 167 168 225 235,PROP_61,NO,124,243,119,1,~  2RV-1,PROPOSITION 61 STATE PR,NO,122,241,2,2,2,2,17,11.76%,2RV-1.PROPOSITION 61 STATE PRESCRIPTION DRUG PURCHASES. PRICING STANDARDS. INITIATIVE STATUTE..NO
000039 ,1,2,008 009 052 078 167 168 225 235,PROP_62,NO,146,243,97,0,~  2RV-1,PROPOSITION 62 DEATH PE,NO,144,241,2,2,2,2,56,3.57%,2RV-1.PROPOSITION 62 DEATH PENALTY. INITIATIVE STATUTE..NO
000039 ,1,1,008 009 052 078 167 168 225 235,STATEASS2,JIM_WOOD,126,243,117,0,~  2RV-1,"STATE ASSEMBLY, DISTRIC",JIM WOOD,124,241,2,2,2,2,44,4.55%,"2RV-1.STATE ASSEMBLY, DISTRICT 2.JIM WOOD"
000039 ,1,1,008 009 052 078 167 168 225 235,USSEN,LORETTA_L_SANCHEZ,64,243,179,2,~  2RV-1,US SENATOR,LORETTA L. SANCHEZ,62,241,2,2,2,2,47,4.26%,2RV-1.US SENATOR.LORETTA L. SANCHEZ
000041 ,2,3,035 216 223,MEAS_V,NO,42,94,52,2,~  2SH-2,MEASURE V MOBILE HOME P,NO,40,94,2,0,2,0,4,50.00%,2SH-2.MEASURE V MOBILE HOME PARK SPACE RENT STABILIZATION..NO
000041 ,2,3,035 216 223,MEAS_V,YES,46,94,48,2,~  2SH-2,MEASURE V MOBILE HOME P,YES,44,94,2,0,2,0,4,50.00%,2SH-2.MEASURE V MOBILE HOME PARK SPACE RENT STABILIZATION..YES
000041 ,1,1,035 216 223,PROP_53,NO,48,94,46,2,~  2SH-2,PROPOSITION 53 REVENUE ,NO,46,94,2,0,2,0,10,20.00%,2SH-2.PROPOSITION 53 REVENUE BONDS. STATEWIDE VOTER APPROVAL. INITIATIVE CONSTITUTIONAL AMENDMENT..NO
000041 ,1,1,035 216 223,PROP_53,YES,38,94,56,2,~  2SH-2,PROPOSITION 53 REVENUE ,YES,36,94,2,0,2,0,10,20.00%,2SH-2.PROPOSITION 53 REVENUE BONDS. STATEWIDE VOTER APPROVAL. INITIATIVE CONSTITUTIONAL AMENDMENT..YES
000041 ,1,2,035 216 223,PROP_58,YES,59,94,35,3,~  2SH-2,PROPOSITION 58 ENGLISH ,YES,57,94,2,0,2,0,31,6.45%,2SH-2.PROPOSITION 58 ENGLISH PROFICIENCY. MULTILINGUAL EDUCATION. INITIATIVE STATUTE..YES
000042 ,1,2,034 035 217 223,PROP_60,YES,45,121,76,2,~  2SH-3,PROPOSITION 60 ADULT FI,YES,43,121,2,0,2,0,18,11.11%,2SH-3.PROPOSITION 60 ADULT FILMS. CONDOMS. HEALTH REQUIREMENTS. INITIATIVE STATUTE..YES
000043 ,2,3,011 048 049 082 168 225 235 243,MEAS_S,YES,216,553,337,2,~  2SH-4,MEASURE S HUMBOLDT COUN,YES,214,557,2,-4,2,4,94,2.13%,2SH-4.MEASURE S HUMBOLDT COUNTY COMMERCIAL MARIJUANA CULTIVATION MEASURE..YES
000043 ,1,1,011 048 049 082 168 225 229 235 243,PRES,HILLARY_CLINTON,333,557,224,1,~  2SH-4,PRESIDENT AND VICE PRES,HILLARY CLINTON      ,331,557,2,0,2,0,206,0.97%,2SH-4.PRESIDENT AND VICE PRESIDENT.HILLARY CLINTON      and TIM KAINE
000043 ,1,2,011 048 049 082 168 225 229 235 243,PROP_60,NO,316,553,237,0,~  2SH-4,PROPOSITION 60 ADULT FI,NO,318,557,-2,-4,2,4,136,1.47%,2SH-4.PROPOSITION 60 ADULT FILMS. CONDOMS. HEALTH REQUIREMENTS. INITIATIVE STATUTE..NO
000043 ,1,2,011 048 049 082 168 225 229 235 243,PROP_60,YES,180,553,373,0,~  2SH-4,PROPOSITION 60 ADULT FI,YES,182,557,-2,-4,2,4,136,1.47%,2SH-4.PROPOSITION 60 ADULT FILMS. CONDOMS. HEALTH REQUIREMENTS. INITIATIVE STATUTE..YES
000043 ,1,2,011 048 049 082 168 225 229 235 243,PROP_62,YES,301,553,252,1,~  2SH-4,PROPOSITION 62 DEATH PE,YES,303,557,-2,-4,2,4,94,2.13%,2SH-4.PROPOSITION 62 DEATH PENALTY. INITIATIVE STATUTE..YES
000043 ,2,3,011 048 049 082 168 225 235 243,PROP_65,NO,283,553,270,3,~  2SH-4,PROPOSITION 65 CARRYOUT,NO,281,557,2,-4,2,4,48,4.17%,2SH-4.PROPOSITION 65 CARRYOUT BAGS. CHARGES. INITIATIVE STATUTE..NO
000043 ,2,3,011 048 049 082 168 225 235 243,PROP_66,NO,323,553,230,3,~  2SH-4,PROPOSITION 66 DEATH PE,NO,321,557,2,-4,2,4,161,1.24%,2SH-4.PROPOSITION 66 DEATH PENALTY. PROCEDURES. INITIATIVE STATUTE..NO
000043 ,2,3,011 048 049 082 168 225 235 243,PROP_66,YES,162,553,391,3,~  2SH-4,PROPOSITION 66 DEATH PE,YES,160,557,2,-4,2,4,161,1.24%,2SH-4.PROPOSITION 66 DEATH PENALTY. PROCEDURES. INITIATIVE STATUTE..YES
000043 ,2,3,011 048 049 082 168 225 235 243,PROP_67,NO,153,553,400,2,~  2SH-4,PROPOSITION 67 BAN ON S,NO,151,557,2,-4,2,4,220,0.91%,2SH-4.PROPOSITION 67 BAN ON SINGLE-USE PLASTIC BAGS. REFERENDUM..NO
000044 ,2,3,010 011 052 083 084 168 169 225 235,MEAS_Q,YES,255,763,508,2,~  2SH-5,MEASURE Q HUMBOLDT COUN,YES,253,766,2,-3,2,3,163,1.23%,2SH-5.MEASURE Q HUMBOLDT COUNTY CREATION OF FINANCE DEPARTMENT MEASURE..YES
000044 ,2,3,010 011 052 083 084 168 169 225 235,MEAS_U,YES,345,763,418,2,~  2SH-5,MEASURE U LOCAL TRANSPO,YES,343,766,2,-3,2,3,37,5.41%,2SH-5.MEASURE U LOCAL TRANSPORTATION AUTHORITY RETAIL TRANSACTIONS AND USE TAX..YES
000044 ,1,1,010 011 052 082 083 168 169 225 229 235 243,PROP_54,YES,491,767,276,1,~  2SH-5,PROPOSITION 54 LEGISLAT,YES,489,766,2,1,2,1,250,0.80%,2SH-5.PROPOSITION 54 LEGISLATURE. LEGISLATION AND PROCEEDINGS. INITIATIVE CONSTITUTIONAL AMENDMENT AND.YES
000044 ,1,1,010 011 052 082 083 168 169 225 229 235 243,PROP_55,YES,534,767,233,1,~  2SH-5,PROPOSITION 55 TAX EXTE,YES,532,766,2,1,2,1,325,0.62%,2SH-5.PROPOSITION 55 TAX EXTENSION TO FUND EDUCATION AND HEALTHCARE. INITIATIVE CONSTITUTIONAL AMENDMENT..YES
000044 ,1,2,010 011 052 082 083 168 169 225 229 235 243,PROP_59,NO,244,766,522,3,~  2SH-5,PROPOSITION 59 CORPORAT,NO,242,766,2,0,2,0,215,0.93%,2SH-5.PROPOSITION 59 CORPORATIONS. POLITICAL SPENDING. FEDERAL CONSTITUTIONAL PROTECTIONS..NO
000044 ,1,2,010 011 052 082 083 168 169 225 229 235 243,PROP_59,YES,459,766,307,3,~  2SH-5,PROPOSITION 59 CORPORAT,YES,457,766,2,0,2,0,215,0.93%,2SH-5.PROPOSITION 59 CORPORATIONS. POLITICAL SPENDING. FEDERAL CONSTITUTIONAL PROTECTIONS..YES
000044 ,1,2,010 011 052 082 083 168 169 225 229 235 243,PROP_61,YES,441,766,325,2,~  2SH-5,PROPOSITION 61 STATE PR,YES,439,766,2,0,2,0,172,1.16%,2SH-5.PROPOSITION 61 STATE PRESCRIPTION DRUG PURCHASES. PRICING STANDARDS. INITIATIVE STATUTE..YES
000044 ,1,2,010 011 052 082 083 168 169 225 229 235 243,PROP_62,YES,400,766,366,1,~  2SH-5,PROPOSITION 62 DEATH PE,YES,398,766,2,0,2,0,76,2.63%,2SH-5.PROPOSITION 62 DEATH PENALTY. INITIATIVE STATUTE..YES
000044 ,2,3,010 011 052 083 084 168 169 225 235,PROP_65,YES,309,763,454,3,~  2SH-5,PROPOSITION 65 CARRYOUT,YES,307,766,2,-3,2,3,113,1.77%,2SH-5.PROPOSITION 65 CARRYOUT BAGS. CHARGES. INITIATIVE STATUTE..YES
000044 ,2,3,010 011 052 083 084 168 169 225 235,PROP_66,YES,268,763,495,2,~  2SH-5,PROPOSITION 66 DEATH PE,YES,266,766,2,-3,2,3,152,1.32%,2SH-5.PROPOSITION 66 DEATH PENALTY. PROCEDURES. INITIATIVE STATUTE..YES
000044 ,1,1,010 011 052 082 083 168 169 225 229 235 243,USREP,DALE_K_MENSING,202,767,565,0,~  2SH-5,US REPRESENTATIVE IN CO,DALE K. MENSING,200,766,2,1,2,1,320,0.62%,"2SH-5.US REPRESENTATIVE IN CONGRESS, DISTRICT 2.DALE K. MENSING"
000045 ,2,3,034 217 223,MEAS_R,YES,18,48,30,0,~  2SH-7,MEASURE R HUMBOLDT COUN,YES,20,48,-2,0,2,0,3,66.67%,2SH-7.MEASURE R HUMBOLDT COUNTY FINANCE DEPARTMENT ELECTIVE OFFICE MEASURE..YES
000048 ,1,2,035 217 218 223 229,PROP_62,NO,72,162,90,1,~  2SHR1,PROPOSITION 62 DEATH PE,NO,70,162,2,0,2,0,8,25.00%,2SHR1.PROPOSITION 62 DEATH PENALTY. INITIATIVE STATUTE..NO
000048 ,2,3,035 217 218 223,PROP_64,YES,73,161,88,2,~  2SHR1,PROPOSITION 64 MARIJUAN,YES,71,162,2,-1,2,1,18,11.11%,2SHR1.PROPOSITION 64 MARIJUANA LEGALIZATION. INITIATIVE STATUTE..YES
000048 ,1,1,035 217 218 223 229,USSEN,LORETTA_L_SANCHEZ,43,162,119,2,~  2SHR1,US SENATOR,LORETTA L. SANCHEZ,41,162,2,0,2,0,49,4.08%,2SHR1.US SENATOR.LORETTA L. SANCHEZ
000049 ,1,1,035 219 220 223,PRES,GARY_JOHNSON,5,141,136,2,~  2SHR2,PRESIDENT AND VICE PRES,GARY JOHNSON      and,3,141,2,0,2,0,12,16.67%,2SHR2.PRESIDENT AND VICE PRESIDENT.GARY JOHNSON      and BILL WELD
000049 ,2,3,035 219 220 223,PROP_64,NO,88,140,52,2,~  2SHR2,PROPOSITION 64 MARIJUAN,NO,86,141,2,-1,2,1,36,5.56%,2SHR2.PROPOSITION 64 MARIJUANA LEGALIZATION. INITIATIVE STATUTE..NO
000050 ,2,3,011 048 052 081 082 169 170 225 235 243,MEAS_S,YES,161,464,303,2,~  2SHS4,MEASURE S HUMBOLDT COUN,YES,159,466,2,-2,2,2,123,1.63%,2SHS4.MEASURE S HUMBOLDT COUNTY COMMERCIAL MARIJUANA CULTIVATION MEASURE..YES
000050 ,2,3,011 048 052 081 082 169 170 225 235 243,MEAS_U,YES,238,464,226,1,~  2SHS4,MEASURE U LOCAL TRANSPO,YES,236,466,2,-2,2,2,44,4.55%,2SHS4.MEASURE U LOCAL TRANSPORTATION AUTHORITY RETAIL TRANSACTIONS AND USE TAX..YES
000050 ,2,3,011 048 052 081 082 169 170 225 235 243,MEAS_V,NO,180,464,284,2,~  2SHS4,MEASURE V MOBILE HOME P,NO,178,466,2,-2,2,2,72,2.78%,2SHS4.MEASURE V MOBILE HOME PARK SPACE RENT STABILIZATION..NO
000050 ,1,1,011 048 052 081 082 169 170 225 229 235 243,PROP_55,NO,103,465,362,3,~  2SHS4,PROPOSITION 55 TAX EXTE,NO,101,466,2,-1,2,1,242,0.83%,2SHS4.PROPOSITION 55 TAX EXTENSION TO FUND EDUCATION AND HEALTHCARE. INITIATIVE CONSTITUTIONAL AMENDMENT..NO
000050 ,1,2,011 048 052 081 082 169 170 225 229 235,PROP_57,YES,355,465,110,0,~  2SHS4,PROPOSITION 57 CRIMINAL,YES,357,466,-2,-1,2,1,277,0.72%,2SHS4.PROPOSITION 57 CRIMINAL SENTENCES. PAROLE. JUVENILE CRIMINAL PROCEEDINGS AND SENTENCING. INITIATIVE.YES
000050 ,1,2,011 048 052 081 082 169 170 225 229 235,PROP_62,NO,164,465,301,3,~  2SHS4,PROPOSITION 62 DEATH PE,NO,162,466,2,-1,2,1,114,1.75%,2SHS4.PROPOSITION 62 DEATH PENALTY. INITIATIVE STATUTE..NO
000050 ,2,3,011 048 052 081 082 169 170 225 235 243,PROP_64,YES,166,464,298,2,~  2SHS4,PROPOSITION 64 MARIJUAN,YES,164,466,2,-2,2,2,123,1.63%,2SHS4.PROPOSITION 64 MARIJUANA LEGALIZATION. INITIATIVE STATUTE..YES
000050 ,2,3,011 048 052 081 082 169 170 225 235 243,PROP_65,NO,242,464,222,2,~  2SHS4,PROPOSITION 65 CARRYOUT,NO,240,466,2,-2,2,2,40,5.00%,2SHS4.PROPOSITION 65 CARRYOUT BAGS. CHARGES. INITIATIVE STATUTE..NO
000050 ,2,3,011 048 052 081 082 169 170 225 235 243,PROP_66,YES,123,464,341,2,~  2SHS4,PROPOSITION 66 DEATH PE,YES,121,466,2,-2,2,2,163,1.23%,2SHS4.PROPOSITION 66 DEATH PENALTY. PROCEDURES. INITIATIVE STATUTE..YES
000051 ,2,3,012 052 084 170 171 225 235 236 243,MEAS_R,NO,355,812,457,2,~  2SHS7,MEASURE R HUMBOLDT COUN,NO,353,812,2,0,2,0,39,5.13%,2SHS7.MEASURE R HUMBOLDT COUNTY FINANCE DEPARTMENT ELECTIVE OFFICE MEASURE..NO
000051 ,1,1,012 052 084 085 170 171 225 229 235 236 243,PRES,GARY_JOHNSON,16,813,797,2,~  2SHS7,PRESIDENT AND VICE PRES,GARY JOHNSON      and,14,812,2,1,2,1,305,0.66%,2SHS7.PRESIDENT AND VICE PRESIDENT.GARY JOHNSON      and BILL WELD
000051 ,1,1,012 052 084 085 170 171 225 229 235 236 243,PROP_53,YES,316,813,497,2,~  2SHS7,PROPOSITION 53 REVENUE ,YES,314,812,2,1,2,1,114,1.75%,2SHS7.PROPOSITION 53 REVENUE BONDS. STATEWIDE VOTER APPROVAL. INITIATIVE CONSTITUTIONAL AMENDMENT..YES
000051 ,1,2,012 052 084 085 170 171 225 229 235 236 243,PROP_59,NO,167,804,637,0,~  2SHS7,PROPOSITION 59 CORPORAT,NO,169,812,-2,-8,2,8,381,0.52%,2SHS7.PROPOSITION 59 CORPORATIONS. POLITICAL SPENDING. FEDERAL CONSTITUTIONAL PROTECTIONS..NO
000051 ,2,3,012 052 084 170 171 225 235 236 243,PROP_66,NO,518,812,294,5,~  2SHS7,PROPOSITION 66 DEATH PE,NO,516,812,2,0,2,0,319,0.63%,2SHS7.PROPOSITION 66 DEATH PENALTY. PROCEDURES. INITIATIVE STATUTE..NO
000051 ,1,1,012 052 084 085 170 171 225 229 235 236 243,USREP,DALE_K_MENSING,229,813,584,2,~  2SHS7,US REPRESENTATIVE IN CO,DALE K. MENSING,227,812,2,1,2,1,312,0.64%,"2SHS7.US REPRESENTATIVE IN CONGRESS, DISTRICT 2.DALE K. MENSING"
000051 ,1,1,012 052 084 085 170 171 225 229 235 236 243,USSEN,LORETTA_L_SANCHEZ,231,813,582,2,~  2SHS7,US SENATOR,LORETTA L. SANCHEZ,229,812,2,1,2,1,230,0.87%,2SHS7.US SENATOR.LORETTA L. SANCHEZ
000053 ,2,3,019 052 139 172 173 225 229 236,MEAS_H,YES,296,404,108,0,~  3A--1,MEASURE H ARCATA SCHOOL,YES,298,405,-2,-1,2,1,256,0.78%,3A--1.MEASURE H ARCATA SCHOOL DISTRICT PARCEL TAX..YES
000053 ,2,3,019 052 139 172 173 225 229 236,MEAS_I,BONDS_NO,56,404,348,2,~  3A--1,MEASURE I ARCATA SCHOOL,BONDS NO,54,405,2,-1,2,1,230,0.87%,3A--1.MEASURE I ARCATA SCHOOL DISTRICT BOND MEASURE..BONDS NO
000053 ,2,3,019 052 139 172 173 225 229 236,MEAS_I,BONDS_YES,282,404,122,2,~  3A--1,MEASURE I ARCATA SCHOOL,BONDS YES,284,405,-2,-1,2,1,230,0.87%,3A--1.MEASURE I ARCATA SCHOOL DISTRICT BOND MEASURE..BONDS YES
000053 ,1,1,019 052 139 172 173 225 229 236,PROP_51,YES,263,404,141,0,~  3A--1,PROPOSITION 51 SCHOOL B,YES,265,405,-2,-1,2,1,168,1.19%,3A--1.PROPOSITION 51 SCHOOL BONDS. FUNDING FOR K-12 SCHOOL AND COMMUNITY COLLEGE FACILITIES. INITIATIVE.YES
000053 ,1,1,019 052 139 172 173 225 229 236,PROP_52,YES,297,404,107,1,~  3A--1,PROPOSITION 52 MEDI-CAL,YES,299,405,-2,-1,2,1,237,0.84%,3A--1.PROPOSITION 52 MEDI-CAL HOSPITAL FEE PROGRAM. INITIATIVE CONSTITUTIONAL AMENDMENT AND STATUTE..YES
000053 ,1,1,019 052 139 172 173 225 229 236,PROP_53,YES,165,404,239,1,~  3A--1,PROPOSITION 53 REVENUE ,YES,163,405,2,-1,2,1,20,10.00%,3A--1.PROPOSITION 53 REVENUE BONDS. STATEWIDE VOTER APPROVAL. INITIATIVE CONSTITUTIONAL AMENDMENT..YES
000053 ,1,2,019 052 139 172 173 225 229 236,PROP_56,NO,109,404,295,2,~  3A--1,PROPOSITION 56 CIGARETT,NO,107,405,2,-1,2,1,166,1.20%,"3A--1.PROPOSITION 56 CIGARETTE TAX TO FUND HEALTHCARE, TOBACCO USE PREVENTION, RESEARCH, AND.NO"
000053 ,1,2,019 052 139 172 173 225 229 236,PROP_60,NO,208,404,196,0,~  3A--1,PROPOSITION 60 ADULT FI,NO,210,405,-2,-1,2,1,58,3.45%,3A--1.PROPOSITION 60 ADULT FILMS. CONDOMS. HEALTH REQUIREMENTS. INITIATIVE STATUTE..NO
000053 ,1,2,019 052 139 172 173 225 229 236,PROP_62,NO,89,404,315,2,~  3A--1,PROPOSITION 62 DEATH PE,NO,87,405,2,-1,2,1,196,1.02%,3A--1.PROPOSITION 62 DEATH PENALTY. INITIATIVE STATUTE..NO
000053 ,2,3,019 052 139 172 173 225 229 236,PROP_64,YES,301,404,103,1,~  3A--1,PROPOSITION 64 MARIJUAN,YES,303,405,-2,-1,2,1,214,0.93%,3A--1.PROPOSITION 64 MARIJUANA LEGALIZATION. INITIATIVE STATUTE..YES
000054 ,2,3,019 044 142 143 173 174 225 229 230 236,MEAS_R,NO,230,648,418,2,~  3A--2,MEASURE R HUMBOLDT COUN,NO,228,647,2,1,2,1,39,5.13%,3A--2.MEASURE R HUMBOLDT COUNTY FINANCE DEPARTMENT ELECTIVE OFFICE MEASURE..NO
000054 ,1,1,019 044 141 142 173 174 225 229 230 236,PRES,Write_in,23,647,624,0,~  3A--2,PRESIDENT AND VICE PRES,Write_in,25,647,-2,0,2,0,379,0.53%,3A--2.PRESIDENT AND VICE PRESIDENT.Write_in
000054 ,1,1,019 044 141 142 173 174 225 229 230 236,PROP_51,NO,201,647,446,2,~  3A--2,PROPOSITION 51 SCHOOL B,NO,203,647,-2,0,2,0,197,1.02%,3A--2.PROPOSITION 51 SCHOOL BONDS. FUNDING FOR K-12 SCHOOL AND COMMUNITY COLLEGE FACILITIES. INITIATIVE.NO
000054 ,1,1,019 044 141 142 173 174 225 229 230 236,PROP_51,YES,402,647,245,2,~  3A--2,PROPOSITION 51 SCHOOL B,YES,400,647,2,0,2,0,197,1.02%,3A--2.PROPOSITION 51 SCHOOL BONDS. FUNDING FOR K-12 SCHOOL AND COMMUNITY COLLEGE FACILITIES. INITIATIVE.YES
000054 ,1,1,019 044 141 142 173 174 225 229 230 236,PROP_52,NO,124,647,523,3,~  3A--2,PROPOSITION 52 MEDI-CAL,NO,122,647,2,0,2,0,341,0.59%,3A--2.PROPOSITION 52 MEDI-CAL HOSPITAL FEE PROGRAM. INITIATIVE CONSTITUTIONAL AMENDMENT AND STATUTE..NO
000054 ,1,1,019 044 141 142 173 174 225 229 230 236,PROP_54,YES,364,647,283,1,~  3A--2,PROPOSITION 54 LEGISLAT,YES,366,647,-2,0,2,0,139,1.44%,3A--2.PROPOSITION 54 LEGISLATURE. LEGISLATION AND PROCEEDINGS. INITIATIVE CONSTITUTIONAL AMENDMENT AND.YES
000054 ,1,2,019 044 141 142 173 174 225 229 230 236,PROP_62,YES,424,646,222,3,~  3A--2,PROPOSITION 62 DEATH PE,YES,422,647,2,-1,2,1,243,0.82%,3A--2.PROPOSITION 62 DEATH PENALTY. INITIATIVE STATUTE..YES
000054 ,2,3,019 044 142 143 173 174 225 229 230 236,PROP_66,YES,165,648,483,2,~  3A--2,PROPOSITION 66 DEATH PE,YES,163,647,2,1,2,1,241,0.83%,3A--2.PROPOSITION 66 DEATH PENALTY. PROCEDURES. INITIATIVE STATUTE..YES
000055 ,1,1,018 019 045 140 141 174 175 225 229 230 236,ARCATA_CC,MICHAEL_WINKLER,380,724,344,2,~  3A--3,ARCATA CITY COUNCILMEMB,MICHAEL WINKLER,378,724,2,0,2,0,54,3.70%,3A--3.ARCATA CITY COUNCILMEMBER.MICHAEL WINKLER
000055 ,1,1,018 019 045 140 141 174 175 225 229 230 236,ARCATA_CC,PAUL_PITINO,346,724,378,2,~  3A--3,ARCATA CITY COUNCILMEMB,PAUL PITINO,344,724,2,0,2,0,54,3.70%,3A--3.ARCATA CITY COUNCILMEMBER.PAUL PITINO
000055 ,2,3,018 019 045 141 174 175 225 230 236,MEAS_Q,YES,272,717,445,2,~  3A--3,MEASURE Q HUMBOLDT COUN,YES,270,724,2,-7,2,7,0,--,3A--3.MEASURE Q HUMBOLDT COUNTY CREATION OF FINANCE DEPARTMENT MEASURE..YES
000055 ,2,3,018 019 045 141 174 175 225 230 236,MEAS_R,NO,264,717,453,4,~  3A--3,MEASURE R HUMBOLDT COUN,NO,262,724,2,-7,2,7,20,10.00%,3A--3.MEASURE R HUMBOLDT COUNTY FINANCE DEPARTMENT ELECTIVE OFFICE MEASURE..NO
000055 ,2,3,018 019 045 141 174 175 225 230 236,MEAS_S,YES,474,717,243,3,~  3A--3,MEASURE S HUMBOLDT COUN,YES,472,724,2,-7,2,7,287,0.70%,3A--3.MEASURE S HUMBOLDT COUNTY COMMERCIAL MARIJUANA CULTIVATION MEASURE..YES
000055 ,1,1,018 019 045 140 141 174 175 225 229 230 236,PROP_52,NO,122,724,602,2,~  3A--3,PROPOSITION 52 MEDI-CAL,NO,120,724,2,0,2,0,428,0.47%,3A--3.PROPOSITION 52 MEDI-CAL HOSPITAL FEE PROGRAM. INITIATIVE CONSTITUTIONAL AMENDMENT AND STATUTE..NO
000055 ,1,1,018 019 045 140 141 174 175 225 229 230 236,PROP_52,YES,550,724,174,2,~  3A--3,PROPOSITION 52 MEDI-CAL,YES,548,724,2,0,2,0,428,0.47%,3A--3.PROPOSITION 52 MEDI-CAL HOSPITAL FEE PROGRAM. INITIATIVE CONSTITUTIONAL AMENDMENT AND STATUTE..YES
000055 ,1,1,018 019 045 140 141 174 175 225 229 230 236,PROP_54,NO,206,724,518,4,~  3A--3,PROPOSITION 54 LEGISLAT,NO,204,724,2,0,2,0,246,0.81%,3A--3.PROPOSITION 54 LEGISLATURE. LEGISLATION AND PROCEEDINGS. INITIATIVE CONSTITUTIONAL AMENDMENT AND.NO
000055 ,1,2,018 019 045 140 141 174 175 225 229 230 236,PROP_60,NO,410,723,313,3,~  3A--3,PROPOSITION 60 ADULT FI,NO,408,724,2,-1,2,1,170,1.18%,3A--3.PROPOSITION 60 ADULT FILMS. CONDOMS. HEALTH REQUIREMENTS. INITIATIVE STATUTE..NO
000055 ,1,2,018 019 045 140 141 174 175 225 229 230 236,PROP_60,YES,240,723,483,3,~  3A--3,PROPOSITION 60 ADULT FI,YES,238,724,2,-1,2,1,170,1.18%,3A--3.PROPOSITION 60 ADULT FILMS. CONDOMS. HEALTH REQUIREMENTS. INITIATIVE STATUTE..YES
000056 ,2,3,018 022 045 140 171 172 225 230,MEAS_Q,YES,229,579,350,2,~  3A--4,MEASURE Q HUMBOLDT COUN,YES,227,580,2,-1,2,1,29,6.90%,3A--4.MEASURE Q HUMBOLDT COUNTY CREATION OF FINANCE DEPARTMENT MEASURE..YES
000056 ,1,1,018 022 045 139 140 171 172 225 229 230,PROP_52,YES,439,580,141,3,~  3A--4,PROPOSITION 52 MEDI-CAL,YES,437,580,2,0,2,0,352,0.57%,3A--4.PROPOSITION 52 MEDI-CAL HOSPITAL FEE PROGRAM. INITIATIVE CONSTITUTIONAL AMENDMENT AND STATUTE..YES
000056 ,1,2,018 022 045 139 140 171 172 225 229 230,PROP_56,NO,137,580,443,3,~  3A--4,PROPOSITION 56 CIGARETT,NO,135,580,2,0,2,0,284,0.70%,"3A--4.PROPOSITION 56 CIGARETTE TAX TO FUND HEALTHCARE, TOBACCO USE PREVENTION, RESEARCH, AND.NO"
000056 ,1,2,018 022 045 139 140 171 172 225 229 230,PROP_62,NO,145,580,435,2,~  3A--4,PROPOSITION 62 DEATH PE,NO,143,580,2,0,2,0,250,0.80%,3A--4.PROPOSITION 62 DEATH PENALTY. INITIATIVE STATUTE..NO
000056 ,2,3,018 022 045 140 171 172 225 230,PROP_64,YES,435,579,144,3,~  3A--4,PROPOSITION 64 MARIJUAN,YES,433,580,2,-1,2,1,307,0.65%,3A--4.PROPOSITION 64 MARIJUANA LEGALIZATION. INITIATIVE STATUTE..YES
000056 ,2,3,018 022 045 140 171 172 225 230,PROP_66,YES,164,579,415,2,~  3A--4,PROPOSITION 66 DEATH PE,YES,162,580,2,-1,2,1,169,1.18%,3A--4.PROPOSITION 66 DEATH PENALTY. PROCEDURES. INITIATIVE STATUTE..YES
000056 ,2,3,018 022 045 140 171 172 225 230,PROP_67,NO,73,579,506,1,~  3A--4,PROPOSITION 67 BAN ON S,NO,71,580,2,-1,2,1,403,0.50%,3A--4.PROPOSITION 67 BAN ON SINGLE-USE PLASTIC BAGS. REFERENDUM..NO
000057 ,2,4,019 044 144 145 172 225 230 236,MEAS_V,YES,361,580,219,2,~  3A--7,MEASURE V MOBILE HOME P,YES,359,581,2,-1,2,1,208,0.96%,3A--7.MEASURE V MOBILE HOME PARK SPACE RENT STABILIZATION..YES
000057 ,1,1,019 044 143 144 172 225 229 230 236,PROP_54,NO,188,581,393,1,~  3A--7,PROPOSITION 54 LEGISLAT,NO,186,581,2,0,2,0,166,1.20%,3A--7.PROPOSITION 54 LEGISLATURE. LEGISLATION AND PROCEEDINGS. INITIATIVE CONSTITUTIONAL AMENDMENT AND.NO
000057 ,1,2,019 044 143 144 172 225 229 230 236,PROP_60,YES,184,581,397,2,~  3A--7,PROPOSITION 60 ADULT FI,YES,182,581,2,0,2,0,170,1.18%,3A--7.PROPOSITION 60 ADULT FILMS. CONDOMS. HEALTH REQUIREMENTS. INITIATIVE STATUTE..YES
000057 ,1,1,019 044 143 144 172 225 229 230 236,USSEN,KAMALA_D_HARRIS,354,581,227,2,~  3A--7,US SENATOR,KAMALA D. HARRIS,352,581,2,0,2,0,208,0.96%,3A--7.US SENATOR.KAMALA D. HARRIS
000058 ,1,1,019 044 045 143 175 176 225 229 230 243,ARCATA_CC,DANIEL_MURPHY,156,747,591,2,~  3A--9,ARCATA CITY COUNCILMEMB,DANIEL MURPHY,154,747,2,0,2,0,28,7.14%,3A--9.ARCATA CITY COUNCILMEMBER.DANIEL MURPHY
000058 ,1,1,019 044 045 143 175 176 225 229 230 243,ARCATA_CC,MICHAEL_WINKLER,395,747,352,3,~  3A--9,ARCATA CITY COUNCILMEMB,MICHAEL WINKLER,393,747,2,0,2,0,28,7.14%,3A--9.ARCATA CITY COUNCILMEMBER.MICHAEL WINKLER
000058 ,1,1,019 044 045 143 175 176 225 229 230 243,ARCATA_CC,PAUL_PITINO,320,747,427,3,~  3A--9,ARCATA CITY COUNCILMEMB,PAUL PITINO,318,747,2,0,2,0,28,7.14%,3A--9.ARCATA CITY COUNCILMEMBER.PAUL PITINO
000058 ,1,1,019 044 045 143 175 176 225 229 230 243,ARCATA_CC,SUSAN_ORNELAS,423,747,324,3,~  3A--9,ARCATA CITY COUNCILMEMB,SUSAN ORNELAS,421,747,2,0,2,0,28,7.14%,3A--9.ARCATA CITY COUNCILMEMBER.SUSAN ORNELAS
000058 ,2,3,019 044 045 143 144 175 176 225 230 243,MEAS_Q,NO,300,745,445,2,~  3A--9,MEASURE Q HUMBOLDT COUN,NO,298,747,2,-2,2,2,8,25.00%,3A--9.MEASURE Q HUMBOLDT COUNTY CREATION OF FINANCE DEPARTMENT MEASURE..NO
000058 ,2,3,019 044 045 143 144 175 176 225 230 243,MEAS_R,YES,329,745,416,1,~  3A--9,MEASURE R HUMBOLDT COUN,YES,327,747,2,-2,2,2,50,4.00%,3A--9.MEASURE R HUMBOLDT COUNTY FINANCE DEPARTMENT ELECTIVE OFFICE MEASURE..YES
000058 ,2,3,019 044 045 143 144 175 176 225 230 243,MEAS_S,NO,216,745,529,5,~  3A--9,MEASURE S HUMBOLDT COUN,NO,214,747,2,-2,2,2,273,0.73%,3A--9.MEASURE S HUMBOLDT COUNTY COMMERCIAL MARIJUANA CULTIVATION MEASURE..NO
000058 ,2,4,019 044 045 143 144 175 176 225 230,MEAS_V,NO,227,744,517,3,~  3A--9,MEASURE V MOBILE HOME P,NO,225,747,2,-3,2,3,206,0.97%,3A--9.MEASURE V MOBILE HOME PARK SPACE RENT STABILIZATION..NO
000058 ,1,1,019 044 045 143 175 176 225 229 230 243,PROP_54,YES,448,747,299,3,~  3A--9,PROPOSITION 54 LEGISLAT,YES,446,747,2,0,2,0,196,1.02%,3A--9.PROPOSITION 54 LEGISLATURE. LEGISLATION AND PROCEEDINGS. INITIATIVE CONSTITUTIONAL AMENDMENT AND.YES
000058 ,1,2,019 044 045 143 175 176 225 229 230,PROP_55,YES,581,745,164,0,~  3A--9,PROPOSITION 55 TAX EXTE,YES,583,747,-2,-2,2,2,460,0.43%,3A--9.PROPOSITION 55 TAX EXTENSION TO FUND EDUCATION AND HEALTHCARE. INITIATIVE CONSTITUTIONAL AMENDMENT..YES
000058 ,1,2,019 044 045 143 175 176 225 229 230,PROP_56,YES,502,745,243,0,~  3A--9,PROPOSITION 56 CIGARETT,YES,504,747,-2,-2,2,2,294,0.68%,"3A--9.PROPOSITION 56 CIGARETTE TAX TO FUND HEALTHCARE, TOBACCO USE PREVENTION, RESEARCH, AND.YES"
000058 ,1,2,019 044 045 143 175 176 225 229 230,PROP_61,YES,413,745,332,1,~  3A--9,PROPOSITION 61 STATE PR,YES,415,747,-2,-2,2,2,160,1.25%,3A--9.PROPOSITION 61 STATE PRESCRIPTION DRUG PURCHASES. PRICING STANDARDS. INITIATIVE STATUTE..YES
000058 ,2,3,019 044 045 143 144 175 176 225 230 243,PROP_64,YES,521,745,224,2,~  3A--9,PROPOSITION 64 MARIJUAN,YES,519,747,2,-2,2,2,309,0.65%,3A--9.PROPOSITION 64 MARIJUANA LEGALIZATION. INITIATIVE STATUTE..YES
000058 ,2,3,019 044 045 143 144 175 176 225 230 243,PROP_67,NO,168,745,577,3,~  3A--9,PROPOSITION 67 BAN ON S,NO,166,747,2,-2,2,2,391,0.51%,3A--9.PROPOSITION 67 BAN ON SINGLE-USE PLASTIC BAGS. REFERENDUM..NO
000059 ,2,3,019 020 052 137 138 176 225 229 230 231 243,MEAS_H,NO,138,808,670,4,~  3A-10,MEASURE H ARCATA SCHOOL,NO,136,809,2,-1,2,1,452,0.44%,3A-10.MEASURE H ARCATA SCHOOL DISTRICT PARCEL TAX..NO
000059 ,2,3,019 020 052 137 138 176 225 229 230 231 243,MEAS_H,YES,590,808,218,4,~  3A-10,MEASURE H ARCATA SCHOOL,YES,588,809,2,-1,2,1,452,0.44%,3A-10.MEASURE H ARCATA SCHOOL DISTRICT PARCEL TAX..YES
000059 ,2,3,019 020 052 137 138 176 225 229 230 231 243,MEAS_R,NO,253,808,555,2,~  3A-10,MEASURE R HUMBOLDT COUN,NO,251,809,2,-1,2,1,126,1.59%,3A-10.MEASURE R HUMBOLDT COUNTY FINANCE DEPARTMENT ELECTIVE OFFICE MEASURE..NO
000059 ,2,3,019 020 052 137 138 176 225 229 230 231 243,MEAS_S,NO,205,808,603,3,~  3A-10,MEASURE S HUMBOLDT COUN,NO,203,809,2,-1,2,1,331,0.60%,3A-10.MEASURE S HUMBOLDT COUNTY COMMERCIAL MARIJUANA CULTIVATION MEASURE..NO
000059 ,2,4,019 020 052 137 138 176 225 229 230 231 243,MEAS_U,NO,236,807,571,1,~  3A-10,MEASURE U LOCAL TRANSPO,NO,234,809,2,-2,2,2,224,0.89%,3A-10.MEASURE U LOCAL TRANSPORTATION AUTHORITY RETAIL TRANSACTIONS AND USE TAX..NO
000059 ,2,4,019 020 052 137 138 176 225 229 230 231 243,MEAS_V,NO,218,807,589,2,~  3A-10,MEASURE V MOBILE HOME P,NO,216,809,2,-2,2,2,246,0.81%,3A-10.MEASURE V MOBILE HOME PARK SPACE RENT STABILIZATION..NO
000059 ,1,1,019 020 052 138 139 176 225 229 230 231 243,PROP_54,YES,508,808,300,1,~  3A-10,PROPOSITION 54 LEGISLAT,YES,510,809,-2,-1,2,1,281,0.71%,3A-10.PROPOSITION 54 LEGISLATURE. LEGISLATION AND PROCEEDINGS. INITIATIVE CONSTITUTIONAL AMENDMENT AND.YES
000059 ,1,2,019 020 052 138 139 176 225 229 230 231 243,PROP_57,NO,121,804,683,2,~  3A-10,PROPOSITION 57 CRIMINAL,NO,119,809,2,-5,2,5,531,0.38%,3A-10.PROPOSITION 57 CRIMINAL SENTENCES. PAROLE. JUVENILE CRIMINAL PROCEEDINGS AND SENTENCING. INITIATIVE.NO
000059 ,1,2,019 020 052 138 139 176 225 229 230 231 243,PROP_58,YES,647,804,157,1,~  3A-10,PROPOSITION 58 ENGLISH ,YES,649,809,-2,-5,2,5,546,0.37%,3A-10.PROPOSITION 58 ENGLISH PROFICIENCY. MULTILINGUAL EDUCATION. INITIATIVE STATUTE..YES
000059 ,1,2,019 020 052 138 139 176 225 229 230 231 243,PROP_59,NO,178,804,626,2,~  3A-10,PROPOSITION 59 CORPORAT,NO,176,809,2,-5,2,5,376,0.53%,3A-10.PROPOSITION 59 CORPORATIONS. POLITICAL SPENDING. FEDERAL CONSTITUTIONAL PROTECTIONS..NO
000059 ,1,2,019 020 052 138 139 176 225 229 230 231 243,PROP_61,NO,248,804,556,3,~  3A-10,PROPOSITION 61 STATE PR,NO,246,809,2,-5,2,5,233,0.86%,3A-10.PROPOSITION 61 STATE PRESCRIPTION DRUG PURCHASES. PRICING STANDARDS. INITIATIVE STATUTE..NO
000059 ,1,2,019 020 052 138 139 176 225 229 230 231 243,PROP_61,YES,477,804,327,3,~  3A-10,PROPOSITION 61 STATE PR,YES,479,809,-2,-5,2,5,233,0.86%,3A-10.PROPOSITION 61 STATE PRESCRIPTION DRUG PURCHASES. PRICING STANDARDS. INITIATIVE STATUTE..YES
000059 ,2,3,019 020 052 137 138 176 225 229 230 231 243,PROP_64,YES,565,808,243,2,~  3A-10,PROPOSITION 64 MARIJUAN,YES,563,809,2,-1,2,1,333,0.60%,3A-10.PROPOSITION 64 MARIJUANA LEGALIZATION. INITIATIVE STATUTE..YES
000059 ,2,3,019 020 052 137 138 176 225 229 230 231 243,PROP_65,NO,357,808,451,8,~  3A-10,PROPOSITION 65 CARRYOUT,NO,355,809,2,-1,2,1,62,3.23%,3A-10.PROPOSITION 65 CARRYOUT BAGS. CHARGES. INITIATIVE STATUTE..NO
000059 ,2,3,019 020 052 137 138 176 225 229 230 231 243,PROP_67,NO,178,808,630,4,~  3A-10,PROPOSITION 67 BAN ON S,NO,176,809,2,-1,2,1,422,0.47%,3A-10.PROPOSITION 67 BAN ON SINGLE-USE PLASTIC BAGS. REFERENDUM..NO
000059 ,2,3,019 020 052 137 138 176 225 229 230 231 243,PROP_67,YES,600,808,208,4,~  3A-10,PROPOSITION 67 BAN ON S,YES,598,809,2,-1,2,1,422,0.47%,3A-10.PROPOSITION 67 BAN ON SINGLE-USE PLASTIC BAGS. REFERENDUM..YES
000059 ,1,1,019 020 052 138 139 176 225 229 230 231 243,USSEN,KAMALA_D_HARRIS,443,808,365,1,~  3A-10,US SENATOR,KAMALA D. HARRIS,445,809,-2,-1,2,1,189,1.06%,3A-10.US SENATOR.KAMALA D. HARRIS
000060 ,2,3,020 044 129 176 177 178 225 231 236,MEAS_I,BONDS_NO,162,833,671,2,~  3A-11,MEASURE I ARCATA SCHOOL,BONDS NO,160,837,2,-4,2,4,382,0.52%,3A-11.MEASURE I ARCATA SCHOOL DISTRICT BOND MEASURE..BONDS NO
000060 ,2,4,020 044 129 176 177 178 225 231 236,MEAS_U,YES,491,834,343,1,~  3A-11,MEASURE U LOCAL TRANSPO,YES,493,837,-2,-3,2,3,287,0.70%,3A-11.MEASURE U LOCAL TRANSPORTATION AUTHORITY RETAIL TRANSACTIONS AND USE TAX..YES
000060 ,2,4,020 044 129 176 177 178 225 231 236,MEAS_V,NO,204,834,630,2,~  3A-11,MEASURE V MOBILE HOME P,NO,202,837,2,-3,2,3,299,0.67%,3A-11.MEASURE V MOBILE HOME PARK SPACE RENT STABILIZATION..NO
000060 ,1,2,020 044 128 129 176 177 178 225 229 231 236,PROP_55,YES,692,835,143,0,~  3A-11,PROPOSITION 55 TAX EXTE,YES,694,837,-2,-2,2,2,607,0.33%,3A-11.PROPOSITION 55 TAX EXTENSION TO FUND EDUCATION AND HEALTHCARE. INITIATIVE CONSTITUTIONAL AMENDMENT..YES
000060 ,1,2,020 044 128 129 176 177 178 225 229 231 236,PROP_59,YES,589,835,246,2,~  3A-11,PROPOSITION 59 CORPORAT,YES,591,837,-2,-2,2,2,431,0.46%,3A-11.PROPOSITION 59 CORPORATIONS. POLITICAL SPENDING. FEDERAL CONSTITUTIONAL PROTECTIONS..YES
000060 ,1,2,020 044 128 129 176 177 178 225 229 231 236,PROP_60,YES,289,835,546,0,~  3A-11,PROPOSITION 60 ADULT FI,YES,291,837,-2,-2,2,2,193,1.04%,3A-11.PROPOSITION 60 ADULT FILMS. CONDOMS. HEALTH REQUIREMENTS. INITIATIVE STATUTE..YES
000060 ,1,2,020 044 128 129 176 177 178 225 229 231 236,PROP_62,YES,582,835,253,2,~  3A-11,PROPOSITION 62 DEATH PE,YES,584,837,-2,-2,2,2,384,0.52%,3A-11.PROPOSITION 62 DEATH PENALTY. INITIATIVE STATUTE..YES
000060 ,2,3,020 044 129 176 177 178 225 231 236,PROP_64,NO,247,833,586,2,~  3A-11,PROPOSITION 64 MARIJUAN,NO,245,837,2,-4,2,4,319,0.63%,3A-11.PROPOSITION 64 MARIJUANA LEGALIZATION. INITIATIVE STATUTE..NO
000060 ,2,3,020 044 129 176 177 178 225 231 236,PROP_65,NO,343,833,490,3,~  3A-11,PROPOSITION 65 CARRYOUT,NO,345,837,-2,-4,2,4,103,1.94%,3A-11.PROPOSITION 65 CARRYOUT BAGS. CHARGES. INITIATIVE STATUTE..NO
000060 ,2,3,020 044 129 176 177 178 225 231 236,PROP_66,YES,208,833,625,2,~  3A-11,PROPOSITION 66 DEATH PE,YES,206,837,2,-4,2,4,304,0.66%,3A-11.PROPOSITION 66 DEATH PENALTY. PROCEDURES. INITIATIVE STATUTE..YES
000060 ,2,3,020 044 129 176 177 178 225 231 236,PROP_67,NO,111,833,722,2,~  3A-11,PROPOSITION 67 BAN ON S,NO,109,837,2,-4,2,4,580,0.34%,3A-11.PROPOSITION 67 BAN ON SINGLE-USE PLASTIC BAGS. REFERENDUM..NO
000060 ,2,3,020 044 129 176 177 178 225 231 236,PROP_67,YES,687,833,146,2,~  3A-11,PROPOSITION 67 BAN ON S,YES,689,837,-2,-4,2,4,580,0.34%,3A-11.PROPOSITION 67 BAN ON SINGLE-USE PLASTIC BAGS. REFERENDUM..YES
000061 ,1,1,020 052 145 146 178 225 229 231 232 236 237,PROP_51,NO,122,470,348,2,~  3A-12,PROPOSITION 51 SCHOOL B,NO,120,470,2,0,2,0,198,1.01%,3A-12.PROPOSITION 51 SCHOOL BONDS. FUNDING FOR K-12 SCHOOL AND COMMUNITY COLLEGE FACILITIES. INITIATIVE.NO
000061 ,1,2,020 052 145 146 178 225 229 231 232 236 237,PROP_62,NO,161,470,309,2,~  3A-12,PROPOSITION 62 DEATH PE,NO,159,470,2,0,2,0,125,1.60%,3A-12.PROPOSITION 62 DEATH PENALTY. INITIATIVE STATUTE..NO
000062 ,2,3,021 044 130 131 178 179 225 226 232 236 243,MEAS_H,YES,625,905,280,0,~  3A-13,MEASURE H ARCATA SCHOOL,YES,627,910,-2,-5,2,5,473,0.42%,3A-13.MEASURE H ARCATA SCHOOL DISTRICT PARCEL TAX..YES
000062 ,2,4,021 044 130 131 178 179 225 226 232 236 243,MEAS_U,YES,515,907,392,0,~  3A-13,MEASURE U LOCAL TRANSPO,YES,517,910,-2,-3,2,3,272,0.74%,3A-13.MEASURE U LOCAL TRANSPORTATION AUTHORITY RETAIL TRANSACTIONS AND USE TAX..YES
000062 ,1,2,021 044 129 130 178 179 225 229 232 236 243,PROP_55,YES,690,906,216,2,~  3A-13,PROPOSITION 55 TAX EXTE,YES,692,910,-2,-4,2,4,536,0.37%,3A-13.PROPOSITION 55 TAX EXTENSION TO FUND EDUCATION AND HEALTHCARE. INITIATIVE CONSTITUTIONAL AMENDMENT..YES
000062 ,1,2,021 044 129 130 178 179 225 229 232 236 243,PROP_56,YES,652,906,254,0,~  3A-13,PROPOSITION 56 CIGARETT,YES,654,910,-2,-4,2,4,439,0.46%,"3A-13.PROPOSITION 56 CIGARETTE TAX TO FUND HEALTHCARE, TOBACCO USE PREVENTION, RESEARCH, AND.YES"
000062 ,1,2,021 044 129 130 178 179 225 229 232 236 243,PROP_59,NO,207,906,699,3,~  3A-13,PROPOSITION 59 CORPORAT,NO,205,910,2,-4,2,4,393,0.51%,3A-13.PROPOSITION 59 CORPORATIONS. POLITICAL SPENDING. FEDERAL CONSTITUTIONAL PROTECTIONS..NO
000062 ,1,2,021 044 129 130 178 179 225 229 232 236 243,PROP_59,YES,596,906,310,3,~  3A-13,PROPOSITION 59 CORPORAT,YES,598,910,-2,-4,2,4,393,0.51%,3A-13.PROPOSITION 59 CORPORATIONS. POLITICAL SPENDING. FEDERAL CONSTITUTIONAL PROTECTIONS..YES
000062 ,1,2,021 044 129 130 178 179 225 229 232 236 243,PROP_60,NO,497,906,409,1,~  3A-13,PROPOSITION 60 ADULT FI,NO,499,910,-2,-4,2,4,177,1.13%,3A-13.PROPOSITION 60 ADULT FILMS. CONDOMS. HEALTH REQUIREMENTS. INITIATIVE STATUTE..NO
000062 ,1,2,021 044 129 130 178 179 225 229 232 236 243,PROP_61,NO,286,906,620,0,~  3A-13,PROPOSITION 61 STATE PR,NO,288,910,-2,-4,2,4,212,0.94%,3A-13.PROPOSITION 61 STATE PRESCRIPTION DRUG PURCHASES. PRICING STANDARDS. INITIATIVE STATUTE..NO
000062 ,1,2,021 044 129 130 178 179 225 229 232 236 243,PROP_62,YES,596,906,310,3,~  3A-13,PROPOSITION 62 DEATH PE,YES,594,910,2,-4,2,4,354,0.56%,3A-13.PROPOSITION 62 DEATH PENALTY. INITIATIVE STATUTE..YES
000062 ,2,3,021 044 130 131 178 179 225 226 232 236 243,PROP_63,NO,231,905,674,2,~  3A-13,PROPOSITION 63 FIREARMS,NO,233,910,-2,-5,2,5,400,0.50%,3A-13.PROPOSITION 63 FIREARMS. AMMUNITION SALES. INITIATIVE STATUTE..NO
000062 ,2,3,021 044 130 131 178 179 225 226 232 236 243,PROP_65,NO,407,905,498,4,~  3A-13,PROPOSITION 65 CARRYOUT,NO,409,910,-2,-5,2,5,33,6.06%,3A-13.PROPOSITION 65 CARRYOUT BAGS. CHARGES. INITIATIVE STATUTE..NO
000062 ,2,3,021 044 130 131 178 179 225 226 232 236 243,PROP_66,YES,279,905,626,4,~  3A-13,PROPOSITION 66 DEATH PE,YES,277,910,2,-5,2,5,233,0.86%,3A-13.PROPOSITION 66 DEATH PENALTY. PROCEDURES. INITIATIVE STATUTE..YES
000062 ,1,1,021 044 129 130 178 179 225 229 232 236 243,USSEN,KAMALA_D_HARRIS,524,908,384,2,~  3A-13,US SENATOR,KAMALA D. HARRIS,522,910,2,-2,2,2,281,0.71%,3A-13.US SENATOR.KAMALA D. HARRIS
000063 ,1,1,020 021 048 131 132 177 179 180 226 229 236,ARCATA_CC,MICHAEL_WINKLER,362,593,231,2,~  3A-J1,ARCATA CITY COUNCILMEMB,MICHAEL WINKLER,360,593,2,0,2,0,26,7.69%,3A-J1.ARCATA CITY COUNCILMEMBER.MICHAEL WINKLER
000063 ,1,1,020 021 048 131 132 177 179 180 226 229 236,ARCATA_CC,SUSAN_ORNELAS,388,593,205,2,~  3A-J1,ARCATA CITY COUNCILMEMB,SUSAN ORNELAS,386,593,2,0,2,0,26,7.69%,3A-J1.ARCATA CITY COUNCILMEMBER.SUSAN ORNELAS
000063 ,1,2,020 021 048 131 132 177 179 180 226 229 236,PROP_60,NO,364,593,229,2,~  3A-J1,PROPOSITION 60 ADULT FI,NO,362,593,2,0,2,0,175,1.14%,3A-J1.PROPOSITION 60 ADULT FILMS. CONDOMS. HEALTH REQUIREMENTS. INITIATIVE STATUTE..NO
000063 ,1,2,020 021 048 131 132 177 179 180 226 229 236,PROP_60,YES,189,593,404,2,~  3A-J1,PROPOSITION 60 ADULT FI,YES,187,593,2,0,2,0,175,1.14%,3A-J1.PROPOSITION 60 ADULT FILMS. CONDOMS. HEALTH REQUIREMENTS. INITIATIVE STATUTE..YES
000064 ,2,4,020 050 134 180 181 182 183 226 229 236 243,MEAS_F,NO,361,812,451,1,~  3A-P2,MEASURE F CITY OF ARCAT,NO,359,815,2,-3,2,3,15,13.33%,3A-P2.MEASURE F CITY OF ARCATA UTILITY USERS TAX..NO
000064 ,2,3,020 050 134 180 181 182 183 226 229 236 243,MEAS_Q,NO,342,813,471,1,~  3A-P2,MEASURE Q HUMBOLDT COUN,NO,340,815,2,-2,2,2,30,6.67%,3A-P2.MEASURE Q HUMBOLDT COUNTY CREATION OF FINANCE DEPARTMENT MEASURE..NO
000064 ,2,3,020 050 134 180 181 182 183 226 229 236 243,MEAS_S,NO,218,813,595,1,~  3A-P2,MEASURE S HUMBOLDT COUN,NO,216,815,2,-2,2,2,314,0.64%,3A-P2.MEASURE S HUMBOLDT COUNTY COMMERCIAL MARIJUANA CULTIVATION MEASURE..NO
000064 ,2,3,020 050 134 180 181 182 183 226 229 236 243,MEAS_U,NO,270,813,543,1,~  3A-P2,MEASURE U LOCAL TRANSPO,NO,268,815,2,-2,2,2,181,1.10%,3A-P2.MEASURE U LOCAL TRANSPORTATION AUTHORITY RETAIL TRANSACTIONS AND USE TAX..NO
000064 ,1,2,020 050 133 134 180 181 182 183 226 229 236 243,PROP_62,YES,480,813,333,2,~  3A-P2,PROPOSITION 62 DEATH PE,YES,482,815,-2,-2,2,2,204,0.98%,3A-P2.PROPOSITION 62 DEATH PENALTY. INITIATIVE STATUTE..YES
000064 ,2,3,020 050 134 180 181 182 183 226 229 236 243,PROP_66,YES,270,813,543,1,~  3A-P2,PROPOSITION 66 DEATH PE,YES,268,815,2,-2,2,2,166,1.20%,3A-P2.PROPOSITION 66 DEATH PENALTY. PROCEDURES. INITIATIVE STATUTE..YES
000064 ,2,3,020 050 134 180 181 182 183 226 229 236 243,PROP_67,NO,221,813,592,1,~  3A-P2,PROPOSITION 67 BAN ON S,NO,219,815,2,-2,2,2,335,0.60%,3A-P2.PROPOSITION 67 BAN ON SINGLE-USE PLASTIC BAGS. REFERENDUM..NO
000064 ,1,1,020 050 133 134 180 181 182 183 226 229 236,USREP,JARED_W_HUFFMAN,606,813,207,0,~  3A-P2,US REPRESENTATIVE IN CO,JARED W. HUFFMAN,608,815,-2,-2,2,2,464,0.43%,"3A-P2.US REPRESENTATIVE IN CONGRESS, DISTRICT 2.JARED W. HUFFMAN"
000065 ,1,1,021 022 043 044 124 132 183 184 226 229 236,ARCATA_CC,DANIEL_MURPHY,192,838,646,3,~  3A-P4,ARCATA CITY COUNCILMEMB,DANIEL MURPHY,190,839,2,-1,2,1,39,5.13%,3A-P4.ARCATA CITY COUNCILMEMBER.DANIEL MURPHY
000065 ,2,3,021 022 043 044 132 133 183 184 226 236,MEAS_Q,YES,329,837,508,2,~  3A-P4,MEASURE Q HUMBOLDT COUN,YES,327,839,2,-2,2,2,43,4.65%,3A-P4.MEASURE Q HUMBOLDT COUNTY CREATION OF FINANCE DEPARTMENT MEASURE..YES
000065 ,2,3,021 022 043 044 132 133 183 184 226 236,MEAS_U,NO,330,837,507,4,~  3A-P4,MEASURE U LOCAL TRANSPO,NO,328,839,2,-2,2,2,93,2.15%,3A-P4.MEASURE U LOCAL TRANSPORTATION AUTHORITY RETAIL TRANSACTIONS AND USE TAX..NO
000065 ,2,3,021 022 043 044 132 133 183 184 226 236,MEAS_U,YES,423,837,414,4,~  3A-P4,MEASURE U LOCAL TRANSPO,YES,421,839,2,-2,2,2,93,2.15%,3A-P4.MEASURE U LOCAL TRANSPORTATION AUTHORITY RETAIL TRANSACTIONS AND USE TAX..YES
000065 ,1,1,021 022 043 044 124 132 183 184 226 229 236,PROP_52,YES,591,838,247,3,~  3A-P4,PROPOSITION 52 MEDI-CAL,YES,589,839,2,-1,2,1,401,0.50%,3A-P4.PROPOSITION 52 MEDI-CAL HOSPITAL FEE PROGRAM. INITIATIVE CONSTITUTIONAL AMENDMENT AND STATUTE..YES
000065 ,2,3,021 022 043 044 132 133 183 184 226 236,PROP_67,NO,262,837,575,3,~  3A-P4,PROPOSITION 67 BAN ON S,NO,260,839,2,-2,2,2,289,0.69%,3A-P4.PROPOSITION 67 BAN ON SINGLE-USE PLASTIC BAGS. REFERENDUM..NO
000067 ,2,3,036 219 223,PROP_65,YES,45,111,66,2,~  3AS-9,PROPOSITION 65 CARRYOUT,YES,43,112,2,-1,2,1,22,9.09%,3AS-9.PROPOSITION 65 CARRYOUT BAGS. CHARGES. INITIATIVE STATUTE..YES
000068 ,1,1,021 050 137 181 226 229 236,PROP_51,YES,337,675,338,3,~  3B--1,PROPOSITION 51 SCHOOL B,YES,335,677,2,-2,2,2,29,6.90%,3B--1.PROPOSITION 51 SCHOOL BONDS. FUNDING FOR K-12 SCHOOL AND COMMUNITY COLLEGE FACILITIES. INITIATIVE.YES
000068 ,1,2,021 050 137 181 226 229 236,PROP_56,YES,405,674,269,1,~  3B--1,PROPOSITION 56 CIGARETT,YES,407,677,-2,-3,2,3,171,1.17%,"3B--1.PROPOSITION 56 CIGARETTE TAX TO FUND HEALTHCARE, TOBACCO USE PREVENTION, RESEARCH, AND.YES"
000068 ,1,2,021 050 137 181 226 229 236,PROP_57,YES,444,674,230,0,~  3B--1,PROPOSITION 57 CRIMINAL,YES,446,677,-2,-3,2,3,268,0.75%,3B--1.PROPOSITION 57 CRIMINAL SENTENCES. PAROLE. JUVENILE CRIMINAL PROCEEDINGS AND SENTENCING. INITIATIVE.YES
000068 ,1,2,021 050 137 181 226 229 236,PROP_58,YES,496,674,178,0,~  3B--1,PROPOSITION 58 ENGLISH ,YES,498,677,-2,-3,2,3,367,0.54%,3B--1.PROPOSITION 58 ENGLISH PROFICIENCY. MULTILINGUAL EDUCATION. INITIATIVE STATUTE..YES
000068 ,1,1,021 050 137 181 226 229 236,STATEASS2,KEN_ANTON,149,675,526,0,~  3B--1,"STATE ASSEMBLY, DISTRIC",KEN ANTON,151,677,-2,-2,2,2,286,0.70%,"3B--1.STATE ASSEMBLY, DISTRICT 2.KEN ANTON"
000071 ,2,3,022 023 052 053 134 135 181 182 226 236 237,MEAS_S,YES,279,427,148,2,~  3ES-6,MEASURE S HUMBOLDT COUN,YES,277,431,2,-4,2,4,144,1.39%,3ES-6.MEASURE S HUMBOLDT COUNTY COMMERCIAL MARIJUANA CULTIVATION MEASURE..YES
000071 ,2,3,022 023 052 053 134 135 181 182 226 236 237,MEAS_V,NO,241,427,186,2,~  3ES-6,MEASURE V MOBILE HOME P,NO,239,431,2,-4,2,4,74,2.70%,3ES-6.MEASURE V MOBILE HOME PARK SPACE RENT STABILIZATION..NO
000071 ,2,3,022 023 052 053 134 135 181 182 226 236 237,MEAS_V,YES,167,427,260,2,~  3ES-6,MEASURE V MOBILE HOME P,YES,165,431,2,-4,2,4,74,2.70%,3ES-6.MEASURE V MOBILE HOME PARK SPACE RENT STABILIZATION..YES
000071 ,1,2,022 023 052 053 134 135 181 182 226 229 236 237,PROP_60,YES,130,431,301,2,~  3ES-6,PROPOSITION 60 ADULT FI,YES,128,431,2,0,2,0,141,1.42%,3ES-6.PROPOSITION 60 ADULT FILMS. CONDOMS. HEALTH REQUIREMENTS. INITIATIVE STATUTE..YES
000072 ,2,3,022 043 136 184 185 226 237,MEAS_Q,NO,360,791,431,4,~  3FW,MEASURE Q HUMBOLDT COUN,NO,358,796,2,-5,2,5,45,4.44%,3FW.MEASURE Q HUMBOLDT COUNTY CREATION OF FINANCE DEPARTMENT MEASURE..NO
000072 ,2,3,022 043 136 184 185 226 237,MEAS_U,NO,358,791,433,5,~  3FW,MEASURE U LOCAL TRANSPO,NO,356,796,2,-5,2,5,10,20.00%,3FW.MEASURE U LOCAL TRANSPORTATION AUTHORITY RETAIL TRANSACTIONS AND USE TAX..NO
000072 ,1,1,022 043 135 136 184 185 226 229 237,PROP_52,YES,518,796,278,1,~  3FW,PROPOSITION 52 MEDI-CAL,YES,520,796,-2,0,2,0,306,0.65%,3FW.PROPOSITION 52 MEDI-CAL HOSPITAL FEE PROGRAM. INITIATIVE CONSTITUTIONAL AMENDMENT AND STATUTE..YES
000072 ,1,1,022 043 135 136 184 185 226 229 237,PROP_53,YES,310,796,486,2,~  3FW,PROPOSITION 53 REVENUE ,YES,308,796,2,0,2,0,118,1.69%,3FW.PROPOSITION 53 REVENUE BONDS. STATEWIDE VOTER APPROVAL. INITIATIVE CONSTITUTIONAL AMENDMENT..YES
000072 ,1,1,022 043 135 136 184 185 226 229 237,PROP_55,YES,523,796,273,0,~  3FW,PROPOSITION 55 TAX EXTE,YES,525,796,-2,0,2,0,293,0.68%,3FW.PROPOSITION 55 TAX EXTENSION TO FUND EDUCATION AND HEALTHCARE. INITIATIVE CONSTITUTIONAL AMENDMENT..YES
000072 ,1,2,022 043 135 136 184 185 226 229 237,PROP_58,NO,159,796,637,3,~  3FW,PROPOSITION 58 ENGLISH ,NO,157,796,2,0,2,0,433,0.46%,3FW.PROPOSITION 58 ENGLISH PROFICIENCY. MULTILINGUAL EDUCATION. INITIATIVE STATUTE..NO
000072 ,1,2,022 043 135 136 184 185 226 229 237,PROP_63,NO,335,796,461,2,~  3FW,PROPOSITION 63 FIREARMS,NO,333,796,2,0,2,0,94,2.13%,3FW.PROPOSITION 63 FIREARMS. AMMUNITION SALES. INITIATIVE STATUTE..NO
000072 ,2,3,022 043 136 184 185 226 237,PROP_65,NO,442,791,349,8,~  3FW,PROPOSITION 65 CARRYOUT,NO,440,796,2,-5,2,5,128,1.56%,3FW.PROPOSITION 65 CARRYOUT BAGS. CHARGES. INITIATIVE STATUTE..NO
000072 ,1,1,022 043 135 136 184 185 226 229 237,USSEN,LORETTA_L_SANCHEZ,193,796,603,2,~  3FW,US SENATOR,LORETTA L. SANCHEZ,191,796,2,0,2,0,264,0.76%,3FW.US SENATOR.LORETTA L. SANCHEZ
000073 ,2,3,023 045 046 127 184 186 187 226 237 243,MEAS_Q,NO,387,784,397,0,~  3FWS,MEASURE Q HUMBOLDT COUN,NO,389,786,-2,-2,2,2,99,2.02%,3FWS.MEASURE Q HUMBOLDT COUNTY CREATION OF FINANCE DEPARTMENT MEASURE..NO
000073 ,2,3,023 045 046 127 184 186 187 226 237 243,MEAS_S,YES,524,784,260,0,~  3FWS,MEASURE S HUMBOLDT COUN,YES,526,786,-2,-2,2,2,303,0.66%,3FWS.MEASURE S HUMBOLDT COUNTY COMMERCIAL MARIJUANA CULTIVATION MEASURE..YES
000073 ,2,3,023 045 046 127 184 186 187 226 237 243,MEAS_U,NO,361,784,423,2,~  3FWS,MEASURE U LOCAL TRANSPO,NO,359,786,2,-2,2,2,13,15.38%,3FWS.MEASURE U LOCAL TRANSPORTATION AUTHORITY RETAIL TRANSACTIONS AND USE TAX..NO
000073 ,2,3,023 045 046 127 184 186 187 226 237 243,MEAS_U,YES,370,784,414,2,~  3FWS,MEASURE U LOCAL TRANSPO,YES,372,786,-2,-2,2,2,13,15.38%,3FWS.MEASURE U LOCAL TRANSPORTATION AUTHORITY RETAIL TRANSACTIONS AND USE TAX..YES
000073 ,2,3,023 045 046 127 184 186 187 226 237 243,MEAS_V,NO,360,784,424,2,~  3FWS,MEASURE V MOBILE HOME P,NO,358,786,2,-2,2,2,19,10.53%,3FWS.MEASURE V MOBILE HOME PARK SPACE RENT STABILIZATION..NO
000073 ,1,1,023 045 046 127 128 184 186 187 226 229 237,PROP_55,NO,270,786,516,3,~  3FWS,PROPOSITION 55 TAX EXTE,NO,268,786,2,0,2,0,215,0.93%,3FWS.PROPOSITION 55 TAX EXTENSION TO FUND EDUCATION AND HEALTHCARE. INITIATIVE CONSTITUTIONAL AMENDMENT..NO
000073 ,1,2,023 045 046 127 128 184 186 187 226 229 237,PROP_56,NO,310,783,473,1,~  3FWS,PROPOSITION 56 CIGARETT,NO,312,786,-2,-3,2,3,135,1.48%,"3FWS.PROPOSITION 56 CIGARETTE TAX TO FUND HEALTHCARE, TOBACCO USE PREVENTION, RESEARCH, AND.NO"
000073 ,1,2,023 045 046 127 128 184 186 187 226 229 237,PROP_57,YES,501,783,282,1,~  3FWS,PROPOSITION 57 CRIMINAL,YES,503,786,-2,-3,2,3,273,0.73%,3FWS.PROPOSITION 57 CRIMINAL SENTENCES. PAROLE. JUVENILE CRIMINAL PROCEEDINGS AND SENTENCING. INITIATIVE.YES
000073 ,1,2,023 045 046 127 128 184 186 187 226 229 237,PROP_58,YES,547,783,236,0,~  3FWS,PROPOSITION 58 ENGLISH ,YES,549,786,-2,-3,2,3,362,0.55%,3FWS.PROPOSITION 58 ENGLISH PROFICIENCY. MULTILINGUAL EDUCATION. INITIATIVE STATUTE..YES
000073 ,1,2,023 045 046 127 128 184 186 187 226 229 237,PROP_59,YES,427,783,356,0,~  3FWS,PROPOSITION 59 CORPORAT,YES,429,786,-2,-3,2,3,146,1.37%,3FWS.PROPOSITION 59 CORPORATIONS. POLITICAL SPENDING. FEDERAL CONSTITUTIONAL PROTECTIONS..YES
000073 ,1,2,023 045 046 127 128 184 186 187 226 229 237,PROP_62,NO,349,783,434,0,~  3FWS,PROPOSITION 62 DEATH PE,NO,351,786,-2,-3,2,3,34,5.88%,3FWS.PROPOSITION 62 DEATH PENALTY. INITIATIVE STATUTE..NO
000073 ,1,2,023 045 046 127 128 184 186 187 226 229 237,PROP_63,YES,399,783,384,4,~  3FWS,PROPOSITION 63 FIREARMS,YES,397,786,2,-3,2,3,46,4.35%,3FWS.PROPOSITION 63 FIREARMS. AMMUNITION SALES. INITIATIVE STATUTE..YES
000073 ,2,3,023 045 046 127 184 186 187 226 237 243,PROP_64,YES,474,784,310,3,~  3FWS,PROPOSITION 64 MARIJUAN,YES,472,786,2,-2,2,2,176,1.14%,3FWS.PROPOSITION 64 MARIJUANA LEGALIZATION. INITIATIVE STATUTE..YES
000073 ,2,3,023 045 046 127 184 186 187 226 237 243,PROP_65,NO,474,784,310,0,~  3FWS,PROPOSITION 65 CARRYOUT,NO,476,786,-2,-2,2,2,211,0.95%,3FWS.PROPOSITION 65 CARRYOUT BAGS. CHARGES. INITIATIVE STATUTE..NO
000073 ,2,3,023 045 046 127 184 186 187 226 237 243,PROP_67,NO,300,784,484,3,~  3FWS,PROPOSITION 67 BAN ON S,NO,298,786,2,-2,2,2,157,1.27%,3FWS.PROPOSITION 67 BAN ON SINGLE-USE PLASTIC BAGS. REFERENDUM..NO
000073 ,2,3,023 045 046 127 184 186 187 226 237 243,PROP_67,YES,453,784,331,3,~  3FWS,PROPOSITION 67 BAN ON S,YES,455,786,-2,-2,2,2,157,1.27%,3FWS.PROPOSITION 67 BAN ON SINGLE-USE PLASTIC BAGS. REFERENDUM..YES
000074 ,2,3,023 045 125 185 186 226 237,MEAS_R,NO,225,523,298,3,~  3JCFR,MEASURE R HUMBOLDT COUN,NO,223,520,2,3,2,3,2,100.00%,3JCFR.MEASURE R HUMBOLDT COUNTY FINANCE DEPARTMENT ELECTIVE OFFICE MEASURE..NO
000074 ,2,3,023 045 125 185 186 226 237,MEAS_S,NO,163,523,360,2,~  3JCFR,MEASURE S HUMBOLDT COUN,NO,161,520,2,3,2,3,166,1.20%,3JCFR.MEASURE S HUMBOLDT COUNTY COMMERCIAL MARIJUANA CULTIVATION MEASURE..NO
000074 ,1,1,023 045 124 125 185 186 226 237,PROP_54,NO,160,520,360,2,~  3JCFR,PROPOSITION 54 LEGISLAT,NO,158,520,2,0,2,0,166,1.20%,3JCFR.PROPOSITION 54 LEGISLATURE. LEGISLATION AND PROCEEDINGS. INITIATIVE CONSTITUTIONAL AMENDMENT AND.NO
000074 ,2,3,023 045 125 185 186 226 237,PROP_64,NO,186,523,337,2,~  3JCFR,PROPOSITION 64 MARIJUAN,NO,184,520,2,3,2,3,140,1.43%,3JCFR.PROPOSITION 64 MARIJUANA LEGALIZATION. INITIATIVE STATUTE..NO
000075 ,2,3,024 045 126 127 185 191 192 226 237,MEAS_K,BONDS_YES,300,650,350,0,~  3JCWR,MEASURE K JACOBY CREEK ,BONDS YES,302,653,-2,-3,2,3,12,16.67%,3JCWR.MEASURE K JACOBY CREEK SCHOOL BOND MEASURE..BONDS YES
000075 ,2,3,024 045 126 127 185 191 192 226 237,MEAS_U,YES,309,650,341,0,~  3JCWR,MEASURE U LOCAL TRANSPO,YES,311,653,-2,-3,2,3,34,5.88%,3JCWR.MEASURE U LOCAL TRANSPORTATION AUTHORITY RETAIL TRANSACTIONS AND USE TAX..YES
000075 ,1,1,024 045 126 185 191 192 226 229 237,PRES,HILLARY_CLINTON,439,654,215,1,~  3JCWR,PRESIDENT AND VICE PRES,HILLARY CLINTON      ,437,653,2,1,2,1,312,0.64%,3JCWR.PRESIDENT AND VICE PRESIDENT.HILLARY CLINTON      and TIM KAINE
000075 ,1,1,024 045 126 185 191 192 226 229 237,PROP_54,YES,373,654,281,1,~  3JCWR,PROPOSITION 54 LEGISLAT,YES,371,653,2,1,2,1,137,1.46%,3JCWR.PROPOSITION 54 LEGISLATURE. LEGISLATION AND PROCEEDINGS. INITIATIVE CONSTITUTIONAL AMENDMENT AND.YES
000075 ,1,2,024 045 126 185 191 192 226 229 237,PROP_56,NO,188,654,466,2,~  3JCWR,PROPOSITION 56 CIGARETT,NO,186,653,2,1,2,1,260,0.77%,"3JCWR.PROPOSITION 56 CIGARETTE TAX TO FUND HEALTHCARE, TOBACCO USE PREVENTION, RESEARCH, AND.NO"
000075 ,1,2,024 045 126 185 191 192 226 229 237,PROP_56,YES,448,654,206,2,~  3JCWR,PROPOSITION 56 CIGARETT,YES,446,653,2,1,2,1,260,0.77%,"3JCWR.PROPOSITION 56 CIGARETTE TAX TO FUND HEALTHCARE, TOBACCO USE PREVENTION, RESEARCH, AND.YES"
000075 ,1,2,024 045 126 185 191 192 226 229 237,PROP_57,YES,459,654,195,1,~  3JCWR,PROPOSITION 57 CRIMINAL,YES,457,653,2,1,2,1,297,0.67%,3JCWR.PROPOSITION 57 CRIMINAL SENTENCES. PAROLE. JUVENILE CRIMINAL PROCEEDINGS AND SENTENCING. INITIATIVE.YES
000075 ,1,2,024 045 126 185 191 192 226 229 237,PROP_58,NO,110,654,544,2,~  3JCWR,PROPOSITION 58 ENGLISH ,NO,108,653,2,1,2,1,400,0.50%,3JCWR.PROPOSITION 58 ENGLISH PROFICIENCY. MULTILINGUAL EDUCATION. INITIATIVE STATUTE..NO
000075 ,1,2,024 045 126 185 191 192 226 229 237,PROP_62,YES,396,654,258,2,~  3JCWR,PROPOSITION 62 DEATH PE,YES,394,653,2,1,2,1,178,1.12%,3JCWR.PROPOSITION 62 DEATH PENALTY. INITIATIVE STATUTE..YES
000075 ,2,3,024 045 126 127 185 191 192 226 237,PROP_66,NO,383,650,267,0,~  3JCWR,PROPOSITION 66 DEATH PE,NO,385,653,-2,-3,2,3,188,1.06%,3JCWR.PROPOSITION 66 DEATH PENALTY. PROCEDURES. INITIATIVE STATUTE..NO
000075 ,1,1,024 045 126 185 191 192 226 229 237,USSEN,KAMALA_D_HARRIS,397,654,257,1,~  3JCWR,US SENATOR,KAMALA D. HARRIS,395,653,2,1,2,1,250,0.80%,3JCWR.US SENATOR.KAMALA D. HARRIS
000077 ,2,3,036 221 223,PROP_65,YES,60,167,107,2,~  3KL-1,PROPOSITION 65 CARRYOUT,YES,58,170,2,-3,2,3,46,4.35%,3KL-1.PROPOSITION 65 CARRYOUT BAGS. CHARGES. INITIATIVE STATUTE..YES
000078 ,1,1,024 053 125 191 226 229 237 243,USSEN,KAMALA_D_HARRIS,238,385,147,3,~  3MA-1,US SENATOR,KAMALA D. HARRIS,236,385,2,0,2,0,142,1.41%,3MA-1.US SENATOR.KAMALA D. HARRIS
000079 ,1,1,023 024 053 123 124 132 188 190 191 226 229 237,PROP_55,NO,195,678,483,0,~  3PA-1,PROPOSITION 55 TAX EXTE,NO,193,669,2,9,2,9,250,0.80%,3PA-1.PROPOSITION 55 TAX EXTENSION TO FUND EDUCATION AND HEALTHCARE. INITIATIVE CONSTITUTIONAL AMENDMENT..NO
000079 ,1,1,023 024 053 123 124 132 188 190 191 226 229 237,STATEASS2,KEN_ANTON,139,678,539,0,~  3PA-1,"STATE ASSEMBLY, DISTRIC",KEN ANTON,137,669,2,9,2,9,295,0.68%,"3PA-1.STATE ASSEMBLY, DISTRICT 2.KEN ANTON"
000081 ,2,3,025 053 120 187 188 226 229 237 242 243,MEAS_S,NO,154,561,407,2,~  4E-11,MEASURE S HUMBOLDT COUN,NO,152,565,2,-4,2,4,215,0.93%,4E-11.MEASURE S HUMBOLDT COUNTY COMMERCIAL MARIJUANA CULTIVATION MEASURE..NO
000081 ,1,1,025 053 120 121 187 188 226 229 237 242 243,PROP_53,YES,268,564,296,2,~  4E-11,PROPOSITION 53 REVENUE ,YES,266,565,2,-1,2,1,27,7.41%,4E-11.PROPOSITION 53 REVENUE BONDS. STATEWIDE VOTER APPROVAL. INITIATIVE CONSTITUTIONAL AMENDMENT..YES
000081 ,1,2,025 053 120 121 187 188 226 229 237 242 243,PROP_58,NO,76,564,488,2,~  4E-11,PROPOSITION 58 ENGLISH ,NO,74,565,2,-1,2,1,371,0.54%,4E-11.PROPOSITION 58 ENGLISH PROFICIENCY. MULTILINGUAL EDUCATION. INITIATIVE STATUTE..NO
000081 ,1,2,025 053 120 121 187 188 226 229 237 242 243,PROP_61,NO,170,564,394,1,~  4E-11,PROPOSITION 61 STATE PR,NO,168,565,2,-1,2,1,170,1.18%,4E-11.PROPOSITION 61 STATE PRESCRIPTION DRUG PURCHASES. PRICING STANDARDS. INITIATIVE STATUTE..NO
000081 ,2,3,025 053 120 187 188 226 229 237 242 243,PROP_64,NO,144,561,417,0,~  4E-11,PROPOSITION 64 MARIJUAN,NO,146,565,-2,-4,2,4,254,0.79%,4E-11.PROPOSITION 64 MARIJUANA LEGALIZATION. INITIATIVE STATUTE..NO
000082 ,2,4,025 053 121 187 190 226 237 238,MEAS_P,YES,272,466,194,2,~  4E-12,MEASURE P CITY OF EUREK,YES,270,469,2,-3,2,3,121,1.65%,4E-12.MEASURE P CITY OF EUREKA CHARTER AMENDMENT MEASURE..YES
000082 ,2,4,025 053 121 187 190 226 237 238,MEAS_V,NO,173,466,293,2,~  4E-12,MEASURE V MOBILE HOME P,NO,171,469,2,-3,2,3,79,2.53%,4E-12.MEASURE V MOBILE HOME PARK SPACE RENT STABILIZATION..NO
000082 ,1,1,025 053 121 122 187 190 226 229 237 238,PROP_51,NO,174,469,295,2,~  4E-12,PROPOSITION 51 SCHOOL B,NO,172,469,2,0,2,0,98,2.04%,4E-12.PROPOSITION 51 SCHOOL BONDS. FUNDING FOR K-12 SCHOOL AND COMMUNITY COLLEGE FACILITIES. INITIATIVE.NO
000082 ,2,3,025 053 121 187 190 226 237 238,PROP_67,YES,276,466,190,1,~  4E-12,PROPOSITION 67 BAN ON S,YES,274,469,2,-3,2,3,107,1.87%,4E-12.PROPOSITION 67 BAN ON SINGLE-USE PLASTIC BAGS. REFERENDUM..YES
000083 ,2,4,024 025 053 122 178 192 226 238,MEAS_P,NO,134,432,298,2,~  4E-13,MEASURE P CITY OF EUREK,NO,132,432,2,0,2,0,117,1.71%,4E-13.MEASURE P CITY OF EUREKA CHARTER AMENDMENT MEASURE..NO
000083 ,1,1,024 025 053 122 178 192 226 229 238,PRES,JILL_STEIN,41,432,391,2,~  4E-13,PRESIDENT AND VICE PRES,JILL STEIN      and A,39,432,2,0,2,0,187,1.07%,4E-13.PRESIDENT AND VICE PRESIDENT.JILL STEIN      and AJAMU BARAKA
000083 ,1,1,024 025 053 122 178 192 226 229 238,PROP_54,YES,281,432,151,0,~  4E-13,PROPOSITION 54 LEGISLAT,YES,283,432,-2,0,2,0,168,1.19%,4E-13.PROPOSITION 54 LEGISLATURE. LEGISLATION AND PROCEEDINGS. INITIATIVE CONSTITUTIONAL AMENDMENT AND.YES
000083 ,1,2,024 025 053 122 178 192 226 229 238,PROP_61,NO,139,432,293,2,~  4E-13,PROPOSITION 61 STATE PR,NO,137,432,2,0,2,0,118,1.69%,4E-13.PROPOSITION 61 STATE PRESCRIPTION DRUG PURCHASES. PRICING STANDARDS. INITIATIVE STATUTE..NO
000083 ,1,1,024 025 053 122 178 192 226 229 238,USSEN,KAMALA_D_HARRIS,235,432,197,1,~  4E-13,US SENATOR,KAMALA D. HARRIS,237,432,-2,0,2,0,103,1.94%,4E-13.US SENATOR.KAMALA D. HARRIS
000084 ,1,1,026 053 122 123 192 193 226 229 238,EKA_CC,HEIDI_S_MESSNER,435,678,243,0,~  4E-14,EUREKA CITY COUNCILMEMB,HEIDI S. MESSNER,437,679,-2,-1,2,1,70,2.86%,4E-14.EUREKA CITY COUNCILMEMBER.HEIDI S. MESSNER
000084 ,2,3,026 053 123 192 193 226 229 238,MEAS_Q,NO,300,677,377,2,~  4E-14,MEASURE Q HUMBOLDT COUN,NO,302,679,-2,-2,2,2,8,25.00%,4E-14.MEASURE Q HUMBOLDT COUNTY CREATION OF FINANCE DEPARTMENT MEASURE..NO
000084 ,1,1,026 053 122 123 192 193 226 229 238,PROP_51,NO,314,678,364,2,~  4E-14,PROPOSITION 51 SCHOOL B,NO,316,679,-2,-1,2,1,17,11.76%,4E-14.PROPOSITION 51 SCHOOL BONDS. FUNDING FOR K-12 SCHOOL AND COMMUNITY COLLEGE FACILITIES. INITIATIVE.NO
000084 ,1,1,026 053 122 123 192 193 226 229 238,PROP_52,YES,483,678,195,3,~  4E-14,PROPOSITION 52 MEDI-CAL,YES,481,679,2,-1,2,1,319,0.63%,4E-14.PROPOSITION 52 MEDI-CAL HOSPITAL FEE PROGRAM. INITIATIVE CONSTITUTIONAL AMENDMENT AND STATUTE..YES
000084 ,1,1,026 053 122 123 192 193 226 229 238,PROP_53,NO,314,678,364,2,~  4E-14,PROPOSITION 53 REVENUE ,NO,316,679,-2,-1,2,1,5,40.00%,4E-14.PROPOSITION 53 REVENUE BONDS. STATEWIDE VOTER APPROVAL. INITIATIVE CONSTITUTIONAL AMENDMENT..NO
000084 ,1,2,026 053 122 123 192 193 226 229 238,PROP_56,NO,293,677,384,4,~  4E-14,PROPOSITION 56 CIGARETT,NO,291,679,2,-2,2,2,79,2.53%,"4E-14.PROPOSITION 56 CIGARETTE TAX TO FUND HEALTHCARE, TOBACCO USE PREVENTION, RESEARCH, AND.NO"
000084 ,1,2,026 053 122 123 192 193 226 229 238,PROP_58,YES,513,677,164,0,~  4E-14,PROPOSITION 58 ENGLISH ,YES,515,679,-2,-2,2,2,384,0.52%,4E-14.PROPOSITION 58 ENGLISH PROFICIENCY. MULTILINGUAL EDUCATION. INITIATIVE STATUTE..YES
000084 ,1,2,026 053 122 123 192 193 226 229 238,PROP_59,NO,222,677,455,2,~  4E-14,PROPOSITION 59 CORPORAT,NO,220,679,2,-2,2,2,177,1.13%,4E-14.PROPOSITION 59 CORPORATIONS. POLITICAL SPENDING. FEDERAL CONSTITUTIONAL PROTECTIONS..NO
000084 ,1,2,026 053 122 123 192 193 226 229 238,PROP_60,YES,238,677,439,3,~  4E-14,PROPOSITION 60 ADULT FI,YES,236,679,2,-2,2,2,159,1.26%,4E-14.PROPOSITION 60 ADULT FILMS. CONDOMS. HEALTH REQUIREMENTS. INITIATIVE STATUTE..YES
000084 ,2,3,026 053 123 192 193 226 229 238,PROP_63,NO,300,677,377,2,~  4E-14,PROPOSITION 63 FIREARMS,NO,298,679,2,-2,2,2,64,3.12%,4E-14.PROPOSITION 63 FIREARMS. AMMUNITION SALES. INITIATIVE STATUTE..NO
000084 ,1,1,026 053 122 123 192 193 226 229 238,STATEASS2,JIM_WOOD,440,678,238,2,~  4E-14,"STATE ASSEMBLY, DISTRIC",JIM WOOD,438,679,2,-1,2,1,285,0.70%,"4E-14.STATE ASSEMBLY, DISTRICT 2.JIM WOOD"
000085 ,1,1,025 026 053 119 190 226 238,EKA_CC,HEIDI_S_MESSNER,293,471,178,1,~  4E-21,EUREKA CITY COUNCILMEMB,HEIDI S. MESSNER,291,468,2,3,2,3,52,3.85%,4E-21.EUREKA CITY COUNCILMEMBER.HEIDI S. MESSNER
000085 ,1,1,025 026 053 119 190 226 238,EKA_CC,Write_in,32,942,910,1,~  4E-21,EUREKA CITY COUNCILMEMB,Write_in,30,468,2,474,2,474,52,3.85%,4E-21.EUREKA CITY COUNCILMEMBER.Write_in
000085 ,2,4,025 026 053 119 120 190 226 238,MEAS_P,NO,153,471,318,3,~  4E-21,MEASURE P CITY OF EUREK,NO,151,468,2,3,2,3,117,1.71%,4E-21.MEASURE P CITY OF EUREKA CHARTER AMENDMENT MEASURE..NO
000085 ,2,3,025 026 053 119 120 190 226 238,MEAS_Q,YES,216,471,255,1,~  4E-21,MEASURE Q HUMBOLDT COUN,YES,214,468,2,3,2,3,19,10.53%,4E-21.MEASURE Q HUMBOLDT COUNTY CREATION OF FINANCE DEPARTMENT MEASURE..YES
000085 ,2,4,025 026 053 119 120 190 226 238,MEAS_V,YES,284,471,187,0,~  4E-21,MEASURE V MOBILE HOME P,YES,282,468,2,3,2,3,131,1.53%,4E-21.MEASURE V MOBILE HOME PARK SPACE RENT STABILIZATION..YES
000085 ,1,1,025 026 053 119 190 226 238,PRES,HILLARY_CLINTON,279,471,192,1,~  4E-21,PRESIDENT AND VICE PRES,HILLARY CLINTON      ,277,468,2,3,2,3,182,1.10%,4E-21.PRESIDENT AND VICE PRESIDENT.HILLARY CLINTON      and TIM KAINE
000085 ,1,1,025 026 053 119 190 226 238,PROP_51,YES,263,471,208,1,~  4E-21,PROPOSITION 51 SCHOOL B,YES,261,468,2,3,2,3,82,2.44%,4E-21.PROPOSITION 51 SCHOOL BONDS. FUNDING FOR K-12 SCHOOL AND COMMUNITY COLLEGE FACILITIES. INITIATIVE.YES
000085 ,1,1,025 026 053 119 190 226 238,PROP_54,YES,285,471,186,1,~  4E-21,PROPOSITION 54 LEGISLAT,YES,283,468,2,3,2,3,136,1.47%,4E-21.PROPOSITION 54 LEGISLATURE. LEGISLATION AND PROCEEDINGS. INITIATIVE CONSTITUTIONAL AMENDMENT AND.YES
000085 ,1,2,025 026 053 119 190 226 238,PROP_55,NO,114,471,357,0,~  4E-21,PROPOSITION 55 TAX EXTE,NO,112,468,2,3,2,3,220,0.91%,4E-21.PROPOSITION 55 TAX EXTENSION TO FUND EDUCATION AND HEALTHCARE. INITIATIVE CONSTITUTIONAL AMENDMENT..NO
000085 ,1,2,025 026 053 119 190 226 238,PROP_60,YES,185,471,286,1,~  4E-21,PROPOSITION 60 ADULT FI,YES,183,468,2,3,2,3,69,2.90%,4E-21.PROPOSITION 60 ADULT FILMS. CONDOMS. HEALTH REQUIREMENTS. INITIATIVE STATUTE..YES
000085 ,1,2,025 026 053 119 190 226 238,PROP_62,NO,193,471,278,1,~  4E-21,PROPOSITION 62 DEATH PE,NO,191,468,2,3,2,3,64,3.12%,4E-21.PROPOSITION 62 DEATH PENALTY. INITIATIVE STATUTE..NO
000085 ,1,2,025 026 053 119 190 226 238,PROP_62,YES,257,471,214,1,~  4E-21,PROPOSITION 62 DEATH PE,YES,255,468,2,3,2,3,64,3.12%,4E-21.PROPOSITION 62 DEATH PENALTY. INITIATIVE STATUTE..YES
000085 ,2,3,025 026 053 119 120 190 226 238,PROP_63,NO,185,471,286,1,~  4E-21,PROPOSITION 63 FIREARMS,NO,183,468,2,3,2,3,85,2.35%,4E-21.PROPOSITION 63 FIREARMS. AMMUNITION SALES. INITIATIVE STATUTE..NO
000085 ,2,3,025 026 053 119 120 190 226 238,PROP_67,YES,287,471,184,0,~  4E-21,PROPOSITION 67 BAN ON S,YES,285,468,2,3,2,3,124,1.61%,4E-21.PROPOSITION 67 BAN ON SINGLE-USE PLASTIC BAGS. REFERENDUM..YES
000085 ,1,1,025 026 053 119 190 226 238,STATEASS2,KEN_ANTON,109,471,362,1,~  4E-21,"STATE ASSEMBLY, DISTRIC",KEN ANTON,107,468,2,3,2,3,214,0.93%,"4E-21.STATE ASSEMBLY, DISTRICT 2.KEN ANTON"
000085 ,1,1,025 026 053 119 190 226 238,USREP,JARED_W_HUFFMAN,346,471,125,0,~  4E-21,US REPRESENTATIVE IN CO,JARED W. HUFFMAN,344,468,2,3,2,3,250,0.80%,"4E-21.US REPRESENTATIVE IN CONGRESS, DISTRICT 2.JARED W. HUFFMAN"
000085 ,1,1,025 026 053 119 190 226 238,USSEN,LORETTA_L_SANCHEZ,146,471,325,1,~  4E-21,US SENATOR,LORETTA L. SANCHEZ,144,468,2,3,2,3,127,1.57%,4E-21.US SENATOR.LORETTA L. SANCHEZ
000086 ,2,3,027 053 054 114 189 190 195 226 238,MEAS_R,NO,209,528,319,0,~  4E-22,MEASURE R HUMBOLDT COUN,NO,211,533,-2,-5,2,5,34,5.88%,4E-22.MEASURE R HUMBOLDT COUNTY FINANCE DEPARTMENT ELECTIVE OFFICE MEASURE..NO
000086 ,2,3,027 053 054 114 189 190 195 226 238,MEAS_U,YES,257,528,271,2,~  4E-22,MEASURE U LOCAL TRANSPO,YES,255,533,2,-5,2,5,25,8.00%,4E-22.MEASURE U LOCAL TRANSPORTATION AUTHORITY RETAIL TRANSACTIONS AND USE TAX..YES
000086 ,1,1,027 053 054 114 189 190 195 226 229 238,PROP_54,NO,195,533,338,0,~  4E-22,PROPOSITION 54 LEGISLAT,NO,197,533,-2,0,2,0,112,1.79%,4E-22.PROPOSITION 54 LEGISLATURE. LEGISLATION AND PROCEEDINGS. INITIATIVE CONSTITUTIONAL AMENDMENT AND.NO
000086 ,1,2,027 053 054 114 189 190 195 226 229 238,PROP_57,YES,352,532,180,0,~  4E-22,PROPOSITION 57 CRIMINAL,YES,354,533,-2,-1,2,1,206,0.97%,4E-22.PROPOSITION 57 CRIMINAL SENTENCES. PAROLE. JUVENILE CRIMINAL PROCEEDINGS AND SENTENCING. INITIATIVE.YES
000086 ,1,2,027 053 054 114 189 190 195 226 229 238,PROP_58,NO,103,532,429,0,~  4E-22,PROPOSITION 58 ENGLISH ,NO,105,533,-2,-1,2,1,293,0.68%,4E-22.PROPOSITION 58 ENGLISH PROFICIENCY. MULTILINGUAL EDUCATION. INITIATIVE STATUTE..NO
000086 ,1,2,027 053 054 114 189 190 195 226 229 238,PROP_59,YES,315,532,217,1,~  4E-22,PROPOSITION 59 CORPORAT,YES,313,533,2,-1,2,1,139,1.44%,4E-22.PROPOSITION 59 CORPORATIONS. POLITICAL SPENDING. FEDERAL CONSTITUTIONAL PROTECTIONS..YES
000086 ,1,2,027 053 054 114 189 190 195 226 229 238,PROP_61,NO,189,532,343,1,~  4E-22,PROPOSITION 61 STATE PR,NO,191,533,-2,-1,2,1,111,1.80%,4E-22.PROPOSITION 61 STATE PRESCRIPTION DRUG PURCHASES. PRICING STANDARDS. INITIATIVE STATUTE..NO
000086 ,2,3,027 053 054 114 189 190 195 226 238,PROP_63,NO,223,528,305,1,~  4E-22,PROPOSITION 63 FIREARMS,NO,221,533,2,-5,2,5,69,2.90%,4E-22.PROPOSITION 63 FIREARMS. AMMUNITION SALES. INITIATIVE STATUTE..NO
000086 ,2,3,027 053 054 114 189 190 195 226 238,PROP_66,YES,198,528,330,0,~  4E-22,PROPOSITION 66 DEATH PE,YES,200,533,-2,-5,2,5,78,2.56%,4E-22.PROPOSITION 66 DEATH PENALTY. PROCEDURES. INITIATIVE STATUTE..YES
000087 ,1,1,026 027 051 054 115 195 226 229 238 241,PROP_52,NO,150,470,320,2,~  4E-23,PROPOSITION 52 MEDI-CAL,NO,148,470,2,0,2,0,152,1.32%,4E-23.PROPOSITION 52 MEDI-CAL HOSPITAL FEE PROGRAM. INITIATIVE CONSTITUTIONAL AMENDMENT AND STATUTE..NO
000087 ,1,2,026 027 051 054 115 195 226 229 238 241,PROP_58,YES,334,470,136,2,~  4E-23,PROPOSITION 58 ENGLISH ,YES,332,470,2,0,2,0,226,0.88%,4E-23.PROPOSITION 58 ENGLISH PROFICIENCY. MULTILINGUAL EDUCATION. INITIATIVE STATUTE..YES
000088 ,1,1,028 051 115 116 189 195 196 226 229 238 241,PROP_53,YES,171,482,311,2,~  4E-24,PROPOSITION 53 REVENUE ,YES,169,483,2,-1,2,1,109,1.83%,4E-24.PROPOSITION 53 REVENUE BONDS. STATEWIDE VOTER APPROVAL. INITIATIVE CONSTITUTIONAL AMENDMENT..YES
000088 ,1,2,028 051 115 116 189 195 196 226 229 238 241,PROP_55,YES,330,482,152,2,~  4E-24,PROPOSITION 55 TAX EXTE,YES,328,483,2,-1,2,1,199,1.01%,4E-24.PROPOSITION 55 TAX EXTENSION TO FUND EDUCATION AND HEALTHCARE. INITIATIVE CONSTITUTIONAL AMENDMENT..YES
000089 ,2,4,027 028 051 054 117 118 188 189 226 239 242,MEAS_V,YES,324,699,375,3,~  4E-25,MEASURE V MOBILE HOME P,YES,322,700,2,-1,2,1,4,50.00%,4E-25.MEASURE V MOBILE HOME PARK SPACE RENT STABILIZATION..YES
000089 ,1,1,027 028 051 054 118 188 189 226 239 242 243,PROP_52,NO,223,699,476,1,~  4E-25,PROPOSITION 52 MEDI-CAL,NO,221,700,2,-1,2,1,215,0.93%,4E-25.PROPOSITION 52 MEDI-CAL HOSPITAL FEE PROGRAM. INITIATIVE CONSTITUTIONAL AMENDMENT AND STATUTE..NO
000089 ,1,1,027 028 051 054 118 188 189 226 239 242 243,PROP_52,YES,434,699,265,1,~  4E-25,PROPOSITION 52 MEDI-CAL,YES,436,700,-2,-1,2,1,215,0.93%,4E-25.PROPOSITION 52 MEDI-CAL HOSPITAL FEE PROGRAM. INITIATIVE CONSTITUTIONAL AMENDMENT AND STATUTE..YES
000089 ,1,1,027 028 051 054 118 188 189 226 239 242 243,PROP_53,YES,290,699,409,2,~  4E-25,PROPOSITION 53 REVENUE ,YES,288,700,2,-1,2,1,78,2.56%,4E-25.PROPOSITION 53 REVENUE BONDS. STATEWIDE VOTER APPROVAL. INITIATIVE CONSTITUTIONAL AMENDMENT..YES
000089 ,1,1,027 028 051 054 118 188 189 226 239 242 243,PROP_54,NO,244,699,455,3,~  4E-25,PROPOSITION 54 LEGISLAT,NO,242,700,2,-1,2,1,170,1.18%,4E-25.PROPOSITION 54 LEGISLATURE. LEGISLATION AND PROCEEDINGS. INITIATIVE CONSTITUTIONAL AMENDMENT AND.NO
000089 ,1,2,027 028 051 054 118 188 189 226 239 242 243,PROP_59,NO,292,698,406,2,~  4E-25,PROPOSITION 59 CORPORAT,NO,290,700,2,-2,2,2,60,3.33%,4E-25.PROPOSITION 59 CORPORATIONS. POLITICAL SPENDING. FEDERAL CONSTITUTIONAL PROTECTIONS..NO
000089 ,1,2,027 028 051 054 118 188 189 226 239 242 243,PROP_60,NO,424,698,274,3,~  4E-25,PROPOSITION 60 ADULT FI,NO,422,700,2,-2,2,2,198,1.01%,4E-25.PROPOSITION 60 ADULT FILMS. CONDOMS. HEALTH REQUIREMENTS. INITIATIVE STATUTE..NO
000091 ,2,4,029 117 196 197 226 229 239,MEAS_O,NO,155,428,273,4,~  4E-31,MEASURE O CITY OF EUREK,NO,153,429,2,-1,2,1,77,2.60%,4E-31.MEASURE O CITY OF EUREKA LOW INCOME HOUSING UNITS..NO
000091 ,1,1,029 117 196 197 226 229 239,PROP_52,YES,323,428,105,2,~  4E-31,PROPOSITION 52 MEDI-CAL,YES,321,429,2,-1,2,1,237,0.84%,4E-31.PROPOSITION 52 MEDI-CAL HOSPITAL FEE PROGRAM. INITIATIVE CONSTITUTIONAL AMENDMENT AND STATUTE..YES
000091 ,1,2,029 117 196 197 226 229 239,PROP_58,YES,343,427,84,0,~  4E-31,PROPOSITION 58 ENGLISH ,YES,345,429,-2,-2,2,2,287,0.70%,4E-31.PROPOSITION 58 ENGLISH PROFICIENCY. MULTILINGUAL EDUCATION. INITIATIVE STATUTE..YES
000091 ,2,3,029 117 196 197 226 229 239,PROP_65,NO,211,428,217,4,~  4E-31,PROPOSITION 65 CARRYOUT,NO,209,429,2,-1,2,1,8,25.00%,4E-31.PROPOSITION 65 CARRYOUT BAGS. CHARGES. INITIATIVE STATUTE..NO
000091 ,2,3,029 117 196 197 226 229 239,PROP_65,YES,203,428,225,4,~  4E-31,PROPOSITION 65 CARRYOUT,YES,201,429,2,-1,2,1,8,25.00%,4E-31.PROPOSITION 65 CARRYOUT BAGS. CHARGES. INITIATIVE STATUTE..YES
000091 ,1,1,029 117 196 197 226 229 239,USSEN,LORETTA_L_SANCHEZ,130,428,298,2,~  4E-31,US SENATOR,LORETTA L. SANCHEZ,128,429,2,-1,2,1,109,1.83%,4E-31.US SENATOR.LORETTA L. SANCHEZ
000092 ,2,3,028 029 054 116 117 196 226 239 241 243,MEAS_S,NO,128,449,321,2,~  4E-32,MEASURE S HUMBOLDT COUN,NO,126,449,2,0,2,0,163,1.23%,4E-32.MEASURE S HUMBOLDT COUNTY COMMERCIAL MARIJUANA CULTIVATION MEASURE..NO
000092 ,1,2,028 029 054 116 196 226 239 241,PROP_56,YES,263,448,185,1,~  4E-32,PROPOSITION 56 CIGARETT,YES,265,449,-2,-1,2,1,100,2.00%,"4E-32.PROPOSITION 56 CIGARETTE TAX TO FUND HEALTHCARE, TOBACCO USE PREVENTION, RESEARCH, AND.YES"
000093 ,2,3,028 054 118 119 193 194 226 239 243,MEAS_R,NO,203,498,295,3,~  4E-33,MEASURE R HUMBOLDT COUN,NO,201,502,2,-4,2,4,18,11.11%,4E-33.MEASURE R HUMBOLDT COUNTY FINANCE DEPARTMENT ELECTIVE OFFICE MEASURE..NO
000093 ,2,4,028 054 118 119 193 194 226 239 243,MEAS_V,NO,163,498,335,1,~  4E-33,MEASURE V MOBILE HOME P,NO,161,502,2,-4,2,4,127,1.57%,4E-33.MEASURE V MOBILE HOME PARK SPACE RENT STABILIZATION..NO
000093 ,1,2,028 054 119 193 194 226 229 239 243,PROP_55,YES,361,503,142,3,~  4E-33,PROPOSITION 55 TAX EXTE,YES,359,502,2,1,2,1,245,0.82%,4E-33.PROPOSITION 55 TAX EXTENSION TO FUND EDUCATION AND HEALTHCARE. INITIATIVE CONSTITUTIONAL AMENDMENT..YES
000094 ,1,1,029 030 054 110 194 195 226 229 239 242,EKA_CC,HEIDI_S_MESSNER,387,603,216,0,~  4E-34,EUREKA CITY COUNCILMEMB,HEIDI S. MESSNER,385,602,2,1,2,1,90,2.22%,4E-34.EUREKA CITY COUNCILMEMBER.HEIDI S. MESSNER
000094 ,2,3,029 030 054 110 111 194 195 226 229 239 242 243,MEAS_Q,NO,298,600,302,3,~  4E-34,MEASURE Q HUMBOLDT COUN,NO,296,602,2,-2,2,2,57,3.51%,4E-34.MEASURE Q HUMBOLDT COUNTY CREATION OF FINANCE DEPARTMENT MEASURE..NO
000094 ,1,1,029 030 054 110 194 195 226 229 239 242,PROP_51,NO,314,603,289,1,~  4E-34,PROPOSITION 51 SCHOOL B,NO,312,602,2,1,2,1,43,4.65%,4E-34.PROPOSITION 51 SCHOOL BONDS. FUNDING FOR K-12 SCHOOL AND COMMUNITY COLLEGE FACILITIES. INITIATIVE.NO
000094 ,1,1,029 030 054 110 194 195 226 229 239 242,PROP_53,YES,241,603,362,0,~  4E-34,PROPOSITION 53 REVENUE ,YES,239,602,2,1,2,1,86,2.33%,4E-34.PROPOSITION 53 REVENUE BONDS. STATEWIDE VOTER APPROVAL. INITIATIVE CONSTITUTIONAL AMENDMENT..YES
000094 ,1,1,029 030 054 110 194 195 226 229 239 242,PROP_54,NO,245,603,358,1,~  4E-34,PROPOSITION 54 LEGISLAT,NO,243,602,2,1,2,1,80,2.50%,4E-34.PROPOSITION 54 LEGISLATURE. LEGISLATION AND PROCEEDINGS. INITIATIVE CONSTITUTIONAL AMENDMENT AND.NO
000094 ,1,2,029 030 054 110 194 195 226 229 239 242,PROP_60,NO,338,602,264,2,~  4E-34,PROPOSITION 60 ADULT FI,NO,336,602,2,0,2,0,116,1.72%,4E-34.PROPOSITION 60 ADULT FILMS. CONDOMS. HEALTH REQUIREMENTS. INITIATIVE STATUTE..NO
000095 ,2,4,029 054 108 197 226 239 240 243,MEAS_P,YES,243,465,222,2,~  4E-51,MEASURE P CITY OF EUREK,YES,241,464,2,1,2,1,58,3.45%,4E-51.MEASURE P CITY OF EUREKA CHARTER AMENDMENT MEASURE..YES
000095 ,2,3,029 054 108 197 226 239 240 243,MEAS_R,NO,205,465,260,4,~  4E-51,MEASURE R HUMBOLDT COUN,NO,203,464,2,1,2,1,3,66.67%,4E-51.MEASURE R HUMBOLDT COUNTY FINANCE DEPARTMENT ELECTIVE OFFICE MEASURE..NO
000095 ,2,3,029 054 108 197 226 239 240 243,MEAS_R,YES,202,465,263,4,~  4E-51,MEASURE R HUMBOLDT COUN,YES,200,464,2,1,2,1,3,66.67%,4E-51.MEASURE R HUMBOLDT COUNTY FINANCE DEPARTMENT ELECTIVE OFFICE MEASURE..YES
000095 ,1,2,029 054 107 108 197 226 239 240,PROP_55,NO,146,464,318,2,~  4E-51,PROPOSITION 55 TAX EXTE,NO,144,464,2,0,2,0,153,1.31%,4E-51.PROPOSITION 55 TAX EXTENSION TO FUND EDUCATION AND HEALTHCARE. INITIATIVE CONSTITUTIONAL AMENDMENT..NO
000095 ,1,2,029 054 107 108 197 226 239 240,PROP_56,YES,286,464,178,2,~  4E-51,PROPOSITION 56 CIGARETT,YES,284,464,2,0,2,0,118,1.69%,"4E-51.PROPOSITION 56 CIGARETTE TAX TO FUND HEALTHCARE, TOBACCO USE PREVENTION, RESEARCH, AND.YES"
000095 ,2,3,029 054 108 197 226 239 240 243,PROP_65,YES,180,465,285,0,~  4E-51,PROPOSITION 65 CARRYOUT,YES,182,464,-2,1,2,1,78,2.56%,4E-51.PROPOSITION 65 CARRYOUT BAGS. CHARGES. INITIATIVE STATUTE..YES
000095 ,1,1,029 054 107 108 197 226 239 240,STATEASS2,JIM_WOOD,295,464,169,2,~  4E-51,"STATE ASSEMBLY, DISTRIC",JIM WOOD,293,464,2,0,2,0,179,1.12%,"4E-51.STATE ASSEMBLY, DISTRICT 2.JIM WOOD"
000096 ,2,3,031 108 197 198 226 240 242 243,PROP_63,NO,166,335,169,1,~  4E-52,PROPOSITION 63 FIREARMS,NO,164,337,2,-2,2,2,10,20.00%,4E-52.PROPOSITION 63 FIREARMS. AMMUNITION SALES. INITIATIVE STATUTE..NO
000097 ,1,2,030 031 054 109 110 198 199 226 229 239 242 243,PROP_62,NO,405,760,355,0,~  4E-54,PROPOSITION 62 DEATH PE,NO,407,771,-2,-11,2,11,89,2.25%,4E-54.PROPOSITION 62 DEATH PENALTY. INITIATIVE STATUTE..NO
000097 ,1,1,030 031 054 109 110 198 199 226 229 239 242 243,USREP,JARED_W_HUFFMAN,509,771,262,1,~  4E-54,US REPRESENTATIVE IN CO,JARED W. HUFFMAN,511,771,-2,0,2,0,293,0.68%,"4E-54.US REPRESENTATIVE IN CONGRESS, DISTRICT 2.JARED W. HUFFMAN"
000098 ,2,3,031 032 111 112 199 227 238 239,MEAS_R,YES,241,603,362,0,~  4ES-4,MEASURE R HUMBOLDT COUN,YES,239,603,2,0,2,0,51,3.92%,4ES-4.MEASURE R HUMBOLDT COUNTY FINANCE DEPARTMENT ELECTIVE OFFICE MEASURE..YES
000098 ,2,3,031 032 111 112 199 227 238 239,MEAS_U,NO,315,603,288,0,~  4ES-4,MEASURE U LOCAL TRANSPO,NO,313,603,2,0,2,0,69,2.90%,4ES-4.MEASURE U LOCAL TRANSPORTATION AUTHORITY RETAIL TRANSACTIONS AND USE TAX..NO
000098 ,2,3,031 032 111 112 199 227 238 239,MEAS_V,NO,288,603,315,0,~  4ES-4,MEASURE V MOBILE HOME P,NO,286,603,2,0,2,0,15,13.33%,4ES-4.MEASURE V MOBILE HOME PARK SPACE RENT STABILIZATION..NO
000098 ,1,1,031 032 111 199 226 227 229 238 239,PRES,DONALD_J_TRUMP,224,606,382,0,~  4ES-4,PRESIDENT AND VICE PRES,DONALD J. TRUMP      ,222,603,2,3,2,3,79,2.53%,4ES-4.PRESIDENT AND VICE PRESIDENT.DONALD J. TRUMP      and MICHAEL R. PENCE
000098 ,1,1,031 032 111 199 226 227 229 238 239,PROP_53,NO,295,606,311,2,~  4ES-4,PROPOSITION 53 REVENUE ,NO,293,603,2,3,2,3,30,6.67%,4ES-4.PROPOSITION 53 REVENUE BONDS. STATEWIDE VOTER APPROVAL. INITIATIVE CONSTITUTIONAL AMENDMENT..NO
000098 ,1,2,031 032 111 199 226 227 229 238 239,PROP_57,NO,207,606,399,1,~  4ES-4,PROPOSITION 57 CRIMINAL,NO,205,603,2,3,2,3,156,1.28%,4ES-4.PROPOSITION 57 CRIMINAL SENTENCES. PAROLE. JUVENILE CRIMINAL PROCEEDINGS AND SENTENCING. INITIATIVE.NO
000098 ,1,2,031 032 111 199 226 227 229 238 239,PROP_57,YES,363,606,243,1,~  4ES-4,PROPOSITION 57 CRIMINAL,YES,361,603,2,3,2,3,156,1.28%,4ES-4.PROPOSITION 57 CRIMINAL SENTENCES. PAROLE. JUVENILE CRIMINAL PROCEEDINGS AND SENTENCING. INITIATIVE.YES
000098 ,1,2,031 032 111 199 226 227 229 238 239,PROP_61,NO,266,606,340,1,~  4ES-4,PROPOSITION 61 STATE PR,NO,264,603,2,3,2,3,27,7.41%,4ES-4.PROPOSITION 61 STATE PRESCRIPTION DRUG PURCHASES. PRICING STANDARDS. INITIATIVE STATUTE..NO
000098 ,1,2,031 032 111 199 226 227 229 238 239,PROP_61,YES,293,606,313,1,~  4ES-4,PROPOSITION 61 STATE PR,YES,291,603,2,3,2,3,27,7.41%,4ES-4.PROPOSITION 61 STATE PRESCRIPTION DRUG PURCHASES. PRICING STANDARDS. INITIATIVE STATUTE..YES
000098 ,1,2,031 032 111 199 226 227 229 238 239,PROP_62,YES,234,606,372,1,~  4ES-4,PROPOSITION 62 DEATH PE,YES,232,603,2,3,2,3,104,1.92%,4ES-4.PROPOSITION 62 DEATH PENALTY. INITIATIVE STATUTE..YES
000098 ,2,3,031 032 111 112 199 227 238 239,PROP_66,NO,292,603,311,0,~  4ES-4,PROPOSITION 66 DEATH PE,NO,290,603,2,0,2,0,34,5.88%,4ES-4.PROPOSITION 66 DEATH PENALTY. PROCEDURES. INITIATIVE STATUTE..NO
000098 ,1,1,031 032 111 199 226 227 229 238 239,USREP,JARED_W_HUFFMAN,392,606,214,1,~  4ES-4,US REPRESENTATIVE IN CO,JARED W. HUFFMAN,390,603,2,3,2,3,213,0.94%,"4ES-4.US REPRESENTATIVE IN CONGRESS, DISTRICT 2.JARED W. HUFFMAN"
000098 ,1,1,031 032 111 199 226 227 229 238 239,USSEN,LORETTA_L_SANCHEZ,184,606,422,2,~  4ES-4,US SENATOR,LORETTA L. SANCHEZ,182,603,2,3,2,3,117,1.71%,4ES-4.US SENATOR.LORETTA L. SANCHEZ
000099 ,2,3,031 113 114 199 200 227 238 242,MEAS_S,NO,207,729,522,2,~  4ES-5,MEASURE S HUMBOLDT COUN,NO,209,744,-2,-15,2,15,271,0.74%,4ES-5.MEASURE S HUMBOLDT COUNTY COMMERCIAL MARIJUANA CULTIVATION MEASURE..NO
000099 ,1,1,031 113 199 200 227 229 238 242,PRES,DONALD_J_TRUMP,222,733,511,1,~  4ES-5,PRESIDENT AND VICE PRES,DONALD J. TRUMP      ,224,744,-2,-11,2,11,172,1.16%,4ES-5.PRESIDENT AND VICE PRESIDENT.DONALD J. TRUMP      and MICHAEL R. PENCE
000099 ,1,1,031 113 199 200 227 229 238 242,PRES,JILL_STEIN,48,733,685,1,~  4ES-5,PRESIDENT AND VICE PRES,JILL STEIN      and A,50,744,-2,-11,2,11,172,1.16%,4ES-5.PRESIDENT AND VICE PRESIDENT.JILL STEIN      and AJAMU BARAKA
000099 ,1,1,031 113 199 200 227 229 238 242,STATEASS2,KEN_ANTON,184,733,549,1,~  4ES-5,"STATE ASSEMBLY, DISTRIC",KEN ANTON,186,744,-2,-11,2,11,268,0.75%,"4ES-5.STATE ASSEMBLY, DISTRICT 2.KEN ANTON"
000099 ,1,1,031 113 199 200 227 229 238 242,USREP,DALE_K_MENSING,195,733,538,0,~  4ES-5,US REPRESENTATIVE IN CO,DALE K. MENSING,197,744,-2,-11,2,11,296,0.68%,"4ES-5.US REPRESENTATIVE IN CONGRESS, DISTRICT 2.DALE K. MENSING"
000100 ,2,3,032 033 112 113 200 201 227 238 242,MEAS_R,NO,311,630,319,3,~  4ES-6,MEASURE R HUMBOLDT COUN,NO,309,633,2,-3,2,3,66,3.03%,4ES-6.MEASURE R HUMBOLDT COUNTY FINANCE DEPARTMENT ELECTIVE OFFICE MEASURE..NO
000100 ,1,2,032 033 112 200 201 227 229 238 242,PROP_62,YES,270,632,362,2,~  4ES-6,PROPOSITION 62 DEATH PE,YES,268,633,2,-1,2,1,62,3.23%,4ES-6.PROPOSITION 62 DEATH PENALTY. INITIATIVE STATUTE..YES
000103 ,2,3,012 049 050 108 109 201 202 227 240,MEAS_Q,NO,304,624,320,2,~  5BL,MEASURE Q HUMBOLDT COUN,NO,302,626,2,-2,2,2,72,2.78%,5BL.MEASURE Q HUMBOLDT COUNTY CREATION OF FINANCE DEPARTMENT MEASURE..NO
000103 ,2,3,012 049 050 108 109 201 202 227 240,MEAS_V,YES,292,624,332,2,~  5BL,MEASURE V MOBILE HOME P,YES,290,626,2,-2,2,2,7,28.57%,5BL.MEASURE V MOBILE HOME PARK SPACE RENT STABILIZATION..YES
000103 ,1,1,012 049 050 109 201 202 227 229 240,PROP_51,YES,258,626,368,1,~  5BL,PROPOSITION 51 SCHOOL B,YES,256,626,2,0,2,0,86,2.33%,5BL.PROPOSITION 51 SCHOOL BONDS. FUNDING FOR K-12 SCHOOL AND COMMUNITY COLLEGE FACILITIES. INITIATIVE.YES
000103 ,1,2,012 049 050 109 201 202 227 229 240,PROP_62,NO,293,626,333,2,~  5BL,PROPOSITION 62 DEATH PE,NO,291,626,2,0,2,0,4,50.00%,5BL.PROPOSITION 62 DEATH PENALTY. INITIATIVE STATUTE..NO
000103 ,2,3,012 049 050 108 109 201 202 227 240,PROP_66,YES,223,624,401,2,~  5BL,PROPOSITION 66 DEATH PE,YES,221,626,2,-2,2,2,113,1.77%,5BL.PROPOSITION 66 DEATH PENALTY. PROCEDURES. INITIATIVE STATUTE..YES
000104 ,2,3,011 012 090 091 202 203 227 229 240,MEAS_Q,YES,177,540,363,1,~  5FB,MEASURE Q HUMBOLDT COUN,YES,175,542,2,-2,2,2,122,1.64%,5FB.MEASURE Q HUMBOLDT COUNTY CREATION OF FINANCE DEPARTMENT MEASURE..YES
000104 ,2,3,011 012 090 091 202 203 227 229 240,MEAS_S,YES,333,540,207,3,~  5FB,MEASURE S HUMBOLDT COUN,YES,331,542,2,-2,2,2,146,1.37%,5FB.MEASURE S HUMBOLDT COUNTY COMMERCIAL MARIJUANA CULTIVATION MEASURE..YES
000104 ,2,3,011 012 090 091 202 203 227 229 240,MEAS_V,NO,242,540,298,3,~  5FB,MEASURE V MOBILE HOME P,NO,240,542,2,-2,2,2,19,10.53%,5FB.MEASURE V MOBILE HOME PARK SPACE RENT STABILIZATION..NO
000104 ,2,3,011 012 090 091 202 203 227 229 240,MEAS_V,YES,261,540,279,3,~  5FB,MEASURE V MOBILE HOME P,YES,259,542,2,-2,2,2,19,10.53%,5FB.MEASURE V MOBILE HOME PARK SPACE RENT STABILIZATION..YES
000104 ,1,1,011 012 090 091 202 203 227 229 240,PROP_51,YES,251,542,291,1,~  5FB,PROPOSITION 51 SCHOOL B,YES,249,542,2,0,2,0,22,9.09%,5FB.PROPOSITION 51 SCHOOL BONDS. FUNDING FOR K-12 SCHOOL AND COMMUNITY COLLEGE FACILITIES. INITIATIVE.YES
000104 ,1,1,011 012 090 091 202 203 227 229 240,PROP_52,YES,342,542,200,1,~  5FB,PROPOSITION 52 MEDI-CAL,YES,340,542,2,0,2,0,169,1.18%,5FB.PROPOSITION 52 MEDI-CAL HOSPITAL FEE PROGRAM. INITIATIVE CONSTITUTIONAL AMENDMENT AND STATUTE..YES
000104 ,1,1,011 012 090 091 202 203 227 229 240,PROP_53,YES,210,542,332,1,~  5FB,PROPOSITION 53 REVENUE ,YES,208,542,2,0,2,0,90,2.22%,5FB.PROPOSITION 53 REVENUE BONDS. STATEWIDE VOTER APPROVAL. INITIATIVE CONSTITUTIONAL AMENDMENT..YES
000104 ,1,1,011 012 090 091 202 203 227 229 240,PROP_54,YES,302,542,240,1,~  5FB,PROPOSITION 54 LEGISLAT,YES,300,542,2,0,2,0,93,2.15%,5FB.PROPOSITION 54 LEGISLATURE. LEGISLATION AND PROCEEDINGS. INITIATIVE CONSTITUTIONAL AMENDMENT AND.YES
000104 ,1,2,011 012 090 091 202 203 227 229 240,PROP_61,YES,274,542,268,1,~  5FB,PROPOSITION 61 STATE PR,YES,272,542,2,0,2,0,49,4.08%,5FB.PROPOSITION 61 STATE PRESCRIPTION DRUG PURCHASES. PRICING STANDARDS. INITIATIVE STATUTE..YES
000104 ,1,2,011 012 090 091 202 203 227 229 240,PROP_62,YES,283,542,259,1,~  5FB,PROPOSITION 62 DEATH PE,YES,281,542,2,0,2,0,52,3.85%,5FB.PROPOSITION 62 DEATH PENALTY. INITIATIVE STATUTE..YES
000104 ,2,3,011 012 090 091 202 203 227 229 240,PROP_64,NO,233,540,307,1,~  5FB,PROPOSITION 64 MARIJUAN,NO,231,542,2,-2,2,2,66,3.03%,5FB.PROPOSITION 64 MARIJUANA LEGALIZATION. INITIATIVE STATUTE..NO
000104 ,2,3,011 012 090 091 202 203 227 229 240,PROP_65,YES,197,540,343,1,~  5FB,PROPOSITION 65 CARRYOUT,YES,195,542,2,-2,2,2,123,1.63%,5FB.PROPOSITION 65 CARRYOUT BAGS. CHARGES. INITIATIVE STATUTE..YES
000104 ,2,3,011 012 090 091 202 203 227 229 240,PROP_66,YES,177,540,363,0,~  5FB,PROPOSITION 66 DEATH PE,YES,175,542,2,-2,2,2,136,1.47%,5FB.PROPOSITION 66 DEATH PENALTY. PROCEDURES. INITIATIVE STATUTE..YES
000104 ,2,3,011 012 090 091 202 203 227 229 240,PROP_67,NO,183,540,357,2,~  5FB,PROPOSITION 67 BAN ON S,NO,181,542,2,-2,2,2,158,1.27%,5FB.PROPOSITION 67 BAN ON SINGLE-USE PLASTIC BAGS. REFERENDUM..NO
000104 ,2,3,011 012 090 091 202 203 227 229 240,PROP_67,YES,341,540,199,2,~  5FB,PROPOSITION 67 BAN ON S,YES,339,542,2,-2,2,2,158,1.27%,5FB.PROPOSITION 67 BAN ON SINGLE-USE PLASTIC BAGS. REFERENDUM..YES
000104 ,1,1,011 012 090 091 202 203 227 229 240,STATEASS2,JIM_WOOD,355,542,187,1,~  5FB,"STATE ASSEMBLY, DISTRIC",JIM WOOD,353,542,2,0,2,0,220,0.91%,"5FB.STATE ASSEMBLY, DISTRICT 2.JIM WOOD"
000107 ,2,3,036 037 222 223,MEAS_S,NO,64,123,59,2,~  5KT-3,MEASURE S HUMBOLDT COUN,NO,62,124,2,-1,2,1,4,50.00%,5KT-3.MEASURE S HUMBOLDT COUNTY COMMERCIAL MARIJUANA CULTIVATION MEASURE..NO
000109 ,1,1,013 049 055 056 089 090 203 204 227 229 240,PRES,DONALD_J_TRUMP,339,789,450,1,~  5KT-6,PRESIDENT AND VICE PRES,DONALD J. TRUMP      ,337,788,2,1,2,1,7,28.57%,5KT-6.PRESIDENT AND VICE PRESIDENT.DONALD J. TRUMP      and MICHAEL R. PENCE
000109 ,1,1,013 049 055 056 089 090 203 204 227 229 240,PRES,Write_in,32,789,757,2,~  5KT-6,PRESIDENT AND VICE PRES,Write_in,30,788,2,1,2,1,7,28.57%,5KT-6.PRESIDENT AND VICE PRESIDENT.Write_in
000109 ,1,1,013 049 055 056 089 090 203 204 227 229 240,PROP_51,NO,426,789,363,0,~  5KT-6,PROPOSITION 51 SCHOOL B,NO,424,788,2,1,2,1,106,1.89%,5KT-6.PROPOSITION 51 SCHOOL BONDS. FUNDING FOR K-12 SCHOOL AND COMMUNITY COLLEGE FACILITIES. INITIATIVE.NO
000109 ,1,1,013 049 055 056 089 090 203 204 227 229 240,PROP_53,YES,387,789,402,1,~  5KT-6,PROPOSITION 53 REVENUE ,YES,385,788,2,1,2,1,61,3.28%,5KT-6.PROPOSITION 53 REVENUE BONDS. STATEWIDE VOTER APPROVAL. INITIATIVE CONSTITUTIONAL AMENDMENT..YES
000109 ,1,1,013 049 055 056 089 090 203 204 227 229 240,PROP_54,YES,455,789,334,2,~  5KT-6,PROPOSITION 54 LEGISLAT,YES,453,788,2,1,2,1,198,1.01%,5KT-6.PROPOSITION 54 LEGISLATURE. LEGISLATION AND PROCEEDINGS. INITIATIVE CONSTITUTIONAL AMENDMENT AND.YES
000109 ,1,1,013 049 055 056 089 090 203 204 227 229 240,PROP_55,NO,296,789,493,1,~  5KT-6,PROPOSITION 55 TAX EXTE,NO,294,788,2,1,2,1,148,1.35%,5KT-6.PROPOSITION 55 TAX EXTENSION TO FUND EDUCATION AND HEALTHCARE. INITIATIVE CONSTITUTIONAL AMENDMENT..NO
000109 ,1,2,013 049 055 056 089 090 203 204 227 229 240,PROP_56,NO,363,788,425,3,~  5KT-6,PROPOSITION 56 CIGARETT,NO,361,788,2,0,2,0,20,10.00%,"5KT-6.PROPOSITION 56 CIGARETTE TAX TO FUND HEALTHCARE, TOBACCO USE PREVENTION, RESEARCH, AND.NO"
000109 ,2,3,013 049 055 056 090 203 204 227 240 243,PROP_65,NO,473,789,316,2,~  5KT-6,PROPOSITION 65 CARRYOUT,NO,471,788,2,1,2,1,196,1.02%,5KT-6.PROPOSITION 65 CARRYOUT BAGS. CHARGES. INITIATIVE STATUTE..NO
000109 ,2,3,013 049 055 056 090 203 204 227 240 243,PROP_65,YES,277,789,512,2,~  5KT-6,PROPOSITION 65 CARRYOUT,YES,275,788,2,1,2,1,196,1.02%,5KT-6.PROPOSITION 65 CARRYOUT BAGS. CHARGES. INITIATIVE STATUTE..YES
000109 ,1,1,013 049 055 056 089 090 203 204 227 229 240,STATEASS2,JIM_WOOD,410,789,379,1,~  5KT-6,"STATE ASSEMBLY, DISTRIC",JIM WOOD,408,788,2,1,2,1,154,1.30%,"5KT-6.STATE ASSEMBLY, DISTRICT 2.JIM WOOD"
000109 ,1,1,013 049 055 056 089 090 203 204 227 229 240,USREP,DALE_K_MENSING,271,789,518,0,~  5KT-6,US REPRESENTATIVE IN CO,DALE K. MENSING,269,788,2,1,2,1,182,1.10%,"5KT-6.US REPRESENTATIVE IN CONGRESS, DISTRICT 2.DALE K. MENSING"
000109 ,1,1,013 049 055 056 089 090 203 204 227 229 240,USSEN,KAMALA_D_HARRIS,349,789,440,0,~  5KT-6,US SENATOR,KAMALA D. HARRIS,347,788,2,1,2,1,108,1.85%,5KT-6.US SENATOR.KAMALA D. HARRIS
000110 ,1,2,036 222 223 229,PROP_56,YES,44,103,59,2,~  5KTS3,PROPOSITION 56 CIGARETT,YES,42,103,2,0,2,0,14,14.29%,"5KTS3.PROPOSITION 56 CIGARETTE TAX TO FUND HEALTHCARE, TOBACCO USE PREVENTION, RESEARCH, AND.YES"
000112 ,1,1,012 013 049 092 093 204 205 227 229 240,PROP_55,NO,214,830,616,2,~  5MK-1,PROPOSITION 55 TAX EXTE,NO,212,831,2,-1,2,1,366,0.55%,5MK-1.PROPOSITION 55 TAX EXTENSION TO FUND EDUCATION AND HEALTHCARE. INITIATIVE CONSTITUTIONAL AMENDMENT..NO
000112 ,1,1,012 013 049 092 093 204 205 227 229 240,PROP_55,YES,576,830,254,2,~  5MK-1,PROPOSITION 55 TAX EXTE,YES,578,831,-2,-1,2,1,366,0.55%,5MK-1.PROPOSITION 55 TAX EXTENSION TO FUND EDUCATION AND HEALTHCARE. INITIATIVE CONSTITUTIONAL AMENDMENT..YES
000112 ,1,2,012 013 049 092 093 204 205 227 229 240,PROP_56,NO,306,831,525,2,~  5MK-1,PROPOSITION 56 CIGARETT,NO,304,831,2,0,2,0,193,1.04%,"5MK-1.PROPOSITION 56 CIGARETTE TAX TO FUND HEALTHCARE, TOBACCO USE PREVENTION, RESEARCH, AND.NO"
000112 ,1,2,012 013 049 092 093 204 205 227 229 240,PROP_56,YES,499,831,332,2,~  5MK-1,PROPOSITION 56 CIGARETT,YES,497,831,2,0,2,0,193,1.04%,"5MK-1.PROPOSITION 56 CIGARETTE TAX TO FUND HEALTHCARE, TOBACCO USE PREVENTION, RESEARCH, AND.YES"
000112 ,1,2,012 013 049 092 093 204 205 227 229 240,PROP_57,NO,243,831,588,2,~  5MK-1,PROPOSITION 57 CRIMINAL,NO,241,831,2,0,2,0,299,0.67%,5MK-1.PROPOSITION 57 CRIMINAL SENTENCES. PAROLE. JUVENILE CRIMINAL PROCEEDINGS AND SENTENCING. INITIATIVE.NO
000112 ,1,1,012 013 049 092 093 204 205 227 229 240,STATEASS2,JIM_WOOD,523,830,307,0,~  5MK-1,"STATE ASSEMBLY, DISTRIC",JIM WOOD,525,831,-2,-1,2,1,319,0.63%,"5MK-1.STATE ASSEMBLY, DISTRICT 2.JIM WOOD"
000113 ,2,3,014 051 091 092 205 206 227 229 240,MEAS_Q,NO,349,753,404,2,~  5MK-2,MEASURE Q HUMBOLDT COUN,NO,347,755,2,-2,2,2,49,4.08%,5MK-2.MEASURE Q HUMBOLDT COUNTY CREATION OF FINANCE DEPARTMENT MEASURE..NO
000113 ,2,3,014 051 091 092 205 206 227 229 240,MEAS_Q,YES,300,753,453,2,~  5MK-2,MEASURE Q HUMBOLDT COUN,YES,298,755,2,-2,2,2,49,4.08%,5MK-2.MEASURE Q HUMBOLDT COUNTY CREATION OF FINANCE DEPARTMENT MEASURE..YES
000113 ,2,3,014 051 091 092 205 206 227 229 240,MEAS_S,NO,222,753,531,2,~  5MK-2,MEASURE S HUMBOLDT COUN,NO,220,755,2,-2,2,2,273,0.73%,5MK-2.MEASURE S HUMBOLDT COUNTY COMMERCIAL MARIJUANA CULTIVATION MEASURE..NO
000113 ,1,1,014 051 092 205 206 227 229 240,PROP_55,NO,258,746,488,2,~  5MK-2,PROPOSITION 55 TAX EXTE,NO,260,755,-2,-9,2,9,197,1.02%,5MK-2.PROPOSITION 55 TAX EXTENSION TO FUND EDUCATION AND HEALTHCARE. INITIATIVE CONSTITUTIONAL AMENDMENT..NO
000113 ,1,2,014 051 092 205 206 227 229 240,PROP_56,YES,474,754,280,3,~  5MK-2,PROPOSITION 56 CIGARETT,YES,472,755,2,-1,2,1,213,0.94%,"5MK-2.PROPOSITION 56 CIGARETTE TAX TO FUND HEALTHCARE, TOBACCO USE PREVENTION, RESEARCH, AND.YES"
000113 ,2,3,014 051 091 092 205 206 227 229 240,PROP_65,NO,458,753,295,2,~  5MK-2,PROPOSITION 65 CARRYOUT,NO,456,755,2,-2,2,2,196,1.02%,5MK-2.PROPOSITION 65 CARRYOUT BAGS. CHARGES. INITIATIVE STATUTE..NO
000113 ,2,3,014 051 091 092 205 206 227 229 240,PROP_65,YES,262,753,491,2,~  5MK-2,PROPOSITION 65 CARRYOUT,YES,260,755,2,-2,2,2,196,1.02%,5MK-2.PROPOSITION 65 CARRYOUT BAGS. CHARGES. INITIATIVE STATUTE..YES
000113 ,2,3,014 051 091 092 205 206 227 229 240,PROP_66,NO,393,753,360,1,~  5MK-2,PROPOSITION 66 DEATH PE,NO,391,755,2,-2,2,2,111,1.80%,5MK-2.PROPOSITION 66 DEATH PENALTY. PROCEDURES. INITIATIVE STATUTE..NO
000113 ,2,3,014 051 091 092 205 206 227 229 240,PROP_67,YES,444,753,309,1,~  5MK-2,PROPOSITION 67 BAN ON S,YES,442,755,2,-2,2,2,158,1.27%,5MK-2.PROPOSITION 67 BAN ON SINGLE-USE PLASTIC BAGS. REFERENDUM..YES
000113 ,1,1,014 051 092 205 206 227 229 240,USREP,JARED_W_HUFFMAN,484,746,262,2,~  5MK-2,US REPRESENTATIVE IN CO,JARED W. HUFFMAN,486,755,-2,-9,2,9,272,0.74%,"5MK-2.US REPRESENTATIVE IN CONGRESS, DISTRICT 2.JARED W. HUFFMAN"
000114 ,2,3,013 014 051 093 106 206 227 240,MEAS_U,YES,278,555,277,1,~  5MK-3,MEASURE U LOCAL TRANSPO,YES,276,557,2,-2,2,2,54,3.70%,5MK-3.MEASURE U LOCAL TRANSPORTATION AUTHORITY RETAIL TRANSACTIONS AND USE TAX..YES
000114 ,2,3,013 014 051 093 106 206 227 240,MEAS_V,NO,194,555,361,1,~  5MK-3,MEASURE V MOBILE HOME P,NO,192,557,2,-2,2,2,122,1.64%,5MK-3.MEASURE V MOBILE HOME PARK SPACE RENT STABILIZATION..NO
000114 ,1,1,013 014 051 093 106 206 227 229 240,PROP_52,YES,371,557,186,2,~  5MK-3,PROPOSITION 52 MEDI-CAL,YES,369,557,2,0,2,0,222,0.90%,5MK-3.PROPOSITION 52 MEDI-CAL HOSPITAL FEE PROGRAM. INITIATIVE CONSTITUTIONAL AMENDMENT AND STATUTE..YES
000114 ,1,1,013 014 051 093 106 206 227 229 240,USSEN,KAMALA_D_HARRIS,329,557,228,1,~  5MK-3,US SENATOR,KAMALA D. HARRIS,327,557,2,0,2,0,198,1.01%,5MK-3.US SENATOR.KAMALA D. HARRIS
000115 ,2,3,014 015 050 051 096 206 207 227 240,MEAS_S,NO,252,858,606,2,~  5MK-4,MEASURE S HUMBOLDT COUN,NO,250,860,2,-2,2,2,306,0.65%,5MK-4.MEASURE S HUMBOLDT COUNTY COMMERCIAL MARIJUANA CULTIVATION MEASURE..NO
000115 ,1,1,014 015 050 051 095 096 206 207 227 240,PRES,GARY_JOHNSON,23,860,837,2,~  5MK-4,PRESIDENT AND VICE PRES,GARY JOHNSON      and,21,860,2,0,2,0,202,0.99%,5MK-4.PRESIDENT AND VICE PRESIDENT.GARY JOHNSON      and BILL WELD
000115 ,1,1,014 015 050 051 095 096 206 207 227 240,PROP_52,NO,273,860,587,2,~  5MK-4,PROPOSITION 52 MEDI-CAL,NO,271,860,2,0,2,0,268,0.75%,5MK-4.PROPOSITION 52 MEDI-CAL HOSPITAL FEE PROGRAM. INITIATIVE CONSTITUTIONAL AMENDMENT AND STATUTE..NO
000115 ,1,1,014 015 050 051 095 096 206 207 227 240,PROP_53,NO,404,860,456,3,~  5MK-4,PROPOSITION 53 REVENUE ,NO,402,860,2,0,2,0,14,14.29%,5MK-4.PROPOSITION 53 REVENUE BONDS. STATEWIDE VOTER APPROVAL. INITIATIVE CONSTITUTIONAL AMENDMENT..NO
000115 ,1,1,014 015 050 051 095 096 206 207 227 240,PROP_54,YES,493,860,367,2,~  5MK-4,PROPOSITION 54 LEGISLAT,YES,491,860,2,0,2,0,189,1.06%,5MK-4.PROPOSITION 54 LEGISLATURE. LEGISLATION AND PROCEEDINGS. INITIATIVE CONSTITUTIONAL AMENDMENT AND.YES
000115 ,1,2,014 015 050 051 095 096 206 207 227 240,PROP_57,NO,281,860,579,3,~  5MK-4,PROPOSITION 57 CRIMINAL,NO,279,860,2,0,2,0,253,0.79%,5MK-4.PROPOSITION 57 CRIMINAL SENTENCES. PAROLE. JUVENILE CRIMINAL PROCEEDINGS AND SENTENCING. INITIATIVE.NO
000115 ,1,2,014 015 050 051 095 096 206 207 227 240,PROP_57,YES,534,860,326,3,~  5MK-4,PROPOSITION 57 CRIMINAL,YES,532,860,2,0,2,0,253,0.79%,5MK-4.PROPOSITION 57 CRIMINAL SENTENCES. PAROLE. JUVENILE CRIMINAL PROCEEDINGS AND SENTENCING. INITIATIVE.YES
000115 ,1,2,014 015 050 051 095 096 206 207 227 240,PROP_58,NO,190,860,670,2,~  5MK-4,PROPOSITION 58 ENGLISH ,NO,188,860,2,0,2,0,436,0.46%,5MK-4.PROPOSITION 58 ENGLISH PROFICIENCY. MULTILINGUAL EDUCATION. INITIATIVE STATUTE..NO
000115 ,1,2,014 015 050 051 095 096 206 207 227 240,PROP_62,YES,408,860,452,2,~  5MK-4,PROPOSITION 62 DEATH PE,YES,406,860,2,0,2,0,1,200.00%,5MK-4.PROPOSITION 62 DEATH PENALTY. INITIATIVE STATUTE..YES
000115 ,1,2,014 015 050 051 095 096 206 207 227 240,PROP_63,YES,409,860,451,3,~  5MK-4,PROPOSITION 63 FIREARMS,YES,407,860,2,0,2,0,2,100.00%,5MK-4.PROPOSITION 63 FIREARMS. AMMUNITION SALES. INITIATIVE STATUTE..YES
000115 ,2,3,014 015 050 051 096 206 207 227 240,PROP_65,YES,359,858,499,3,~  5MK-4,PROPOSITION 65 CARRYOUT,YES,357,860,2,-2,2,2,104,1.92%,5MK-4.PROPOSITION 65 CARRYOUT BAGS. CHARGES. INITIATIVE STATUTE..YES
000115 ,1,1,014 015 050 051 095 096 206 207 227 240,USSEN,LORETTA_L_SANCHEZ,234,860,626,2,~  5MK-4,US SENATOR,LORETTA L. SANCHEZ,232,860,2,0,2,0,214,0.93%,5MK-4.US SENATOR.LORETTA L. SANCHEZ
000116 ,2,3,014 050 107 207 208 227 228 241,MEAS_R,NO,269,558,289,3,~  5MK-4A,MEASURE R HUMBOLDT COUN,NO,267,558,2,0,2,0,59,3.39%,5MK-4A.MEASURE R HUMBOLDT COUNTY FINANCE DEPARTMENT ELECTIVE OFFICE MEASURE..NO
000116 ,2,3,014 050 107 207 208 227 228 241,MEAS_R,YES,210,558,348,3,~  5MK-4A,MEASURE R HUMBOLDT COUN,YES,208,558,2,0,2,0,59,3.39%,5MK-4A.MEASURE R HUMBOLDT COUNTY FINANCE DEPARTMENT ELECTIVE OFFICE MEASURE..YES
000116 ,1,1,014 050 106 107 207 208 227 228 241,PROP_51,NO,265,558,293,2,~  5MK-4A,PROPOSITION 51 SCHOOL B,NO,263,558,2,0,2,0,12,16.67%,5MK-4A.PROPOSITION 51 SCHOOL BONDS. FUNDING FOR K-12 SCHOOL AND COMMUNITY COLLEGE FACILITIES. INITIATIVE.NO
000116 ,1,1,014 050 106 107 207 208 227 228 241,PROP_53,YES,247,558,311,3,~  5MK-4A,PROPOSITION 53 REVENUE ,YES,245,558,2,0,2,0,34,5.88%,5MK-4A.PROPOSITION 53 REVENUE BONDS. STATEWIDE VOTER APPROVAL. INITIATIVE CONSTITUTIONAL AMENDMENT..YES
000116 ,1,1,014 050 106 107 207 208 227 228 241,PROP_54,YES,320,558,238,2,~  5MK-4A,PROPOSITION 54 LEGISLAT,YES,318,558,2,0,2,0,114,1.75%,5MK-4A.PROPOSITION 54 LEGISLATURE. LEGISLATION AND PROCEEDINGS. INITIATIVE CONSTITUTIONAL AMENDMENT AND.YES
000116 ,1,1,014 050 106 107 207 208 227 228 241,PROP_55,YES,376,558,182,3,~  5MK-4A,PROPOSITION 55 TAX EXTE,YES,374,558,2,0,2,0,215,0.93%,5MK-4A.PROPOSITION 55 TAX EXTENSION TO FUND EDUCATION AND HEALTHCARE. INITIATIVE CONSTITUTIONAL AMENDMENT..YES
000116 ,1,2,014 050 106 107 207 208 227 228 241,PROP_60,YES,178,558,380,2,~  5MK-4A,PROPOSITION 60 ADULT FI,YES,176,558,2,0,2,0,159,1.26%,5MK-4A.PROPOSITION 60 ADULT FILMS. CONDOMS. HEALTH REQUIREMENTS. INITIATIVE STATUTE..YES
000116 ,1,2,014 050 106 107 207 208 227 228 241,PROP_62,YES,260,558,298,2,~  5MK-4A,PROPOSITION 62 DEATH PE,YES,258,558,2,0,2,0,5,40.00%,5MK-4A.PROPOSITION 62 DEATH PENALTY. INITIATIVE STATUTE..YES
000116 ,2,3,014 050 107 207 208 227 228 241,PROP_65,YES,247,558,311,2,~  5MK-4A,PROPOSITION 65 CARRYOUT,YES,245,558,2,0,2,0,40,5.00%,5MK-4A.PROPOSITION 65 CARRYOUT BAGS. CHARGES. INITIATIVE STATUTE..YES
000117 ,2,3,015 016 054 055 097 208 209 228 241,MEAS_Q,YES,337,751,414,2,~  5MK-5,MEASURE Q HUMBOLDT COUN,YES,335,755,2,-4,2,4,11,18.18%,5MK-5.MEASURE Q HUMBOLDT COUNTY CREATION OF FINANCE DEPARTMENT MEASURE..YES
000117 ,1,2,015 016 054 055 096 097 208 209 228 229 241,PROP_58,NO,144,752,608,0,~  5MK-5,PROPOSITION 58 ENGLISH ,NO,146,755,-2,-3,2,3,420,0.48%,5MK-5.PROPOSITION 58 ENGLISH PROFICIENCY. MULTILINGUAL EDUCATION. INITIATIVE STATUTE..NO
000117 ,1,2,015 016 054 055 096 097 208 209 228 229 241,PROP_58,YES,564,752,188,0,~  5MK-5,PROPOSITION 58 ENGLISH ,YES,566,755,-2,-3,2,3,420,0.48%,5MK-5.PROPOSITION 58 ENGLISH PROFICIENCY. MULTILINGUAL EDUCATION. INITIATIVE STATUTE..YES
000117 ,1,2,015 016 054 055 096 097 208 209 228 229 241,PROP_60,NO,402,752,350,1,~  5MK-5,PROPOSITION 60 ADULT FI,NO,404,755,-2,-3,2,3,136,1.47%,5MK-5.PROPOSITION 60 ADULT FILMS. CONDOMS. HEALTH REQUIREMENTS. INITIATIVE STATUTE..NO
000117 ,1,2,015 016 054 055 096 097 208 209 228 229 241,PROP_61,NO,289,752,463,0,~  5MK-5,PROPOSITION 61 STATE PR,NO,291,755,-2,-3,2,3,109,1.83%,5MK-5.PROPOSITION 61 STATE PRESCRIPTION DRUG PURCHASES. PRICING STANDARDS. INITIATIVE STATUTE..NO
000117 ,1,2,015 016 054 055 096 097 208 209 228 229 241,PROP_62,YES,347,752,405,0,~  5MK-5,PROPOSITION 62 DEATH PE,YES,349,755,-2,-3,2,3,5,40.00%,5MK-5.PROPOSITION 62 DEATH PENALTY. INITIATIVE STATUTE..YES
000117 ,2,3,015 016 054 055 097 208 209 228 241,PROP_65,NO,396,751,355,2,~  5MK-5,PROPOSITION 65 CARRYOUT,NO,394,755,2,-4,2,4,72,2.78%,5MK-5.PROPOSITION 65 CARRYOUT BAGS. CHARGES. INITIATIVE STATUTE..NO
000117 ,2,3,015 016 054 055 097 208 209 228 241,PROP_65,YES,324,751,427,2,~  5MK-5,PROPOSITION 65 CARRYOUT,YES,322,755,2,-4,2,4,72,2.78%,5MK-5.PROPOSITION 65 CARRYOUT BAGS. CHARGES. INITIATIVE STATUTE..YES
000117 ,2,3,015 016 054 055 097 208 209 228 241,PROP_66,YES,312,751,439,2,~  5MK-5,PROPOSITION 66 DEATH PE,YES,310,755,2,-4,2,4,55,3.64%,5MK-5.PROPOSITION 66 DEATH PENALTY. PROCEDURES. INITIATIVE STATUTE..YES
000118 ,2,3,015 054 055 103 209 228 241,MEAS_R,NO,324,696,372,2,~  5MK-5A,MEASURE R HUMBOLDT COUN,NO,322,697,2,-1,2,1,46,4.35%,5MK-5A.MEASURE R HUMBOLDT COUNTY FINANCE DEPARTMENT ELECTIVE OFFICE MEASURE..NO
000118 ,2,3,015 054 055 103 209 228 241,MEAS_V,NO,305,696,391,4,~  5MK-5A,MEASURE V MOBILE HOME P,NO,303,697,2,-1,2,1,35,5.71%,5MK-5A.MEASURE V MOBILE HOME PARK SPACE RENT STABILIZATION..NO
000118 ,2,3,015 054 055 103 209 228 241,MEAS_V,YES,340,696,356,4,~  5MK-5A,MEASURE V MOBILE HOME P,YES,338,697,2,-1,2,1,35,5.71%,5MK-5A.MEASURE V MOBILE HOME PARK SPACE RENT STABILIZATION..YES
000118 ,1,1,015 054 055 102 103 209 228 229 241,PROP_51,NO,350,697,347,3,~  5MK-5A,PROPOSITION 51 SCHOOL B,NO,348,697,2,0,2,0,34,5.88%,5MK-5A.PROPOSITION 51 SCHOOL BONDS. FUNDING FOR K-12 SCHOOL AND COMMUNITY COLLEGE FACILITIES. INITIATIVE.NO
000118 ,1,1,015 054 055 102 103 209 228 229 241,PROP_51,YES,316,697,381,3,~  5MK-5A,PROPOSITION 51 SCHOOL B,YES,314,697,2,0,2,0,34,5.88%,5MK-5A.PROPOSITION 51 SCHOOL BONDS. FUNDING FOR K-12 SCHOOL AND COMMUNITY COLLEGE FACILITIES. INITIATIVE.YES
000118 ,1,1,015 054 055 102 103 209 228 229 241,PROP_52,NO,243,697,454,3,~  5MK-5A,PROPOSITION 52 MEDI-CAL,NO,241,697,2,0,2,0,178,1.12%,5MK-5A.PROPOSITION 52 MEDI-CAL HOSPITAL FEE PROGRAM. INITIATIVE CONSTITUTIONAL AMENDMENT AND STATUTE..NO
000118 ,1,1,015 054 055 102 103 209 228 229 241,PROP_54,NO,279,697,418,3,~  5MK-5A,PROPOSITION 54 LEGISLAT,NO,277,697,2,0,2,0,92,2.17%,5MK-5A.PROPOSITION 54 LEGISLATURE. LEGISLATION AND PROCEEDINGS. INITIATIVE CONSTITUTIONAL AMENDMENT AND.NO
000118 ,1,2,015 054 055 102 103 209 228 229 241,PROP_60,YES,215,697,482,1,~  5MK-5A,PROPOSITION 60 ADULT FI,YES,213,697,2,0,2,0,217,0.92%,5MK-5A.PROPOSITION 60 ADULT FILMS. CONDOMS. HEALTH REQUIREMENTS. INITIATIVE STATUTE..YES
000118 ,1,2,015 054 055 102 103 209 228 229 241,PROP_61,NO,291,697,406,2,~  5MK-5A,PROPOSITION 61 STATE PR,NO,289,697,2,0,2,0,60,3.33%,5MK-5A.PROPOSITION 61 STATE PRESCRIPTION DRUG PURCHASES. PRICING STANDARDS. INITIATIVE STATUTE..NO
000118 ,2,3,015 054 055 103 209 228 241,PROP_65,YES,281,696,415,2,~  5MK-5A,PROPOSITION 65 CARRYOUT,YES,279,697,2,-1,2,1,105,1.90%,5MK-5A.PROPOSITION 65 CARRYOUT BAGS. CHARGES. INITIATIVE STATUTE..YES
000118 ,2,3,015 054 055 103 209 228 241,PROP_67,NO,301,696,395,2,~  5MK-5A,PROPOSITION 67 BAN ON S,NO,299,697,2,-1,2,1,82,2.44%,5MK-5A.PROPOSITION 67 BAN ON SINGLE-USE PLASTIC BAGS. REFERENDUM..NO
000118 ,1,1,015 054 055 102 103 209 228 229 241,USSEN,LORETTA_L_SANCHEZ,188,697,509,2,~  5MK-5A,US SENATOR,LORETTA L. SANCHEZ,186,697,2,0,2,0,189,1.06%,5MK-5A.US SENATOR.LORETTA L. SANCHEZ
000119 ,1,1,016 055 094 209 210 228 229 241,PROP_53,YES,361,704,343,3,~  5MK-6,PROPOSITION 53 REVENUE ,YES,359,704,2,0,2,0,79,2.53%,5MK-6.PROPOSITION 53 REVENUE BONDS. STATEWIDE VOTER APPROVAL. INITIATIVE CONSTITUTIONAL AMENDMENT..YES
000119 ,1,2,016 055 094 209 210 228 229 241,PROP_58,NO,149,704,555,2,~  5MK-6,PROPOSITION 58 ENGLISH ,NO,147,704,2,0,2,0,366,0.55%,5MK-6.PROPOSITION 58 ENGLISH PROFICIENCY. MULTILINGUAL EDUCATION. INITIATIVE STATUTE..NO
000119 ,1,2,016 055 094 209 210 228 229 241,PROP_61,YES,366,704,338,3,~  5MK-6,PROPOSITION 61 STATE PR,YES,364,704,2,0,2,0,95,2.11%,5MK-6.PROPOSITION 61 STATE PRESCRIPTION DRUG PURCHASES. PRICING STANDARDS. INITIATIVE STATUTE..YES
000120 ,2,3,016 055 101 102 210 211 228 241,MEAS_R,NO,222,503,281,1,~  5MK-6A,MEASURE R HUMBOLDT COUN,NO,220,507,2,-4,2,4,4,50.00%,5MK-6A.MEASURE R HUMBOLDT COUNTY FINANCE DEPARTMENT ELECTIVE OFFICE MEASURE..NO
000120 ,2,3,016 055 101 102 210 211 228 241,MEAS_U,YES,216,503,287,1,~  5MK-6A,MEASURE U LOCAL TRANSPO,YES,214,507,2,-4,2,4,32,6.25%,5MK-6A.MEASURE U LOCAL TRANSPORTATION AUTHORITY RETAIL TRANSACTIONS AND USE TAX..YES
000120 ,1,2,016 055 101 210 211 228 229 241,PROP_56,NO,191,505,314,1,~  5MK-6A,PROPOSITION 56 CIGARETT,NO,193,507,-2,-2,2,2,101,1.98%,"5MK-6A.PROPOSITION 56 CIGARETTE TAX TO FUND HEALTHCARE, TOBACCO USE PREVENTION, RESEARCH, AND.NO"
000120 ,1,2,016 055 101 210 211 228 229 241,PROP_58,NO,120,505,385,3,~  5MK-6A,PROPOSITION 58 ENGLISH ,NO,118,507,2,-2,2,2,235,0.85%,5MK-6A.PROPOSITION 58 ENGLISH PROFICIENCY. MULTILINGUAL EDUCATION. INITIATIVE STATUTE..NO
000120 ,1,2,016 055 101 210 211 228 229 241,PROP_63,NO,252,505,253,3,~  5MK-6A,PROPOSITION 63 FIREARMS,NO,254,507,-2,-2,2,2,27,7.41%,5MK-6A.PROPOSITION 63 FIREARMS. AMMUNITION SALES. INITIATIVE STATUTE..NO
000120 ,2,3,016 055 101 102 210 211 228 241,PROP_65,NO,262,503,241,4,~  5MK-6A,PROPOSITION 65 CARRYOUT,NO,260,507,2,-4,2,4,39,5.13%,5MK-6A.PROPOSITION 65 CARRYOUT BAGS. CHARGES. INITIATIVE STATUTE..NO
000121 ,1,2,017 055 099 211 228 229 241,PROP_57,YES,337,577,240,1,~  5MK-7,PROPOSITION 57 CRIMINAL,YES,339,580,-2,-3,2,3,130,1.54%,5MK-7.PROPOSITION 57 CRIMINAL SENTENCES. PAROLE. JUVENILE CRIMINAL PROCEEDINGS AND SENTENCING. INITIATIVE.YES
000121 ,1,2,017 055 099 211 228 229 241,PROP_59,YES,302,577,275,0,~  5MK-7,PROPOSITION 59 CORPORAT,YES,304,580,-2,-3,2,3,89,2.25%,5MK-7.PROPOSITION 59 CORPORATIONS. POLITICAL SPENDING. FEDERAL CONSTITUTIONAL PROTECTIONS..YES
000121 ,1,2,017 055 099 211 228 229 241,PROP_61,YES,269,577,308,2,~  5MK-7,PROPOSITION 61 STATE PR,YES,271,580,-2,-3,2,3,13,15.38%,5MK-7.PROPOSITION 61 STATE PRESCRIPTION DRUG PURCHASES. PRICING STANDARDS. INITIATIVE STATUTE..YES
000121 ,1,2,017 055 099 211 228 229 241,PROP_63,YES,285,577,292,0,~  5MK-7,PROPOSITION 63 FIREARMS,YES,287,580,-2,-3,2,3,16,12.50%,5MK-7.PROPOSITION 63 FIREARMS. AMMUNITION SALES. INITIATIVE STATUTE..YES
000122 ,2,3,016 017 055 100 101 211 212 228 241,MEAS_S,NO,209,711,502,1,~  5MK-8,MEASURE S HUMBOLDT COUN,NO,207,715,2,-4,2,4,257,0.78%,5MK-8.MEASURE S HUMBOLDT COUNTY COMMERCIAL MARIJUANA CULTIVATION MEASURE..NO
000122 ,1,1,016 017 055 099 100 211 212 228 229 241,PROP_53,YES,266,714,448,2,~  5MK-8,PROPOSITION 53 REVENUE ,YES,264,715,2,-1,2,1,136,1.47%,5MK-8.PROPOSITION 53 REVENUE BONDS. STATEWIDE VOTER APPROVAL. INITIATIVE CONSTITUTIONAL AMENDMENT..YES
000122 ,1,2,016 017 055 099 100 211 212 228 229 241,PROP_56,YES,425,713,288,0,~  5MK-8,PROPOSITION 56 CIGARETT,YES,427,715,-2,-2,2,2,164,1.22%,"5MK-8.PROPOSITION 56 CIGARETTE TAX TO FUND HEALTHCARE, TOBACCO USE PREVENTION, RESEARCH, AND.YES"
000122 ,1,2,016 017 055 099 100 211 212 228 229 241,PROP_57,NO,206,713,507,1,~  5MK-8,PROPOSITION 57 CRIMINAL,NO,208,715,-2,-2,2,2,261,0.77%,5MK-8.PROPOSITION 57 CRIMINAL SENTENCES. PAROLE. JUVENILE CRIMINAL PROCEEDINGS AND SENTENCING. INITIATIVE.NO
000122 ,1,2,016 017 055 099 100 211 212 228 229 241,PROP_58,NO,161,713,552,2,~  5MK-8,PROPOSITION 58 ENGLISH ,NO,159,715,2,-2,2,2,358,0.56%,5MK-8.PROPOSITION 58 ENGLISH PROFICIENCY. MULTILINGUAL EDUCATION. INITIATIVE STATUTE..NO
000122 ,1,2,016 017 055 099 100 211 212 228 229 241,PROP_58,YES,515,713,198,2,~  5MK-8,PROPOSITION 58 ENGLISH ,YES,517,715,-2,-2,2,2,358,0.56%,5MK-8.PROPOSITION 58 ENGLISH PROFICIENCY. MULTILINGUAL EDUCATION. INITIATIVE STATUTE..YES
000122 ,1,2,016 017 055 099 100 211 212 228 229 241,PROP_62,YES,350,713,363,1,~  5MK-8,PROPOSITION 62 DEATH PE,YES,352,715,-2,-2,2,2,38,5.26%,5MK-8.PROPOSITION 62 DEATH PENALTY. INITIATIVE STATUTE..YES
000122 ,2,3,016 017 055 100 101 211 212 228 241,PROP_64,YES,413,711,298,2,~  5MK-8,PROPOSITION 64 MARIJUAN,YES,411,715,2,-4,2,4,125,1.60%,5MK-8.PROPOSITION 64 MARIJUANA LEGALIZATION. INITIATIVE STATUTE..YES
000122 ,2,3,016 017 055 100 101 211 212 228 241,PROP_65,NO,417,711,294,3,~  5MK-8,PROPOSITION 65 CARRYOUT,NO,415,715,2,-4,2,4,149,1.34%,5MK-8.PROPOSITION 65 CARRYOUT BAGS. CHARGES. INITIATIVE STATUTE..NO
000125 ,1,1,018 055 101 212 229 241,PROP_51,NO,77,220,143,2,~  5T--1,PROPOSITION 51 SCHOOL B,NO,75,220,2,0,2,0,61,3.28%,5T--1.PROPOSITION 51 SCHOOL BONDS. FUNDING FOR K-12 SCHOOL AND COMMUNITY COLLEGE FACILITIES. INITIATIVE.NO
000125 ,1,1,018 055 101 212 229 241,PROP_52,YES,159,220,61,2,~  5T--1,PROPOSITION 52 MEDI-CAL,YES,157,220,2,0,2,0,106,1.89%,5T--1.PROPOSITION 52 MEDI-CAL HOSPITAL FEE PROGRAM. INITIATIVE CONSTITUTIONAL AMENDMENT AND STATUTE..YES
000125 ,1,1,018 055 101 212 229 241,PROP_53,YES,90,220,130,2,~  5T--1,PROPOSITION 53 REVENUE ,YES,88,220,2,0,2,0,24,8.33%,5T--1.PROPOSITION 53 REVENUE BONDS. STATEWIDE VOTER APPROVAL. INITIATIVE CONSTITUTIONAL AMENDMENT..YES
000125 ,2,3,018 055 101 212 229 241,PROP_65,YES,94,218,124,2,~  5T--1,PROPOSITION 65 CARRYOUT,YES,92,220,2,-2,2,2,26,7.69%,5T--1.PROPOSITION 65 CARRYOUT BAGS. CHARGES. INITIATIVE STATUTE..YES
000126 ,2,3,017 018 056 104 212 213 228 229 241 243,MEAS_Q,YES,265,698,433,1,~  5TU-1,MEASURE Q HUMBOLDT COUN,YES,263,702,2,-4,2,4,61,3.28%,5TU-1.MEASURE Q HUMBOLDT COUNTY CREATION OF FINANCE DEPARTMENT MEASURE..YES
000126 ,1,1,017 018 056 103 104 212 213 228 229 241 243,PROP_52,YES,496,701,205,0,~  5TU-1,PROPOSITION 52 MEDI-CAL,YES,498,702,-2,-1,2,1,345,0.58%,5TU-1.PROPOSITION 52 MEDI-CAL HOSPITAL FEE PROGRAM. INITIATIVE CONSTITUTIONAL AMENDMENT AND STATUTE..YES
000126 ,1,1,017 018 056 103 104 212 213 228 229 241 243,PROP_53,YES,264,701,437,6,~  5TU-1,PROPOSITION 53 REVENUE ,YES,262,702,2,-1,2,1,113,1.77%,5TU-1.PROPOSITION 53 REVENUE BONDS. STATEWIDE VOTER APPROVAL. INITIATIVE CONSTITUTIONAL AMENDMENT..YES
000126 ,2,3,017 018 056 104 212 213 228 229 241 243,PROP_64,YES,425,698,273,2,~  5TU-1,PROPOSITION 64 MARIJUAN,YES,423,702,2,-4,2,4,168,1.19%,5TU-1.PROPOSITION 64 MARIJUANA LEGALIZATION. INITIATIVE STATUTE..YES
000126 ,2,3,017 018 056 104 212 213 228 229 241 243,PROP_65,NO,388,698,310,4,~  5TU-1,PROPOSITION 65 CARRYOUT,NO,386,702,2,-4,2,4,111,1.80%,5TU-1.PROPOSITION 65 CARRYOUT BAGS. CHARGES. INITIATIVE STATUTE..NO
000127 ,2,3,017 056 104 105 213 229 240 241,MEAS_U,YES,352,613,261,0,~  5TU-4,MEASURE U LOCAL TRANSPO,YES,354,614,-2,-1,2,1,158,1.27%,5TU-4.MEASURE U LOCAL TRANSPORTATION AUTHORITY RETAIL TRANSACTIONS AND USE TAX..YES
000127 ,2,3,017 056 104 105 213 229 240 241,MEAS_V,YES,351,613,262,2,~  5TU-4,MEASURE V MOBILE HOME P,YES,349,614,2,-1,2,1,142,1.41%,5TU-4.MEASURE V MOBILE HOME PARK SPACE RENT STABILIZATION..YES
000127 ,1,1,017 056 105 106 213 229 240 241,PROP_55,YES,474,613,139,2,~  5TU-4,PROPOSITION 55 TAX EXTE,YES,472,614,2,-1,2,1,363,0.55%,5TU-4.PROPOSITION 55 TAX EXTENSION TO FUND EDUCATION AND HEALTHCARE. INITIATIVE CONSTITUTIONAL AMENDMENT..YES
000127 ,2,3,017 056 104 105 213 229 240 241,PROP_64,YES,375,613,238,3,~  5TU-4,PROPOSITION 64 MARIJUAN,YES,373,614,2,-1,2,1,151,1.32%,5TU-4.PROPOSITION 64 MARIJUANA LEGALIZATION. INITIATIVE STATUTE..YES
000001 ,2,3,000 042 056 057 150 223 232 243,MEAS_V,NO,275,632,357,1,~  1CS-1,MEASURE V MOBILE HOME P,NO,274,630,1,2,1,2,27,3.70%,1CS-1.MEASURE V MOBILE HOME PARK SPACE RENT STABILIZATION..NO
000001 ,1,1,000 042 056 149 150 223 232 243,PROP_51,NO,314,632,318,2,~  1CS-1,PROPOSITION 51 SCHOOL B,NO,313,630,1,2,1,2,34,2.94%,1CS-1.PROPOSITION 51 SCHOOL BONDS. FUNDING FOR K-12 SCHOOL AND COMMUNITY COLLEGE FACILITIES. INITIATIVE.NO
000001 ,1,1,000 042 056 149 150 223 232 243,PROP_54,NO,256,632,376,1,~  1CS-1,PROPOSITION 54 LEGISLAT,NO,255,630,1,2,1,2,63,1.59%,1CS-1.PROPOSITION 54 LEGISLATURE. LEGISLATION AND PROCEEDINGS. INITIATIVE CONSTITUTIONAL AMENDMENT AND.NO
000001 ,1,1,000 042 056 149 150 223 232 243,PROP_54,YES,319,632,313,1,~  1CS-1,PROPOSITION 54 LEGISLAT,YES,318,630,1,2,1,2,63,1.59%,1CS-1.PROPOSITION 54 LEGISLATURE. LEGISLATION AND PROCEEDINGS. INITIATIVE CONSTITUTIONAL AMENDMENT AND.YES
000001 ,1,2,000 042 056 149 150 196 223 232 243,PROP_55,NO,211,633,422,1,~  1CS-1,PROPOSITION 55 TAX EXTE,NO,210,630,1,3,1,3,171,0.58%,1CS-1.PROPOSITION 55 TAX EXTENSION TO FUND EDUCATION AND HEALTHCARE. INITIATIVE CONSTITUTIONAL AMENDMENT..NO
000001 ,1,2,000 042 056 149 150 196 223 232 243,PROP_56,NO,250,633,383,0,~  1CS-1,PROPOSITION 56 CIGARETT,NO,249,630,1,3,1,3,105,0.95%,"1CS-1.PROPOSITION 56 CIGARETTE TAX TO FUND HEALTHCARE, TOBACCO USE PREVENTION, RESEARCH, AND.NO"
000001 ,1,2,000 042 056 149 150 196 223 232 243,PROP_61,NO,274,633,359,1,~  1CS-1,PROPOSITION 61 STATE PR,NO,273,630,1,3,1,3,18,5.56%,1CS-1.PROPOSITION 61 STATE PRESCRIPTION DRUG PURCHASES. PRICING STANDARDS. INITIATIVE STATUTE..NO
000001 ,1,2,000 042 056 149 150 223 232 243,PROP_63,NO,281,632,351,3,~  1CS-1,PROPOSITION 63 FIREARMS,NO,280,630,1,2,1,2,34,2.94%,1CS-1.PROPOSITION 63 FIREARMS. AMMUNITION SALES. INITIATIVE STATUTE..NO
000001 ,2,3,000 042 056 057 150 223 232 243,PROP_65,NO,359,632,273,1,~  1CS-1,PROPOSITION 65 CARRYOUT,NO,360,630,-1,2,1,2,125,0.80%,1CS-1.PROPOSITION 65 CARRYOUT BAGS. CHARGES. INITIATIVE STATUTE..NO
000001 ,2,3,000 042 056 057 150 223 232 243,PROP_65,YES,236,632,396,1,~  1CS-1,PROPOSITION 65 CARRYOUT,YES,235,630,1,2,1,2,125,0.80%,1CS-1.PROPOSITION 65 CARRYOUT BAGS. CHARGES. INITIATIVE STATUTE..YES
000001 ,2,3,000 042 056 057 150 223 232 243,PROP_66,YES,259,632,373,2,~  1CS-1,PROPOSITION 66 DEATH PE,YES,258,630,1,2,1,2,58,1.72%,1CS-1.PROPOSITION 66 DEATH PENALTY. PROCEDURES. INITIATIVE STATUTE..YES
000001 ,2,3,000 042 056 057 150 223 232 243,PROP_67,NO,256,632,376,1,~  1CS-1,PROPOSITION 67 BAN ON S,NO,255,630,1,2,1,2,91,1.10%,1CS-1.PROPOSITION 67 BAN ON SINGLE-USE PLASTIC BAGS. REFERENDUM..NO
000002 ,2,3,000 041 042 057 058 149 223 232 243,MEAS_R,NO,330,661,331,1,~  1CS-2,MEASURE R HUMBOLDT COUN,NO,329,661,1,0,1,0,78,1.28%,1CS-2.MEASURE R HUMBOLDT COUNTY FINANCE DEPARTMENT ELECTIVE OFFICE MEASURE..NO
000002 ,2,3,000 041 042 057 058 149 223 232 243,MEAS_U,YES,258,661,403,0,~  1CS-2,MEASURE U LOCAL TRANSPO,YES,257,661,1,0,1,0,89,1.12%,1CS-2.MEASURE U LOCAL TRANSPORTATION AUTHORITY RETAIL TRANSACTIONS AND USE TAX..YES
000002 ,1,1,000 041 042 057 149 223 232 243,PRES,GARY_JOHNSON,23,661,638,1,~  1CS-2,PRESIDENT AND VICE PRES,GARY JOHNSON      and,22,661,1,0,1,0,53,1.89%,1CS-2.PRESIDENT AND VICE PRESIDENT.GARY JOHNSON      and BILL WELD
000002 ,1,1,000 041 042 057 149 223 232 243,PROP_52,NO,225,661,436,1,~  1CS-2,PROPOSITION 52 MEDI-CAL,NO,224,661,1,0,1,0,182,0.55%,1CS-2.PROPOSITION 52 MEDI-CAL HOSPITAL FEE PROGRAM. INITIATIVE CONSTITUTIONAL AMENDMENT AND STATUTE..NO
000002 ,2,3,000 041 042 057 058 149 223 232 243,PROP_65,NO,426,661,235,1,~  1CS-2,PROPOSITION 65 CARRYOUT,NO,425,661,1,0,1,0,223,0.45%,1CS-2.PROPOSITION 65 CARRYOUT BAGS. CHARGES. INITIATIVE STATUTE..NO
000002 ,2,3,000 041 042 057 058 149 223 232 243,PROP_65,YES,203,661,458,1,~  1CS-2,PROPOSITION 65 CARRYOUT,YES,202,661,1,0,1,0,223,0.45%,1CS-2.PROPOSITION 65 CARRYOUT BAGS. CHARGES. INITIATIVE STATUTE..YES
000003 ,2,3,000 041 058 059 148 149 223 232,MEAS_Q,YES,266,651,385,1,~  1CS-3,MEASURE Q HUMBOLDT COUN,YES,265,650,1,1,1,1,37,2.70%,1CS-3.MEASURE Q HUMBOLDT COUNTY CREATION OF FINANCE DEPARTMENT MEASURE..YES
000003 ,2,3,000 041 058 059 148 149 223 232,MEAS_V,NO,346,651,305,1,~  1CS-3,MEASURE V MOBILE HOME P,NO,345,650,1,1,1,1,96,1.04%,1CS-3.MEASURE V MOBILE HOME PARK SPACE RENT STABILIZATION..NO
000003 ,2,3,000 041 058 059 148 149 223 232,MEAS_V,YES,250,651,401,1,~  1CS-3,MEASURE V MOBILE HOME P,YES,249,650,1,1,1,1,96,1.04%,1CS-3.MEASURE V MOBILE HOME PARK SPACE RENT STABILIZATION..YES
000003 ,1,1,000 041 058 148 149 223 232,PRES,DONALD_J_TRUMP,288,650,362,1,~  1CS-3,PRESIDENT AND VICE PRES,DONALD J. TRUMP      ,287,650,1,0,1,0,2,50.00%,1CS-3.PRESIDENT AND VICE PRESIDENT.DONALD J. TRUMP      and MICHAEL R. PENCE
000003 ,1,1,000 041 058 148 149 223 232,PRES,GARY_JOHNSON,18,650,632,1,~  1CS-3,PRESIDENT AND VICE PRES,GARY JOHNSON      and,17,650,1,0,1,0,2,50.00%,1CS-3.PRESIDENT AND VICE PRESIDENT.GARY JOHNSON      and BILL WELD
000003 ,1,1,000 041 058 148 149 223 232,PRES,GLORIA_ESTELA_LA_RIVA,3,650,647,1,~  1CS-3,PRESIDENT AND VICE PRES,GLORIA ESTELA LA RIVA,2,650,1,0,1,0,2,50.00%,1CS-3.PRESIDENT AND VICE PRESIDENT.GLORIA ESTELA LA RIVA      and DENNIS J. BANKS
000003 ,1,1,000 041 058 148 149 223 232,PRES,Write_in,26,650,624,0,~  1CS-3,PRESIDENT AND VICE PRES,Write_in,25,650,1,0,1,0,2,50.00%,1CS-3.PRESIDENT AND VICE PRESIDENT.Write_in
000003 ,1,1,000 041 058 148 149 223 232,PROP_51,NO,344,650,306,0,~  1CS-3,PROPOSITION 51 SCHOOL B,NO,345,650,-1,0,1,0,65,1.54%,1CS-3.PROPOSITION 51 SCHOOL BONDS. FUNDING FOR K-12 SCHOOL AND COMMUNITY COLLEGE FACILITIES. INITIATIVE.NO
000003 ,1,1,000 041 058 148 149 223 232,PROP_51,YES,281,650,369,0,~  1CS-3,PROPOSITION 51 SCHOOL B,YES,280,650,1,0,1,0,65,1.54%,1CS-3.PROPOSITION 51 SCHOOL BONDS. FUNDING FOR K-12 SCHOOL AND COMMUNITY COLLEGE FACILITIES. INITIATIVE.YES
000003 ,1,1,000 041 058 148 149 223 232,PROP_53,NO,308,650,342,5,~  1CS-3,PROPOSITION 53 REVENUE ,NO,307,650,1,0,1,0,12,8.33%,1CS-3.PROPOSITION 53 REVENUE BONDS. STATEWIDE VOTER APPROVAL. INITIATIVE CONSTITUTIONAL AMENDMENT..NO
000003 ,1,1,000 041 058 148 149 223 232,PROP_54,YES,360,650,290,1,~  1CS-3,PROPOSITION 54 LEGISLAT,YES,359,650,1,0,1,0,115,0.87%,1CS-3.PROPOSITION 54 LEGISLATURE. LEGISLATION AND PROCEEDINGS. INITIATIVE CONSTITUTIONAL AMENDMENT AND.YES
000003 ,1,1,000 041 058 148 149 223 232,PROP_55,NO,265,650,385,3,~  1CS-3,PROPOSITION 55 TAX EXTE,NO,264,650,1,0,1,0,89,1.12%,1CS-3.PROPOSITION 55 TAX EXTENSION TO FUND EDUCATION AND HEALTHCARE. INITIATIVE CONSTITUTIONAL AMENDMENT..NO
000003 ,1,1,000 041 058 148 149 223 232,PROP_55,YES,354,650,296,3,~  1CS-3,PROPOSITION 55 TAX EXTE,YES,353,650,1,0,1,0,89,1.12%,1CS-3.PROPOSITION 55 TAX EXTENSION TO FUND EDUCATION AND HEALTHCARE. INITIATIVE CONSTITUTIONAL AMENDMENT..YES
000003 ,1,2,000 041 058 148 149 223 232,PROP_56,NO,260,651,391,1,~  1CS-3,PROPOSITION 56 CIGARETT,NO,259,650,1,1,1,1,106,0.94%,"1CS-3.PROPOSITION 56 CIGARETTE TAX TO FUND HEALTHCARE, TOBACCO USE PREVENTION, RESEARCH, AND.NO"
000003 ,1,2,000 041 058 148 149 223 232,PROP_56,YES,366,651,285,1,~  1CS-3,PROPOSITION 56 CIGARETT,YES,365,650,1,1,1,1,106,0.94%,"1CS-3.PROPOSITION 56 CIGARETTE TAX TO FUND HEALTHCARE, TOBACCO USE PREVENTION, RESEARCH, AND.YES"
000003 ,1,2,000 041 058 148 149 223 232,PROP_58,YES,444,651,207,2,~  1CS-3,PROPOSITION 58 ENGLISH ,YES,443,650,1,1,1,1,270,0.37%,1CS-3.PROPOSITION 58 ENGLISH PROFICIENCY. MULTILINGUAL EDUCATION. INITIATIVE STATUTE..YES
000003 ,1,2,000 041 058 148 149 223 232,PROP_59,YES,280,651,371,0,~  1CS-3,PROPOSITION 59 CORPORAT,YES,279,650,1,1,1,1,24,4.17%,1CS-3.PROPOSITION 59 CORPORATIONS. POLITICAL SPENDING. FEDERAL CONSTITUTIONAL PROTECTIONS..YES
000003 ,1,2,000 041 058 148 149 223 232,PROP_61,YES,282,651,369,4,~  1CS-3,PROPOSITION 61 STATE PR,YES,281,650,1,1,1,1,32,3.12%,1CS-3.PROPOSITION 61 STATE PRESCRIPTION DRUG PURCHASES. PRICING STANDARDS. INITIATIVE STATUTE..YES
000003 ,2,3,000 041 058 059 148 149 223 232,PROP_64,NO,304,651,347,0,~  1CS-3,PROPOSITION 64 MARIJUAN,NO,303,650,1,1,1,1,27,3.70%,1CS-3.PROPOSITION 64 MARIJUANA LEGALIZATION. INITIATIVE STATUTE..NO
000003 ,2,3,000 041 058 059 148 149 223 232,PROP_65,YES,213,651,438,1,~  1CS-3,PROPOSITION 65 CARRYOUT,YES,212,650,1,1,1,1,189,0.53%,1CS-3.PROPOSITION 65 CARRYOUT BAGS. CHARGES. INITIATIVE STATUTE..YES
000003 ,2,3,000 041 058 059 148 149 223 232,PROP_66,YES,260,651,391,4,~  1CS-3,PROPOSITION 66 DEATH PE,YES,259,650,1,1,1,1,59,1.69%,1CS-3.PROPOSITION 66 DEATH PENALTY. PROCEDURES. INITIATIVE STATUTE..YES
000003 ,2,3,000 041 058 059 148 149 223 232,PROP_67,YES,308,651,343,1,~  1CS-3,PROPOSITION 67 BAN ON S,YES,307,650,1,1,1,1,5,20.00%,1CS-3.PROPOSITION 67 BAN ON SINGLE-USE PLASTIC BAGS. REFERENDUM..YES
000003 ,1,1,000 041 058 148 149 223 232,STATEASS2,JIM_WOOD,356,650,294,0,~  1CS-3,"STATE ASSEMBLY, DISTRIC",JIM WOOD,357,650,-1,0,1,0,158,0.63%,"1CS-3.STATE ASSEMBLY, DISTRICT 2.JIM WOOD"
000003 ,1,1,000 041 058 148 149 223 232,USREP,JARED_W_HUFFMAN,376,650,274,0,~  1CS-3,US REPRESENTATIVE IN CO,JARED W. HUFFMAN,377,650,-1,0,1,0,152,0.66%,"1CS-3.US REPRESENTATIVE IN CONGRESS, DISTRICT 2.JARED W. HUFFMAN"
000004 ,2,3,001 040 060 147 148 223 232 243,MEAS_Q,NO,350,706,356,1,~  1CS-4,MEASURE Q HUMBOLDT COUN,NO,349,706,1,0,1,0,66,1.52%,1CS-4.MEASURE Q HUMBOLDT COUNTY CREATION OF FINANCE DEPARTMENT MEASURE..NO
000004 ,2,3,001 040 060 147 148 223 232 243,MEAS_S,NO,235,706,471,5,~  1CS-4,MEASURE S HUMBOLDT COUN,NO,234,706,1,0,1,0,211,0.47%,1CS-4.MEASURE S HUMBOLDT COUNTY COMMERCIAL MARIJUANA CULTIVATION MEASURE..NO
000004 ,2,3,001 040 060 147 148 223 232 243,MEAS_V,NO,361,706,345,2,~  1CS-4,MEASURE V MOBILE HOME P,NO,360,706,1,0,1,0,68,1.47%,1CS-4.MEASURE V MOBILE HOME PARK SPACE RENT STABILIZATION..NO
000004 ,2,3,001 040 060 147 148 223 232 243,MEAS_V,YES,293,706,413,2,~  1CS-4,MEASURE V MOBILE HOME P,YES,292,706,1,0,1,0,68,1.47%,1CS-4.MEASURE V MOBILE HOME PARK SPACE RENT STABILIZATION..YES
000004 ,1,1,001 040 059 060 147 148 223 232 243,PROP_51,YES,285,706,421,1,~  1CS-4,PROPOSITION 51 SCHOOL B,YES,284,706,1,0,1,0,109,0.92%,1CS-4.PROPOSITION 51 SCHOOL BONDS. FUNDING FOR K-12 SCHOOL AND COMMUNITY COLLEGE FACILITIES. INITIATIVE.YES
000004 ,1,1,001 040 059 060 147 148 223 232 243,PROP_52,YES,412,706,294,2,~  1CS-4,PROPOSITION 52 MEDI-CAL,YES,411,706,1,0,1,0,162,0.62%,1CS-4.PROPOSITION 52 MEDI-CAL HOSPITAL FEE PROGRAM. INITIATIVE CONSTITUTIONAL AMENDMENT AND STATUTE..YES
000004 ,1,1,001 040 059 060 147 148 223 232 243,PROP_53,NO,329,706,377,1,~  1CS-4,PROPOSITION 53 REVENUE ,NO,328,706,1,0,1,0,1,100.00%,1CS-4.PROPOSITION 53 REVENUE BONDS. STATEWIDE VOTER APPROVAL. INITIATIVE CONSTITUTIONAL AMENDMENT..NO
000004 ,1,1,001 040 059 060 147 148 223 232 243,PROP_54,YES,391,706,315,1,~  1CS-4,PROPOSITION 54 LEGISLAT,YES,390,706,1,0,1,0,117,0.85%,1CS-4.PROPOSITION 54 LEGISLATURE. LEGISLATION AND PROCEEDINGS. INITIATIVE CONSTITUTIONAL AMENDMENT AND.YES
000004 ,1,1,001 040 059 060 147 148 223 232 243,PROP_55,NO,257,706,449,1,~  1CS-4,PROPOSITION 55 TAX EXTE,NO,256,706,1,0,1,0,164,0.61%,1CS-4.PROPOSITION 55 TAX EXTENSION TO FUND EDUCATION AND HEALTHCARE. INITIATIVE CONSTITUTIONAL AMENDMENT..NO
000004 ,1,1,001 040 059 060 147 148 223 232 243,PROP_55,YES,421,706,285,1,~  1CS-4,PROPOSITION 55 TAX EXTE,YES,420,706,1,0,1,0,164,0.61%,1CS-4.PROPOSITION 55 TAX EXTENSION TO FUND EDUCATION AND HEALTHCARE. INITIATIVE CONSTITUTIONAL AMENDMENT..YES
000004 ,1,2,001 040 059 060 147 148 223 232 243,PROP_59,NO,296,705,409,1,~  1CS-4,PROPOSITION 59 CORPORAT,NO,295,706,1,-1,1,1,56,1.79%,1CS-4.PROPOSITION 59 CORPORATIONS. POLITICAL SPENDING. FEDERAL CONSTITUTIONAL PROTECTIONS..NO
000004 ,1,2,001 040 059 060 147 148 223 232 243,PROP_59,YES,350,705,355,1,~  1CS-4,PROPOSITION 59 CORPORAT,YES,351,706,-1,-1,1,1,56,1.79%,1CS-4.PROPOSITION 59 CORPORATIONS. POLITICAL SPENDING. FEDERAL CONSTITUTIONAL PROTECTIONS..YES
000004 ,1,2,001 040 059 060 147 148 223 232 243,PROP_61,YES,297,705,408,2,~  1CS-4,PROPOSITION 61 STATE PR,YES,296,706,1,-1,1,1,57,1.75%,1CS-4.PROPOSITION 61 STATE PRESCRIPTION DRUG PURCHASES. PRICING STANDARDS. INITIATIVE STATUTE..YES
000004 ,1,2,001 040 059 060 147 148 223 232 243,PROP_62,YES,276,705,429,0,~  1CS-4,PROPOSITION 62 DEATH PE,YES,277,706,-1,-1,1,1,118,0.85%,1CS-4.PROPOSITION 62 DEATH PENALTY. INITIATIVE STATUTE..YES
000004 ,1,2,001 040 059 060 147 148 223 232 243,PROP_63,YES,304,705,401,1,~  1CS-4,PROPOSITION 63 FIREARMS,YES,303,706,1,-1,1,1,66,1.52%,1CS-4.PROPOSITION 63 FIREARMS. AMMUNITION SALES. INITIATIVE STATUTE..YES
000004 ,2,3,001 040 060 147 148 223 232 243,PROP_65,NO,462,706,244,2,~  1CS-4,PROPOSITION 65 CARRYOUT,NO,461,706,1,0,1,0,253,0.40%,1CS-4.PROPOSITION 65 CARRYOUT BAGS. CHARGES. INITIATIVE STATUTE..NO
000004 ,2,3,001 040 060 147 148 223 232 243,PROP_65,YES,209,706,497,2,~  1CS-4,PROPOSITION 65 CARRYOUT,YES,208,706,1,0,1,0,253,0.40%,1CS-4.PROPOSITION 65 CARRYOUT BAGS. CHARGES. INITIATIVE STATUTE..YES
000004 ,2,3,001 040 060 147 148 223 232 243,PROP_66,NO,349,706,357,3,~  1CS-4,PROPOSITION 66 DEATH PE,NO,348,706,1,0,1,0,57,1.75%,1CS-4.PROPOSITION 66 DEATH PENALTY. PROCEDURES. INITIATIVE STATUTE..NO
000004 ,2,3,001 040 060 147 148 223 232 243,PROP_67,YES,333,706,373,1,~  1CS-4,PROPOSITION 67 BAN ON S,YES,332,706,1,0,1,0,14,7.14%,1CS-4.PROPOSITION 67 BAN ON SINGLE-USE PLASTIC BAGS. REFERENDUM..YES
000004 ,1,1,001 040 059 060 147 148 223 232 243,STATEASS2,JIM_WOOD,384,706,322,0,~  1CS-4,"STATE ASSEMBLY, DISTRIC",JIM WOOD,385,706,-1,0,1,0,164,0.61%,"1CS-4.STATE ASSEMBLY, DISTRICT 2.JIM WOOD"
000004 ,1,1,001 040 059 060 147 148 223 232 243,USREP,DALE_K_MENSING,252,706,454,0,~  1CS-4,US REPRESENTATIVE IN CO,DALE K. MENSING,253,706,-1,0,1,0,169,0.59%,"1CS-4.US REPRESENTATIVE IN CONGRESS, DISTRICT 2.DALE K. MENSING"
000005 ,2,4,001 038 039 060 061 146 147 223 233,MEAS_P,NO,301,737,436,2,~  1E-36,MEASURE P CITY OF EUREK,NO,300,737,1,0,1,0,61,1.64%,1E-36.MEASURE P CITY OF EUREKA CHARTER AMENDMENT MEASURE..NO
000005 ,2,3,001 038 039 060 061 146 147 223 233,MEAS_R,NO,321,737,416,2,~  1E-36,MEASURE R HUMBOLDT COUN,NO,320,737,1,0,1,0,0,--,1E-36.MEASURE R HUMBOLDT COUNTY FINANCE DEPARTMENT ELECTIVE OFFICE MEASURE..NO
000005 ,2,3,001 038 039 060 061 146 147 223 233,MEAS_R,YES,321,737,416,2,~  1E-36,MEASURE R HUMBOLDT COUN,YES,320,737,1,0,1,0,0,--,1E-36.MEASURE R HUMBOLDT COUNTY FINANCE DEPARTMENT ELECTIVE OFFICE MEASURE..YES
000005 ,2,3,001 038 039 060 061 146 147 223 233,MEAS_S,YES,493,737,244,2,~  1E-36,MEASURE S HUMBOLDT COUN,YES,492,737,1,0,1,0,289,0.35%,1E-36.MEASURE S HUMBOLDT COUNTY COMMERCIAL MARIJUANA CULTIVATION MEASURE..YES
000005 ,2,3,001 038 039 060 061 146 147 223 233,MEAS_U,NO,345,737,392,2,~  1E-36,MEASURE U LOCAL TRANSPO,NO,346,737,-1,0,1,0,8,12.50%,1E-36.MEASURE U LOCAL TRANSPORTATION AUTHORITY RETAIL TRANSACTIONS AND USE TAX..NO
000005 ,1,1,001 038 039 061 146 147 223 233,PRES,GLORIA_ESTELA_LA_RIVA,3,737,734,1,~  1E-36,PRESIDENT AND VICE PRES,GLORIA ESTELA LA RIVA,2,737,1,0,1,0,203,0.49%,1E-36.PRESIDENT AND VICE PRESIDENT.GLORIA ESTELA LA RIVA      and DENNIS J. BANKS
000005 ,1,1,001 038 039 061 146 147 223 233,PRES,HILLARY_CLINTON,411,737,326,1,~  1E-36,PRESIDENT AND VICE PRES,HILLARY CLINTON      ,410,737,1,0,1,0,203,0.49%,1E-36.PRESIDENT AND VICE PRESIDENT.HILLARY CLINTON      and TIM KAINE
000005 ,1,2,001 038 039 061 146 147 223 233,PROP_57,YES,456,737,281,1,~  1E-36,PROPOSITION 57 CRIMINAL,YES,455,737,1,0,1,0,214,0.47%,1E-36.PROPOSITION 57 CRIMINAL SENTENCES. PAROLE. JUVENILE CRIMINAL PROCEEDINGS AND SENTENCING. INITIATIVE.YES
000005 ,1,2,001 038 039 061 146 147 223 233,PROP_58,YES,529,737,208,0,~  1E-36,PROPOSITION 58 ENGLISH ,YES,528,737,1,0,1,0,357,0.28%,1E-36.PROPOSITION 58 ENGLISH PROFICIENCY. MULTILINGUAL EDUCATION. INITIATIVE STATUTE..YES
000005 ,1,2,001 038 039 061 146 147 223 233,PROP_62,YES,383,737,354,1,~  1E-36,PROPOSITION 62 DEATH PE,YES,382,737,1,0,1,0,58,1.72%,1E-36.PROPOSITION 62 DEATH PENALTY. INITIATIVE STATUTE..YES
000005 ,1,1,001 038 039 061 146 147 223 233,STATEASS2,KEN_ANTON,189,737,548,1,~  1E-36,"STATE ASSEMBLY, DISTRIC",KEN ANTON,188,737,1,0,1,0,272,0.37%,"1E-36.STATE ASSEMBLY, DISTRICT 2.KEN ANTON"
000005 ,1,1,001 038 039 061 146 147 223 233,USSEN,LORETTA_L_SANCHEZ,179,737,558,1,~  1E-36,US SENATOR,LORETTA L. SANCHEZ,178,737,1,0,1,0,240,0.42%,1E-36.US SENATOR.LORETTA L. SANCHEZ
000006 ,1,1,000 001 038 061 062 146 223 233,EKA_CC,Write_in,22,1348,1326,0,~  1E-43,EUREKA CITY COUNCILMEMB,Write_in,21,674,1,674,1,674,84,1.19%,1E-43.EUREKA CITY COUNCILMEMBER.Write_in
000006 ,2,3,000 001 038 061 062 146 223 233,MEAS_U,NO,317,674,357,1,~  1E-43,MEASURE U LOCAL TRANSPO,NO,316,674,1,0,1,0,9,11.11%,1E-43.MEASURE U LOCAL TRANSPORTATION AUTHORITY RETAIL TRANSACTIONS AND USE TAX..NO
000006 ,2,3,000 001 038 061 062 146 223 233,MEAS_U,YES,308,674,366,1,~  1E-43,MEASURE U LOCAL TRANSPO,YES,307,674,1,0,1,0,9,11.11%,1E-43.MEASURE U LOCAL TRANSPORTATION AUTHORITY RETAIL TRANSACTIONS AND USE TAX..YES
000006 ,2,4,000 001 038 061 062 146 223 233,MEAS_V,NO,283,674,391,1,~  1E-43,MEASURE V MOBILE HOME P,NO,284,674,-1,0,1,0,46,2.17%,1E-43.MEASURE V MOBILE HOME PARK SPACE RENT STABILIZATION..NO
000006 ,2,4,000 001 038 061 062 146 223 233,MEAS_V,YES,331,674,343,1,~  1E-43,MEASURE V MOBILE HOME P,YES,330,674,1,0,1,0,46,2.17%,1E-43.MEASURE V MOBILE HOME PARK SPACE RENT STABILIZATION..YES
000006 ,1,1,000 001 038 061 062 146 223 233,PROP_52,NO,173,674,501,1,~  1E-43,PROPOSITION 52 MEDI-CAL,NO,172,674,1,0,1,0,281,0.36%,1E-43.PROPOSITION 52 MEDI-CAL HOSPITAL FEE PROGRAM. INITIATIVE CONSTITUTIONAL AMENDMENT AND STATUTE..NO
000006 ,1,1,000 001 038 061 062 146 223 233,PROP_54,YES,367,674,307,1,~  1E-43,PROPOSITION 54 LEGISLAT,YES,366,674,1,0,1,0,114,0.88%,1E-43.PROPOSITION 54 LEGISLATURE. LEGISLATION AND PROCEEDINGS. INITIATIVE CONSTITUTIONAL AMENDMENT AND.YES
000006 ,1,2,000 001 038 061 062 146 223 233,PROP_58,NO,151,674,523,1,~  1E-43,PROPOSITION 58 ENGLISH ,NO,150,674,1,0,1,0,330,0.30%,1E-43.PROPOSITION 58 ENGLISH PROFICIENCY. MULTILINGUAL EDUCATION. INITIATIVE STATUTE..NO
000006 ,1,2,000 001 038 061 062 146 223 233,PROP_61,YES,318,674,356,2,~  1E-43,PROPOSITION 61 STATE PR,YES,317,674,1,0,1,0,23,4.35%,1E-43.PROPOSITION 61 STATE PRESCRIPTION DRUG PURCHASES. PRICING STANDARDS. INITIATIVE STATUTE..YES
000006 ,2,3,000 001 038 061 062 146 223 233,PROP_64,NO,257,674,417,1,~  1E-43,PROPOSITION 64 MARIJUAN,NO,256,674,1,0,1,0,138,0.72%,1E-43.PROPOSITION 64 MARIJUANA LEGALIZATION. INITIATIVE STATUTE..NO
000006 ,2,3,000 001 038 061 062 146 223 233,PROP_65,NO,359,674,315,1,~  1E-43,PROPOSITION 65 CARRYOUT,NO,358,674,1,0,1,0,81,1.23%,1E-43.PROPOSITION 65 CARRYOUT BAGS. CHARGES. INITIATIVE STATUTE..NO
000006 ,2,3,000 001 038 061 062 146 223 233,PROP_66,NO,366,674,308,2,~  1E-43,PROPOSITION 66 DEATH PE,NO,365,674,1,0,1,0,126,0.79%,1E-43.PROPOSITION 66 DEATH PENALTY. PROCEDURES. INITIATIVE STATUTE..NO
000006 ,2,3,000 001 038 061 062 146 223 233,PROP_67,NO,256,674,418,1,~  1E-43,PROPOSITION 67 BAN ON S,NO,255,674,1,0,1,0,128,0.78%,1E-43.PROPOSITION 67 BAN ON SINGLE-USE PLASTIC BAGS. REFERENDUM..NO
000006 ,2,3,000 001 038 061 062 146 223 233,PROP_67,YES,384,674,290,1,~  1E-43,PROPOSITION 67 BAN ON S,YES,383,674,1,0,1,0,128,0.78%,1E-43.PROPOSITION 67 BAN ON SINGLE-USE PLASTIC BAGS. REFERENDUM..YES
000006 ,1,1,000 001 038 061 062 146 223 233,USREP,DALE_K_MENSING,172,674,502,1,~  1E-43,US REPRESENTATIVE IN CO,DALE K. MENSING,171,674,1,0,1,0,288,0.35%,"1E-43.US REPRESENTATIVE IN CONGRESS, DISTRICT 2.DALE K. MENSING"
000007 ,1,1,002 038 062 063 151 152 223 224 229 233 243,EKA_CC,JOHN_B_FULLERTON,354,696,342,0,~  1E-45,EUREKA CITY COUNCILMEMB,JOHN B. FULLERTON,355,697,-1,-1,1,1,55,1.82%,1E-45.EUREKA CITY COUNCILMEMBER.JOHN B. FULLERTON
000007 ,2,4,002 038 063 151 152 223 224 233 243,MEAS_O,YES,303,695,392,2,~  1E-45,MEASURE O CITY OF EUREK,YES,302,697,1,-2,1,2,6,16.67%,1E-45.MEASURE O CITY OF EUREKA LOW INCOME HOUSING UNITS..YES
000007 ,2,4,002 038 063 151 152 223 224 233 243,MEAS_P,NO,315,695,380,4,~  1E-45,MEASURE P CITY OF EUREK,NO,314,697,1,-2,1,2,17,5.88%,1E-45.MEASURE P CITY OF EUREKA CHARTER AMENDMENT MEASURE..NO
000007 ,2,3,002 038 063 151 152 223 224 233 243,MEAS_Q,NO,323,695,372,0,~  1E-45,MEASURE Q HUMBOLDT COUN,NO,322,697,1,-2,1,2,46,2.17%,1E-45.MEASURE Q HUMBOLDT COUNTY CREATION OF FINANCE DEPARTMENT MEASURE..NO
000007 ,2,3,002 038 063 151 152 223 224 233 243,MEAS_U,YES,268,695,427,1,~  1E-45,MEASURE U LOCAL TRANSPO,YES,267,697,1,-2,1,2,102,0.98%,1E-45.MEASURE U LOCAL TRANSPORTATION AUTHORITY RETAIL TRANSACTIONS AND USE TAX..YES
000007 ,1,1,002 038 062 063 151 152 223 224 229 233 243,PRES,DONALD_J_TRUMP,270,696,426,0,~  1E-45,PRESIDENT AND VICE PRES,DONALD J. TRUMP      ,271,697,-1,-1,1,1,80,1.25%,1E-45.PRESIDENT AND VICE PRESIDENT.DONALD J. TRUMP      and MICHAEL R. PENCE
000007 ,1,1,002 038 062 063 151 152 223 224 229 233 243,PRES,GARY_JOHNSON,24,696,672,1,~  1E-45,PRESIDENT AND VICE PRES,GARY JOHNSON      and,23,697,1,-1,1,1,80,1.25%,1E-45.PRESIDENT AND VICE PRESIDENT.GARY JOHNSON      and BILL WELD
000007 ,1,1,002 038 062 063 151 152 223 224 229 233 243,PROP_51,YES,279,696,417,2,~  1E-45,PROPOSITION 51 SCHOOL B,YES,278,697,1,-1,1,1,108,0.93%,1E-45.PROPOSITION 51 SCHOOL BONDS. FUNDING FOR K-12 SCHOOL AND COMMUNITY COLLEGE FACILITIES. INITIATIVE.YES
000007 ,1,1,002 038 062 063 151 152 223 224 229 233 243,PROP_52,NO,225,696,471,2,~  1E-45,PROPOSITION 52 MEDI-CAL,NO,226,697,-1,-1,1,1,196,0.51%,1E-45.PROPOSITION 52 MEDI-CAL HOSPITAL FEE PROGRAM. INITIATIVE CONSTITUTIONAL AMENDMENT AND STATUTE..NO
000007 ,1,1,002 038 062 063 151 152 223 224 229 233 243,PROP_53,YES,274,696,422,2,~  1E-45,PROPOSITION 53 REVENUE ,YES,273,697,1,-1,1,1,99,1.01%,1E-45.PROPOSITION 53 REVENUE BONDS. STATEWIDE VOTER APPROVAL. INITIATIVE CONSTITUTIONAL AMENDMENT..YES
000007 ,1,1,002 038 062 063 151 152 223 224 229 233 243,PROP_54,YES,378,696,318,2,~  1E-45,PROPOSITION 54 LEGISLAT,YES,377,697,1,-1,1,1,110,0.91%,1E-45.PROPOSITION 54 LEGISLATURE. LEGISLATION AND PROCEEDINGS. INITIATIVE CONSTITUTIONAL AMENDMENT AND.YES
000007 ,1,2,002 038 062 063 151 152 223 224 229 233 243,PROP_55,YES,390,697,307,1,~  1E-45,PROPOSITION 55 TAX EXTE,YES,389,697,1,0,1,0,119,0.84%,1E-45.PROPOSITION 55 TAX EXTENSION TO FUND EDUCATION AND HEALTHCARE. INITIATIVE CONSTITUTIONAL AMENDMENT..YES
000007 ,1,2,002 038 062 063 151 152 223 224 229 233 243,PROP_62,NO,363,697,334,2,~  1E-45,PROPOSITION 62 DEATH PE,NO,364,697,-1,0,1,0,71,1.41%,1E-45.PROPOSITION 62 DEATH PENALTY. INITIATIVE STATUTE..NO
000007 ,1,1,002 038 062 063 151 152 223 224 229 233 243,STATEASS2,JIM_WOOD,402,696,294,0,~  1E-45,"STATE ASSEMBLY, DISTRIC",JIM WOOD,403,697,-1,-1,1,1,214,0.47%,"1E-45.STATE ASSEMBLY, DISTRICT 2.JIM WOOD"
000007 ,1,1,002 038 062 063 151 152 223 224 229 233 243,STATEASS2,KEN_ANTON,188,696,508,0,~  1E-45,"STATE ASSEMBLY, DISTRIC",KEN ANTON,189,697,-1,-1,1,1,214,0.47%,"1E-45.STATE ASSEMBLY, DISTRICT 2.KEN ANTON"
000007 ,1,1,002 038 062 063 151 152 223 224 229 233 243,USREP,DALE_K_MENSING,225,696,471,2,~  1E-45,US REPRESENTATIVE IN CO,DALE K. MENSING,224,697,1,-1,1,1,198,0.51%,"1E-45.US REPRESENTATIVE IN CONGRESS, DISTRICT 2.DALE K. MENSING"
000007 ,1,1,002 038 062 063 151 152 223 224 229 233 243,USREP,JARED_W_HUFFMAN,421,696,275,2,~  1E-45,US REPRESENTATIVE IN CO,JARED W. HUFFMAN,422,697,-1,-1,1,1,198,0.51%,"1E-45.US REPRESENTATIVE IN CONGRESS, DISTRICT 2.JARED W. HUFFMAN"
000008 ,2,4,002 037 064 150 151 224 233,MEAS_O,NO,191,519,328,1,~  1E-55,MEASURE O CITY OF EUREK,NO,190,521,1,-2,1,2,73,1.37%,1E-55.MEASURE O CITY OF EUREKA LOW INCOME HOUSING UNITS..NO
000008 ,2,4,002 037 064 150 151 224 233,MEAS_P,NO,204,519,315,1,~  1E-55,MEASURE P CITY OF EUREK,NO,203,521,1,-2,1,2,50,2.00%,1E-55.MEASURE P CITY OF EUREKA CHARTER AMENDMENT MEASURE..NO
000008 ,2,3,002 037 064 150 151 224 233,MEAS_Q,NO,218,519,301,1,~  1E-55,MEASURE Q HUMBOLDT COUN,NO,217,521,1,-2,1,2,3,33.33%,1E-55.MEASURE Q HUMBOLDT COUNTY CREATION OF FINANCE DEPARTMENT MEASURE..NO
000008 ,2,4,002 037 064 150 151 224 233,MEAS_V,NO,245,519,274,2,~  1E-55,MEASURE V MOBILE HOME P,NO,244,521,1,-2,1,2,13,7.69%,1E-55.MEASURE V MOBILE HOME PARK SPACE RENT STABILIZATION..NO
000008 ,2,4,002 037 064 150 151 224 233,MEAS_V,YES,232,519,287,2,~  1E-55,MEASURE V MOBILE HOME P,YES,231,521,1,-2,1,2,13,7.69%,1E-55.MEASURE V MOBILE HOME PARK SPACE RENT STABILIZATION..YES
000008 ,1,1,002 037 063 064 150 151 224 229 233,PROP_52,NO,164,521,357,1,~  1E-55,PROPOSITION 52 MEDI-CAL,NO,163,521,1,0,1,0,158,0.63%,1E-55.PROPOSITION 52 MEDI-CAL HOSPITAL FEE PROGRAM. INITIATIVE CONSTITUTIONAL AMENDMENT AND STATUTE..NO
000008 ,1,1,002 037 063 064 150 151 224 229 233,PROP_53,NO,243,521,278,1,~  1E-55,PROPOSITION 53 REVENUE ,NO,242,521,1,0,1,0,16,6.25%,1E-55.PROPOSITION 53 REVENUE BONDS. STATEWIDE VOTER APPROVAL. INITIATIVE CONSTITUTIONAL AMENDMENT..NO
000008 ,1,2,002 037 063 064 150 151 224 229 233,PROP_59,NO,201,521,320,1,~  1E-55,PROPOSITION 59 CORPORAT,NO,200,521,1,0,1,0,60,1.67%,1E-55.PROPOSITION 59 CORPORATIONS. POLITICAL SPENDING. FEDERAL CONSTITUTIONAL PROTECTIONS..NO
000008 ,1,2,002 037 063 064 150 151 224 229 233,PROP_62,YES,238,521,283,1,~  1E-55,PROPOSITION 62 DEATH PE,YES,237,521,1,0,1,0,12,8.33%,1E-55.PROPOSITION 62 DEATH PENALTY. INITIATIVE STATUTE..YES
000008 ,2,3,002 037 064 150 151 224 233,PROP_65,YES,206,519,313,1,~  1E-55,PROPOSITION 65 CARRYOUT,YES,205,521,1,-2,1,2,80,1.25%,1E-55.PROPOSITION 65 CARRYOUT BAGS. CHARGES. INITIATIVE STATUTE..YES
000008 ,2,3,002 037 064 150 151 224 233,PROP_67,NO,205,519,314,2,~  1E-55,PROPOSITION 67 BAN ON S,NO,204,521,1,-2,1,2,85,1.18%,1E-55.PROPOSITION 67 BAN ON SINGLE-USE PLASTIC BAGS. REFERENDUM..NO
000010 ,2,3,001 002 037 038 064 065 153 154 224 233 243,MEAS_Q,YES,374,884,510,2,~  1ES-1,MEASURE Q HUMBOLDT COUN,YES,373,883,1,1,1,1,35,2.86%,1ES-1.MEASURE Q HUMBOLDT COUNTY CREATION OF FINANCE DEPARTMENT MEASURE..YES
000010 ,2,3,001 002 037 038 064 065 153 154 224 233 243,MEAS_R,NO,397,884,487,0,~  1ES-1,MEASURE R HUMBOLDT COUN,NO,398,883,-1,1,1,1,17,5.88%,1ES-1.MEASURE R HUMBOLDT COUNTY FINANCE DEPARTMENT ELECTIVE OFFICE MEASURE..NO
000010 ,2,3,001 002 037 038 064 065 153 154 224 233 243,MEAS_S,YES,589,884,295,4,~  1ES-1,MEASURE S HUMBOLDT COUN,YES,588,883,1,1,1,1,344,0.29%,1ES-1.MEASURE S HUMBOLDT COUNTY COMMERCIAL MARIJUANA CULTIVATION MEASURE..YES
000010 ,2,3,001 002 037 038 064 065 153 154 224 233 243,MEAS_V,YES,427,884,457,1,~  1ES-1,MEASURE V MOBILE HOME P,YES,428,883,-1,1,1,1,40,2.50%,1ES-1.MEASURE V MOBILE HOME PARK SPACE RENT STABILIZATION..YES
000010 ,1,1,001 002 037 038 064 065 153 154 224 233,PRES,DONALD_J_TRUMP,263,883,620,1,~  1ES-1,PRESIDENT AND VICE PRES,DONALD J. TRUMP      ,262,883,1,0,1,0,232,0.43%,1ES-1.PRESIDENT AND VICE PRESIDENT.DONALD J. TRUMP      and MICHAEL R. PENCE
000010 ,1,1,001 002 037 038 064 065 153 154 224 233,PRES,GLORIA_ESTELA_LA_RIVA,3,883,880,1,~  1ES-1,PRESIDENT AND VICE PRES,GLORIA ESTELA LA RIVA,2,883,1,0,1,0,232,0.43%,1ES-1.PRESIDENT AND VICE PRESIDENT.GLORIA ESTELA LA RIVA      and DENNIS J. BANKS
000010 ,1,1,001 002 037 038 064 065 153 154 224 233,PRES,Write_in,29,883,854,1,~  1ES-1,PRESIDENT AND VICE PRES,Write_in,28,883,1,0,1,0,232,0.43%,1ES-1.PRESIDENT AND VICE PRESIDENT.Write_in
000010 ,1,1,001 002 037 038 064 065 153 154 224 233,PROP_51,NO,430,883,453,1,~  1ES-1,PROPOSITION 51 SCHOOL B,NO,429,883,1,0,1,0,22,4.55%,1ES-1.PROPOSITION 51 SCHOOL BONDS. FUNDING FOR K-12 SCHOOL AND COMMUNITY COLLEGE FACILITIES. INITIATIVE.NO
000010 ,1,1,001 002 037 038 064 065 153 154 224 233,PROP_53,YES,400,883,483,3,~  1ES-1,PROPOSITION 53 REVENUE ,YES,399,883,1,0,1,0,16,6.25%,1ES-1.PROPOSITION 53 REVENUE BONDS. STATEWIDE VOTER APPROVAL. INITIATIVE CONSTITUTIONAL AMENDMENT..YES
000010 ,1,1,001 002 037 038 064 065 153 154 224 233,PROP_54,NO,306,883,577,1,~  1ES-1,PROPOSITION 54 LEGISLAT,NO,305,883,1,0,1,0,205,0.49%,1ES-1.PROPOSITION 54 LEGISLATURE. LEGISLATION AND PROCEEDINGS. INITIATIVE CONSTITUTIONAL AMENDMENT AND.NO
000010 ,1,2,001 002 037 038 064 065 153 154 224 233,PROP_56,YES,481,877,396,0,~  1ES-1,PROPOSITION 56 CIGARETT,YES,482,883,-1,-6,1,6,116,0.86%,"1ES-1.PROPOSITION 56 CIGARETTE TAX TO FUND HEALTHCARE, TOBACCO USE PREVENTION, RESEARCH, AND.YES"
000010 ,1,2,001 002 037 038 064 065 153 154 224 233,PROP_60,YES,335,877,542,1,~  1ES-1,PROPOSITION 60 ADULT FI,YES,336,883,-1,-6,1,6,125,0.80%,1ES-1.PROPOSITION 60 ADULT FILMS. CONDOMS. HEALTH REQUIREMENTS. INITIATIVE STATUTE..YES
000010 ,1,2,001 002 037 038 064 065 153 154 224 233,PROP_61,NO,373,877,504,3,~  1ES-1,PROPOSITION 61 STATE PR,NO,372,883,1,-6,1,6,59,1.69%,1ES-1.PROPOSITION 61 STATE PRESCRIPTION DRUG PURCHASES. PRICING STANDARDS. INITIATIVE STATUTE..NO
000010 ,1,2,001 002 037 038 064 065 153 154 224 233,PROP_62,NO,437,877,440,1,~  1ES-1,PROPOSITION 62 DEATH PE,NO,438,883,-1,-6,1,6,42,2.38%,1ES-1.PROPOSITION 62 DEATH PENALTY. INITIATIVE STATUTE..NO
000010 ,2,3,001 002 037 038 064 065 153 154 224 233 243,PROP_64,YES,536,884,348,0,~  1ES-1,PROPOSITION 64 MARIJUAN,YES,537,883,-1,1,1,1,213,0.47%,1ES-1.PROPOSITION 64 MARIJUANA LEGALIZATION. INITIATIVE STATUTE..YES
000010 ,2,3,001 002 037 038 064 065 153 154 224 233 243,PROP_65,NO,475,884,409,0,~  1ES-1,PROPOSITION 65 CARRYOUT,NO,476,883,-1,1,1,1,111,0.90%,1ES-1.PROPOSITION 65 CARRYOUT BAGS. CHARGES. INITIATIVE STATUTE..NO
000010 ,2,3,001 002 037 038 064 065 153 154 224 233 243,PROP_65,YES,364,884,520,0,~  1ES-1,PROPOSITION 65 CARRYOUT,YES,365,883,-1,1,1,1,111,0.90%,1ES-1.PROPOSITION 65 CARRYOUT BAGS. CHARGES. INITIATIVE STATUTE..YES
000010 ,2,3,001 002 037 038 064 065 153 154 224 233 243,PROP_66,YES,379,884,505,0,~  1ES-1,PROPOSITION 66 DEATH PE,YES,380,883,-1,1,1,1,28,3.57%,1ES-1.PROPOSITION 66 DEATH PENALTY. PROCEDURES. INITIATIVE STATUTE..YES
000010 ,2,3,001 002 037 038 064 065 153 154 224 233 243,PROP_67,NO,389,884,495,1,~  1ES-1,PROPOSITION 67 BAN ON S,NO,388,883,1,1,1,1,69,1.45%,1ES-1.PROPOSITION 67 BAN ON SINGLE-USE PLASTIC BAGS. REFERENDUM..NO
000010 ,2,3,001 002 037 038 064 065 153 154 224 233 243,PROP_67,YES,456,884,428,1,~  1ES-1,PROPOSITION 67 BAN ON S,YES,457,883,-1,1,1,1,69,1.45%,1ES-1.PROPOSITION 67 BAN ON SINGLE-USE PLASTIC BAGS. REFERENDUM..YES
000010 ,1,1,001 002 037 038 064 065 153 154 224 233,USREP,JARED_W_HUFFMAN,607,883,276,0,~  1ES-1,US REPRESENTATIVE IN CO,JARED W. HUFFMAN,608,883,-1,0,1,0,376,0.27%,"1ES-1.US REPRESENTATIVE IN CONGRESS, DISTRICT 2.JARED W. HUFFMAN"
000010 ,1,1,001 002 037 038 064 065 153 154 224 233,USSEN,KAMALA_D_HARRIS,487,883,396,3,~  1ES-1,US SENATOR,KAMALA D. HARRIS,486,883,1,0,1,0,244,0.41%,1ES-1.US SENATOR.KAMALA D. HARRIS
000011 ,1,1,003 040 041 069 070 152 153 224 233 234,FERN_CC,PATRICK_O_ROURKE,465,852,387,1,~  1F--1,FERNDALE CITY COUNCILME,PATRICK O'ROURKE,466,853,-1,-1,1,1,33,3.03%,1F--1.FERNDALE CITY COUNCILMEMBER.PATRICK O'ROURKE
000011 ,1,1,003 040 041 069 070 152 153 224 233 234,FERN_MAYOR,STEVE_NUNES,208,852,644,1,~  1F--1,"FERNDALE, MAYOR",STEVE NUNES,207,853,1,-1,1,1,362,0.28%,"1F--1.FERNDALE, MAYOR.STEVE NUNES"
000011 ,2,3,003 040 041 070 071 152 153 224 233 234,MEAS_Q,YES,339,853,514,1,~  1F--1,MEASURE Q HUMBOLDT COUN,YES,338,853,1,0,1,0,64,1.56%,1F--1.MEASURE Q HUMBOLDT COUNTY CREATION OF FINANCE DEPARTMENT MEASURE..YES
000011 ,2,3,003 040 041 070 071 152 153 224 233 234,MEAS_R,NO,423,853,430,3,~  1F--1,MEASURE R HUMBOLDT COUN,NO,422,853,1,0,1,0,110,0.91%,1F--1.MEASURE R HUMBOLDT COUNTY FINANCE DEPARTMENT ELECTIVE OFFICE MEASURE..NO
000011 ,1,1,003 040 041 069 070 152 153 224 233 234,PRES,GLORIA_ESTELA_LA_RIVA,6,852,846,1,~  1F--1,PRESIDENT AND VICE PRES,GLORIA ESTELA LA RIVA,5,853,1,-1,1,1,64,1.56%,1F--1.PRESIDENT AND VICE PRESIDENT.GLORIA ESTELA LA RIVA      and DENNIS J. BANKS
000011 ,1,1,003 040 041 069 070 152 153 224 233 234,PRES,JILL_STEIN,17,852,835,1,~  1F--1,PRESIDENT AND VICE PRES,JILL STEIN      and A,16,853,1,-1,1,1,64,1.56%,1F--1.PRESIDENT AND VICE PRESIDENT.JILL STEIN      and AJAMU BARAKA
000011 ,1,1,003 040 041 069 070 152 153 224 233 234,PROP_51,NO,441,852,411,0,~  1F--1,PROPOSITION 51 SCHOOL B,NO,442,853,-1,-1,1,1,83,1.20%,1F--1.PROPOSITION 51 SCHOOL BONDS. FUNDING FOR K-12 SCHOOL AND COMMUNITY COLLEGE FACILITIES. INITIATIVE.NO
000011 ,1,1,003 040 041 069 070 152 153 224 233 234,PROP_52,YES,502,852,350,2,~  1F--1,PROPOSITION 52 MEDI-CAL,YES,501,853,1,-1,1,1,218,0.46%,1F--1.PROPOSITION 52 MEDI-CAL HOSPITAL FEE PROGRAM. INITIATIVE CONSTITUTIONAL AMENDMENT AND STATUTE..YES
000011 ,1,1,003 040 041 069 070 152 153 224 233 234,PROP_53,NO,409,852,443,1,~  1F--1,PROPOSITION 53 REVENUE ,NO,408,853,1,-1,1,1,38,2.63%,1F--1.PROPOSITION 53 REVENUE BONDS. STATEWIDE VOTER APPROVAL. INITIATIVE CONSTITUTIONAL AMENDMENT..NO
000011 ,1,1,003 040 041 069 070 152 153 224 233 234,PROP_53,YES,369,852,483,1,~  1F--1,PROPOSITION 53 REVENUE ,YES,370,853,-1,-1,1,1,38,2.63%,1F--1.PROPOSITION 53 REVENUE BONDS. STATEWIDE VOTER APPROVAL. INITIATIVE CONSTITUTIONAL AMENDMENT..YES
000011 ,1,1,003 040 041 069 070 152 153 224 233 234,PROP_54,NO,307,852,545,3,~  1F--1,PROPOSITION 54 LEGISLAT,NO,306,853,1,-1,1,1,160,0.62%,1F--1.PROPOSITION 54 LEGISLATURE. LEGISLATION AND PROCEEDINGS. INITIATIVE CONSTITUTIONAL AMENDMENT AND.NO
000011 ,1,1,003 040 041 069 070 152 153 224 233 234,PROP_54,YES,467,852,385,3,~  1F--1,PROPOSITION 54 LEGISLAT,YES,466,853,1,-1,1,1,160,0.62%,1F--1.PROPOSITION 54 LEGISLATURE. LEGISLATION AND PROCEEDINGS. INITIATIVE CONSTITUTIONAL AMENDMENT AND.YES
000011 ,1,2,003 040 041 069 070 152 153 224 233 234,PROP_55,NO,298,851,553,1,~  1F--1,PROPOSITION 55 TAX EXTE,NO,299,853,-1,-2,1,2,190,0.53%,1F--1.PROPOSITION 55 TAX EXTENSION TO FUND EDUCATION AND HEALTHCARE. INITIATIVE CONSTITUTIONAL AMENDMENT..NO
000011 ,1,2,003 040 041 069 070 152 153 224 233 234,PROP_55,YES,490,851,361,1,~  1F--1,PROPOSITION 55 TAX EXTE,YES,489,853,1,-2,1,2,190,0.53%,1F--1.PROPOSITION 55 TAX EXTENSION TO FUND EDUCATION AND HEALTHCARE. INITIATIVE CONSTITUTIONAL AMENDMENT..YES
000011 ,1,2,003 040 041 069 070 152 153 224 233 234,PROP_61,NO,398,851,453,3,~  1F--1,PROPOSITION 61 STATE PR,NO,399,853,-1,-2,1,2,25,4.00%,1F--1.PROPOSITION 61 STATE PRESCRIPTION DRUG PURCHASES. PRICING STANDARDS. INITIATIVE STATUTE..NO
000011 ,2,3,003 040 041 070 071 152 153 224 233 234,PROP_63,YES,402,853,451,1,~  1F--1,PROPOSITION 63 FIREARMS,YES,401,853,1,0,1,0,17,5.88%,1F--1.PROPOSITION 63 FIREARMS. AMMUNITION SALES. INITIATIVE STATUTE..YES
000011 ,2,3,003 040 041 070 071 152 153 224 233 234,PROP_64,NO,404,853,449,2,~  1F--1,PROPOSITION 64 MARIJUAN,NO,403,853,1,0,1,0,24,4.17%,1F--1.PROPOSITION 64 MARIJUANA LEGALIZATION. INITIATIVE STATUTE..NO
000011 ,2,3,003 040 041 070 071 152 153 224 233 234,PROP_64,YES,428,853,425,2,~  1F--1,PROPOSITION 64 MARIJUAN,YES,427,853,1,0,1,0,24,4.17%,1F--1.PROPOSITION 64 MARIJUANA LEGALIZATION. INITIATIVE STATUTE..YES
000011 ,2,3,003 040 041 070 071 152 153 224 233 234,PROP_65,NO,495,853,358,2,~  1F--1,PROPOSITION 65 CARRYOUT,NO,494,853,1,0,1,0,190,0.53%,1F--1.PROPOSITION 65 CARRYOUT BAGS. CHARGES. INITIATIVE STATUTE..NO
000011 ,1,1,003 040 041 069 070 152 153 224 233 234,STATEASS2,JIM_WOOD,477,852,375,0,~  1F--1,"STATE ASSEMBLY, DISTRIC",JIM WOOD,478,853,-1,-1,1,1,258,0.39%,"1F--1.STATE ASSEMBLY, DISTRICT 2.JIM WOOD"
000011 ,1,1,003 040 041 069 070 152 153 224 233 234,USREP,JARED_W_HUFFMAN,508,852,344,0,~  1F--1,US REPRESENTATIVE IN CO,JARED W. HUFFMAN,509,853,-1,-1,1,1,227,0.44%,"1F--1.US REPRESENTATIVE IN CONGRESS, DISTRICT 2.JARED W. HUFFMAN"
000011 ,1,1,003 040 041 069 070 152 153 224 233 234,USSEN,LORETTA_L_SANCHEZ,223,852,629,1,~  1F--1,US SENATOR,LORETTA L. SANCHEZ,222,853,1,-1,1,1,202,0.50%,1F--1.US SENATOR.LORETTA L. SANCHEZ
000012 ,1,2,033 214,PROP_62,YES,8,17,9,1,~  1F--7,PROPOSITION 62 DEATH PE,YES,7,17,1,0,1,0,3,33.33%,1F--7.PROPOSITION 62 DEATH PENALTY. INITIATIVE STATUTE..YES
000012 ,2,3,033 214,PROP_67,YES,7,17,10,1,~  1F--7,PROPOSITION 67 BAN ON S,YES,6,17,1,0,1,0,5,20.00%,1F--7.PROPOSITION 67 BAN ON SINGLE-USE PLASTIC BAGS. REFERENDUM..YES
000013 ,2,3,003 039 066 067 154 155 224 234,MEAS_L,BONDS_NO,345,677,332,3,~  1FS,MEASURE L FERNDALE UNIF,BONDS NO,344,680,1,-3,1,3,34,2.94%,1FS.MEASURE L FERNDALE UNIFIED SCHOOL DISTRICT BOND MEASURE..BONDS NO
000013 ,2,3,003 039 066 067 154 155 224 234,MEAS_S,NO,238,677,439,1,~  1FS,MEASURE S HUMBOLDT COUN,NO,237,680,1,-3,1,3,170,0.59%,1FS.MEASURE S HUMBOLDT COUNTY COMMERCIAL MARIJUANA CULTIVATION MEASURE..NO
000013 ,2,3,003 039 066 067 154 155 224 234,MEAS_V,NO,395,677,282,1,~  1FS,MEASURE V MOBILE HOME P,NO,394,680,1,-3,1,3,174,0.57%,1FS.MEASURE V MOBILE HOME PARK SPACE RENT STABILIZATION..NO
000013 ,1,1,003 039 065 066 154 155 224 229 234,PRES,GARY_JOHNSON,38,680,642,1,~  1FS,PRESIDENT AND VICE PRES,GARY JOHNSON      and,37,680,1,0,1,0,172,0.58%,1FS.PRESIDENT AND VICE PRESIDENT.GARY JOHNSON      and BILL WELD
000013 ,1,1,003 039 065 066 154 155 224 229 234,PROP_54,YES,375,680,305,3,~  1FS,PROPOSITION 54 LEGISLAT,YES,374,680,1,0,1,0,129,0.78%,1FS.PROPOSITION 54 LEGISLATURE. LEGISLATION AND PROCEEDINGS. INITIATIVE CONSTITUTIONAL AMENDMENT AND.YES
000013 ,1,2,003 039 065 066 154 155 224 229 234,PROP_56,NO,335,680,345,2,~  1FS,PROPOSITION 56 CIGARETT,NO,334,680,1,0,1,0,22,4.55%,"1FS.PROPOSITION 56 CIGARETTE TAX TO FUND HEALTHCARE, TOBACCO USE PREVENTION, RESEARCH, AND.NO"
000013 ,1,2,003 039 065 066 154 155 224 229 234,PROP_57,YES,295,680,385,3,~  1FS,PROPOSITION 57 CRIMINAL,YES,294,680,1,0,1,0,45,2.22%,1FS.PROPOSITION 57 CRIMINAL SENTENCES. PAROLE. JUVENILE CRIMINAL PROCEEDINGS AND SENTENCING. INITIATIVE.YES
000013 ,1,2,003 039 065 066 154 155 224 229 234,PROP_58,NO,206,680,474,1,~  1FS,PROPOSITION 58 ENGLISH ,NO,205,680,1,0,1,0,215,0.47%,1FS.PROPOSITION 58 ENGLISH PROFICIENCY. MULTILINGUAL EDUCATION. INITIATIVE STATUTE..NO
000013 ,1,2,003 039 065 066 154 155 224 229 234,PROP_58,YES,419,680,261,1,~  1FS,PROPOSITION 58 ENGLISH ,YES,420,680,-1,0,1,0,215,0.47%,1FS.PROPOSITION 58 ENGLISH PROFICIENCY. MULTILINGUAL EDUCATION. INITIATIVE STATUTE..YES
000013 ,1,2,003 039 065 066 154 155 224 229 234,PROP_61,YES,256,680,424,0,~  1FS,PROPOSITION 61 STATE PR,YES,257,680,-1,0,1,0,96,1.04%,1FS.PROPOSITION 61 STATE PRESCRIPTION DRUG PURCHASES. PRICING STANDARDS. INITIATIVE STATUTE..YES
000013 ,1,2,003 039 065 066 154 155 224 229 234,PROP_62,NO,449,680,231,2,~  1FS,PROPOSITION 62 DEATH PE,NO,448,680,1,0,1,0,261,0.38%,1FS.PROPOSITION 62 DEATH PENALTY. INITIATIVE STATUTE..NO
000013 ,2,3,003 039 066 067 154 155 224 234,PROP_64,NO,347,677,330,2,~  1FS,PROPOSITION 64 MARIJUAN,NO,346,680,1,-3,1,3,36,2.78%,1FS.PROPOSITION 64 MARIJUANA LEGALIZATION. INITIATIVE STATUTE..NO
000013 ,2,3,003 039 066 067 154 155 224 234,PROP_66,NO,304,677,373,2,~  1FS,PROPOSITION 66 DEATH PE,NO,303,680,1,-3,1,3,17,5.88%,1FS.PROPOSITION 66 DEATH PENALTY. PROCEDURES. INITIATIVE STATUTE..NO
000013 ,2,3,003 039 066 067 154 155 224 234,PROP_66,YES,287,677,390,2,~  1FS,PROPOSITION 66 DEATH PE,YES,286,680,1,-3,1,3,17,5.88%,1FS.PROPOSITION 66 DEATH PENALTY. PROCEDURES. INITIATIVE STATUTE..YES
000013 ,2,3,003 039 066 067 154 155 224 234,PROP_67,NO,378,677,299,3,~  1FS,PROPOSITION 67 BAN ON S,NO,377,680,1,-3,1,3,114,0.88%,1FS.PROPOSITION 67 BAN ON SINGLE-USE PLASTIC BAGS. REFERENDUM..NO
000013 ,1,1,003 039 065 066 154 155 224 229 234,USREP,DALE_K_MENSING,331,680,349,1,~  1FS,US REPRESENTATIVE IN CO,DALE K. MENSING,330,680,1,0,1,0,36,2.78%,"1FS.US REPRESENTATIVE IN CONGRESS, DISTRICT 2.DALE K. MENSING"
000013 ,1,1,003 039 065 066 154 155 224 229 234,USREP,JARED_W_HUFFMAN,293,680,387,1,~  1FS,US REPRESENTATIVE IN CO,JARED W. HUFFMAN,294,680,-1,0,1,0,36,2.78%,"1FS.US REPRESENTATIVE IN CONGRESS, DISTRICT 2.JARED W. HUFFMAN"
000014 ,2,3,033 039 213 223,MEAS_U,NO,81,137,56,2,~  1FS-1,MEASURE U LOCAL TRANSPO,NO,80,137,1,0,1,0,36,2.78%,1FS-1.MEASURE U LOCAL TRANSPORTATION AUTHORITY RETAIL TRANSACTIONS AND USE TAX..NO
000014 ,2,3,033 039 213 223,MEAS_U,YES,45,137,92,2,~  1FS-1,MEASURE U LOCAL TRANSPO,YES,44,137,1,0,1,0,36,2.78%,1FS-1.MEASURE U LOCAL TRANSPORTATION AUTHORITY RETAIL TRANSACTIONS AND USE TAX..YES
000014 ,1,1,033 039 213 223,PRES,GARY_JOHNSON,9,137,128,1,~  1FS-1,PRESIDENT AND VICE PRES,GARY JOHNSON      and,8,137,1,0,1,0,46,2.17%,1FS-1.PRESIDENT AND VICE PRESIDENT.GARY JOHNSON      and BILL WELD
000014 ,1,1,033 039 213 223,PROP_52,NO,53,137,84,1,~  1FS-1,PROPOSITION 52 MEDI-CAL,NO,52,137,1,0,1,0,24,4.17%,1FS-1.PROPOSITION 52 MEDI-CAL HOSPITAL FEE PROGRAM. INITIATIVE CONSTITUTIONAL AMENDMENT AND STATUTE..NO
000014 ,1,2,033 039 213 223,PROP_61,YES,56,137,81,1,~  1FS-1,PROPOSITION 61 STATE PR,YES,55,137,1,0,1,0,16,6.25%,1FS-1.PROPOSITION 61 STATE PRESCRIPTION DRUG PURCHASES. PRICING STANDARDS. INITIATIVE STATUTE..YES
000014 ,2,3,033 039 213 223,PROP_64,NO,80,137,57,2,~  1FS-1,PROPOSITION 64 MARIJUAN,NO,79,137,1,0,1,0,23,4.35%,1FS-1.PROPOSITION 64 MARIJUANA LEGALIZATION. INITIATIVE STATUTE..NO
000014 ,2,3,033 039 213 223,PROP_64,YES,57,137,80,2,~  1FS-1,PROPOSITION 64 MARIJUAN,YES,56,137,1,0,1,0,23,4.35%,1FS-1.PROPOSITION 64 MARIJUANA LEGALIZATION. INITIATIVE STATUTE..YES
000014 ,2,3,033 039 213 223,PROP_67,NO,82,137,55,1,~  1FS-1,PROPOSITION 67 BAN ON S,NO,81,137,1,0,1,0,30,3.33%,1FS-1.PROPOSITION 67 BAN ON SINGLE-USE PLASTIC BAGS. REFERENDUM..NO
000014 ,2,3,033 039 213 223,PROP_67,YES,52,137,85,1,~  1FS-1,PROPOSITION 67 BAN ON S,YES,51,137,1,0,1,0,30,3.33%,1FS-1.PROPOSITION 67 BAN ON SINGLE-USE PLASTIC BAGS. REFERENDUM..YES
000015 ,2,3,033 213 214 223,MEAS_V,YES,72,157,85,1,~  1FS-4,MEASURE V MOBILE HOME P,YES,71,157,1,0,1,0,6,16.67%,1FS-4.MEASURE V MOBILE HOME PARK SPACE RENT STABILIZATION..YES
000015 ,1,1,033 213 214 223,PRES,GLORIA_ESTELA_LA_RIVA,2,157,155,1,~  1FS-4,PRESIDENT AND VICE PRES,GLORIA ESTELA LA RIVA,1,157,1,0,1,0,33,3.03%,1FS-4.PRESIDENT AND VICE PRESIDENT.GLORIA ESTELA LA RIVA      and DENNIS J. BANKS
000015 ,1,1,033 213 214 223,PROP_52,NO,41,157,116,1,~  1FS-4,PROPOSITION 52 MEDI-CAL,NO,40,157,1,0,1,0,69,1.45%,1FS-4.PROPOSITION 52 MEDI-CAL HOSPITAL FEE PROGRAM. INITIATIVE CONSTITUTIONAL AMENDMENT AND STATUTE..NO
000016 ,1,2,033 214 223 229,PROP_56,YES,65,148,83,1,~  1FS-9,PROPOSITION 56 CIGARETT,YES,64,148,1,0,1,0,14,7.14%,"1FS-9.PROPOSITION 56 CIGARETTE TAX TO FUND HEALTHCARE, TOBACCO USE PREVENTION, RESEARCH, AND.YES"
000016 ,1,2,033 214 223 229,PROP_58,YES,89,148,59,1,~  1FS-9,PROPOSITION 58 ENGLISH ,YES,88,148,1,0,1,0,40,2.50%,1FS-9.PROPOSITION 58 ENGLISH PROFICIENCY. MULTILINGUAL EDUCATION. INITIATIVE STATUTE..YES
000016 ,1,2,033 214 223 229,PROP_61,YES,67,148,81,1,~  1FS-9,PROPOSITION 61 STATE PR,YES,66,148,1,0,1,0,4,25.00%,1FS-9.PROPOSITION 61 STATE PRESCRIPTION DRUG PURCHASES. PRICING STANDARDS. INITIATIVE STATUTE..YES
000016 ,1,2,033 214 223 229,PROP_62,NO,92,148,56,1,~  1FS-9,PROPOSITION 62 DEATH PE,NO,91,148,1,0,1,0,44,2.27%,1FS-9.PROPOSITION 62 DEATH PENALTY. INITIATIVE STATUTE..NO
000017 ,2,3,002 003 040 098 154 224 232 233,MEAS_Q,NO,311,609,298,0,~  1LU,MEASURE Q HUMBOLDT COUN,NO,310,609,1,0,1,0,81,1.23%,1LU.MEASURE Q HUMBOLDT COUNTY CREATION OF FINANCE DEPARTMENT MEASURE..NO
000017 ,2,3,002 003 040 098 154 224 232 233,MEAS_R,NO,295,609,314,1,~  1LU,MEASURE R HUMBOLDT COUN,NO,294,609,1,0,1,0,55,1.82%,1LU.MEASURE R HUMBOLDT COUNTY FINANCE DEPARTMENT ELECTIVE OFFICE MEASURE..NO
000017 ,2,3,002 003 040 098 154 224 232 233,MEAS_S,NO,223,609,386,0,~  1LU,MEASURE S HUMBOLDT COUN,NO,222,609,1,0,1,0,138,0.72%,1LU.MEASURE S HUMBOLDT COUNTY COMMERCIAL MARIJUANA CULTIVATION MEASURE..NO
000017 ,2,3,002 003 040 098 154 224 232 233,MEAS_U,NO,368,609,241,0,~  1LU,MEASURE U LOCAL TRANSPO,NO,367,609,1,0,1,0,163,0.61%,1LU.MEASURE U LOCAL TRANSPORTATION AUTHORITY RETAIL TRANSACTIONS AND USE TAX..NO
000017 ,2,3,002 003 040 098 154 224 232 233,MEAS_V,NO,287,609,322,0,~  1LU,MEASURE V MOBILE HOME P,NO,286,609,1,0,1,0,14,7.14%,1LU.MEASURE V MOBILE HOME PARK SPACE RENT STABILIZATION..NO
000017 ,1,1,002 003 040 097 098 154 224 232 233,PRES,DONALD_J_TRUMP,258,609,351,1,~  1LU,PRESIDENT AND VICE PRES,DONALD J. TRUMP      ,257,609,1,0,1,0,2,50.00%,1LU.PRESIDENT AND VICE PRESIDENT.DONALD J. TRUMP      and MICHAEL R. PENCE
000017 ,1,1,002 003 040 097 098 154 224 232 233,PROP_52,NO,244,609,365,1,~  1LU,PROPOSITION 52 MEDI-CAL,NO,243,609,1,0,1,0,99,1.01%,1LU.PROPOSITION 52 MEDI-CAL HOSPITAL FEE PROGRAM. INITIATIVE CONSTITUTIONAL AMENDMENT AND STATUTE..NO
000017 ,1,1,002 003 040 097 098 154 224 232 233,PROP_55,NO,266,609,343,1,~  1LU,PROPOSITION 55 TAX EXTE,NO,265,609,1,0,1,0,51,1.96%,1LU.PROPOSITION 55 TAX EXTENSION TO FUND EDUCATION AND HEALTHCARE. INITIATIVE CONSTITUTIONAL AMENDMENT..NO
000017 ,1,2,002 003 040 097 098 154 224 232 233,PROP_56,NO,291,609,318,1,~  1LU,PROPOSITION 56 CIGARETT,NO,290,609,1,0,1,0,11,9.09%,"1LU.PROPOSITION 56 CIGARETTE TAX TO FUND HEALTHCARE, TOBACCO USE PREVENTION, RESEARCH, AND.NO"
000017 ,1,2,002 003 040 097 098 154 224 232 233,PROP_56,YES,302,609,307,1,~  1LU,PROPOSITION 56 CIGARETT,YES,301,609,1,0,1,0,11,9.09%,"1LU.PROPOSITION 56 CIGARETTE TAX TO FUND HEALTHCARE, TOBACCO USE PREVENTION, RESEARCH, AND.YES"
000017 ,1,2,002 003 040 097 098 154 224 232 233,PROP_58,YES,414,609,195,1,~  1LU,PROPOSITION 58 ENGLISH ,YES,413,609,1,0,1,0,253,0.40%,1LU.PROPOSITION 58 ENGLISH PROFICIENCY. MULTILINGUAL EDUCATION. INITIATIVE STATUTE..YES
000017 ,1,2,002 003 040 097 098 154 224 232 233,PROP_59,NO,267,609,342,1,~  1LU,PROPOSITION 59 CORPORAT,NO,266,609,1,0,1,0,17,5.88%,1LU.PROPOSITION 59 CORPORATIONS. POLITICAL SPENDING. FEDERAL CONSTITUTIONAL PROTECTIONS..NO
000017 ,1,2,002 003 040 097 098 154 224 232 233,PROP_59,YES,282,609,327,1,~  1LU,PROPOSITION 59 CORPORAT,YES,283,609,-1,0,1,0,17,5.88%,1LU.PROPOSITION 59 CORPORATIONS. POLITICAL SPENDING. FEDERAL CONSTITUTIONAL PROTECTIONS..YES
000017 ,1,2,002 003 040 097 098 154 224 232 233,PROP_63,YES,236,609,373,1,~  1LU,PROPOSITION 63 FIREARMS,YES,235,609,1,0,1,0,119,0.84%,1LU.PROPOSITION 63 FIREARMS. AMMUNITION SALES. INITIATIVE STATUTE..YES
000017 ,2,3,002 003 040 098 154 224 232 233,PROP_65,NO,342,609,267,0,~  1LU,PROPOSITION 65 CARRYOUT,NO,341,609,1,0,1,0,102,0.98%,1LU.PROPOSITION 65 CARRYOUT BAGS. CHARGES. INITIATIVE STATUTE..NO
000017 ,2,3,002 003 040 098 154 224 232 233,PROP_67,NO,291,609,318,0,~  1LU,PROPOSITION 67 BAN ON S,NO,290,609,1,0,1,0,3,33.33%,1LU.PROPOSITION 67 BAN ON SINGLE-USE PLASTIC BAGS. REFERENDUM..NO
000018 ,2,3,033 214 215 223 229,MEAS_S,YES,61,156,95,1,~  1MU,MEASURE S HUMBOLDT COUN,YES,60,158,1,-2,1,2,29,3.45%,1MU.MEASURE S HUMBOLDT COUNTY COMMERCIAL MARIJUANA CULTIVATION MEASURE..YES
000018 ,1,1,033 214 215 223 229,PROP_55,NO,39,157,118,1,~  1MU,PROPOSITION 55 TAX EXTE,NO,38,158,1,-1,1,1,77,1.30%,1MU.PROPOSITION 55 TAX EXTENSION TO FUND EDUCATION AND HEALTHCARE. INITIATIVE CONSTITUTIONAL AMENDMENT..NO
000018 ,1,2,033 214 215 223 229,PROP_56,NO,68,156,88,0,~  1MU,PROPOSITION 56 CIGARETT,NO,69,158,-1,-2,1,2,15,6.67%,"1MU.PROPOSITION 56 CIGARETTE TAX TO FUND HEALTHCARE, TOBACCO USE PREVENTION, RESEARCH, AND.NO"
000018 ,1,2,033 214 215 223 229,PROP_57,YES,124,156,32,0,~  1MU,PROPOSITION 57 CRIMINAL,YES,125,158,-1,-2,1,2,102,0.98%,1MU.PROPOSITION 57 CRIMINAL SENTENCES. PAROLE. JUVENILE CRIMINAL PROCEEDINGS AND SENTENCING. INITIATIVE.YES
000018 ,1,2,033 214 215 223 229,PROP_58,YES,122,156,34,0,~  1MU,PROPOSITION 58 ENGLISH ,YES,123,158,-1,-2,1,2,103,0.97%,1MU.PROPOSITION 58 ENGLISH PROFICIENCY. MULTILINGUAL EDUCATION. INITIATIVE STATUTE..YES
000018 ,1,2,033 214 215 223 229,PROP_61,NO,37,156,119,1,~  1MU,PROPOSITION 61 STATE PR,NO,36,158,1,-2,1,2,72,1.39%,1MU.PROPOSITION 61 STATE PRESCRIPTION DRUG PURCHASES. PRICING STANDARDS. INITIATIVE STATUTE..NO
000018 ,1,2,033 214 215 223 229,PROP_61,YES,107,156,49,1,~  1MU,PROPOSITION 61 STATE PR,YES,108,158,-1,-2,1,2,72,1.39%,1MU.PROPOSITION 61 STATE PRESCRIPTION DRUG PURCHASES. PRICING STANDARDS. INITIATIVE STATUTE..YES
000018 ,1,2,033 214 215 223 229,PROP_62,NO,51,156,105,1,~  1MU,PROPOSITION 62 DEATH PE,NO,50,158,1,-2,1,2,51,1.96%,1MU.PROPOSITION 62 DEATH PENALTY. INITIATIVE STATUTE..NO
000018 ,1,2,033 214 215 223 229,PROP_62,YES,100,156,56,1,~  1MU,PROPOSITION 62 DEATH PE,YES,101,158,-1,-2,1,2,51,1.96%,1MU.PROPOSITION 62 DEATH PENALTY. INITIATIVE STATUTE..YES
000018 ,1,2,033 214 215 223 229,PROP_63,YES,65,156,91,0,~  1MU,PROPOSITION 63 FIREARMS,YES,66,158,-1,-2,1,2,21,4.76%,1MU.PROPOSITION 63 FIREARMS. AMMUNITION SALES. INITIATIVE STATUTE..YES
000018 ,2,3,033 214 215 223 229,PROP_65,NO,94,156,62,1,~  1MU,PROPOSITION 65 CARRYOUT,NO,93,158,1,-2,1,2,36,2.78%,1MU.PROPOSITION 65 CARRYOUT BAGS. CHARGES. INITIATIVE STATUTE..NO
000018 ,1,1,033 214 215 223 229,USSEN,KAMALA_D_HARRIS,88,157,69,1,~  1MU,US SENATOR,KAMALA D. HARRIS,87,158,1,-1,1,1,47,2.13%,1MU.US SENATOR.KAMALA D. HARRIS
000018 ,1,1,033 214 215 223 229,USSEN,LORETTA_L_SANCHEZ,41,157,116,1,~  1MU,US SENATOR,LORETTA L. SANCHEZ,40,158,1,-1,1,1,47,2.13%,1MU.US SENATOR.LORETTA L. SANCHEZ
000019 ,2,3,034 215 223,MEAS_Q,YES,54,147,93,1,~  1MUF,MEASURE Q HUMBOLDT COUN,YES,53,148,1,-1,1,1,17,5.88%,1MUF.MEASURE Q HUMBOLDT COUNTY CREATION OF FINANCE DEPARTMENT MEASURE..YES
000019 ,1,1,034 215 223 229,PRES,GLORIA_ESTELA_LA_RIVA,1,148,147,1,~  1MUF,PRESIDENT AND VICE PRES,GLORIA ESTELA LA RIVA,0,148,1,0,1,0,49,2.04%,1MUF.PRESIDENT AND VICE PRESIDENT.GLORIA ESTELA LA RIVA      and DENNIS J. BANKS
000019 ,1,1,034 215 223 229,PRES,JILL_STEIN,33,148,115,1,~  1MUF,PRESIDENT AND VICE PRES,JILL STEIN      and A,32,148,1,0,1,0,49,2.04%,1MUF.PRESIDENT AND VICE PRESIDENT.JILL STEIN      and AJAMU BARAKA
000019 ,1,1,034 215 223 229,PROP_51,NO,62,148,86,2,~  1MUF,PROPOSITION 51 SCHOOL B,NO,61,148,1,0,1,0,15,6.67%,1MUF.PROPOSITION 51 SCHOOL BONDS. FUNDING FOR K-12 SCHOOL AND COMMUNITY COLLEGE FACILITIES. INITIATIVE.NO
000019 ,1,1,034 215 223 229,PROP_51,YES,77,148,71,2,~  1MUF,PROPOSITION 51 SCHOOL B,YES,76,148,1,0,1,0,15,6.67%,1MUF.PROPOSITION 51 SCHOOL BONDS. FUNDING FOR K-12 SCHOOL AND COMMUNITY COLLEGE FACILITIES. INITIATIVE.YES
000019 ,1,1,034 215 223 229,PROP_53,YES,52,148,96,1,~  1MUF,PROPOSITION 53 REVENUE ,YES,51,148,1,0,1,0,31,3.23%,1MUF.PROPOSITION 53 REVENUE BONDS. STATEWIDE VOTER APPROVAL. INITIATIVE CONSTITUTIONAL AMENDMENT..YES
000019 ,1,1,034 215 223 229,PROP_55,NO,33,148,115,1,~  1MUF,PROPOSITION 55 TAX EXTE,NO,32,148,1,0,1,0,78,1.28%,1MUF.PROPOSITION 55 TAX EXTENSION TO FUND EDUCATION AND HEALTHCARE. INITIATIVE CONSTITUTIONAL AMENDMENT..NO
000019 ,2,3,034 215 223,PROP_65,YES,54,147,93,1,~  1MUF,PROPOSITION 65 CARRYOUT,YES,53,148,1,-1,1,1,37,2.70%,1MUF.PROPOSITION 65 CARRYOUT BAGS. CHARGES. INITIATIVE STATUTE..YES
000020 ,2,3,034 215 223,MEAS_Q,YES,38,104,66,1,~  1RV-2,MEASURE Q HUMBOLDT COUN,YES,37,105,1,-1,1,1,14,7.14%,1RV-2.MEASURE Q HUMBOLDT COUNTY CREATION OF FINANCE DEPARTMENT MEASURE..YES
000020 ,2,3,034 215 223,MEAS_R,NO,54,104,50,0,~  1RV-2,MEASURE R HUMBOLDT COUN,NO,55,105,-1,-1,1,1,21,4.76%,1RV-2.MEASURE R HUMBOLDT COUNTY FINANCE DEPARTMENT ELECTIVE OFFICE MEASURE..NO
000020 ,2,3,034 215 223,MEAS_R,YES,35,104,69,0,~  1RV-2,MEASURE R HUMBOLDT COUN,YES,34,105,1,-1,1,1,21,4.76%,1RV-2.MEASURE R HUMBOLDT COUNTY FINANCE DEPARTMENT ELECTIVE OFFICE MEASURE..YES
000020 ,2,3,034 215 223,MEAS_S,YES,64,104,40,3,~  1RV-2,MEASURE S HUMBOLDT COUN,YES,63,105,1,-1,1,1,26,3.85%,1RV-2.MEASURE S HUMBOLDT COUNTY COMMERCIAL MARIJUANA CULTIVATION MEASURE..YES
000020 ,2,3,034 215 223,MEAS_U,YES,30,104,74,1,~  1RV-2,MEASURE U LOCAL TRANSPO,YES,29,105,1,-1,1,1,42,2.38%,1RV-2.MEASURE U LOCAL TRANSPORTATION AUTHORITY RETAIL TRANSACTIONS AND USE TAX..YES
000020 ,2,3,034 215 223,MEAS_V,YES,38,104,66,1,~  1RV-2,MEASURE V MOBILE HOME P,YES,37,105,1,-1,1,1,23,4.35%,1RV-2.MEASURE V MOBILE HOME PARK SPACE RENT STABILIZATION..YES
000020 ,1,1,034 215 223,PRES,GARY_JOHNSON,3,105,102,1,~  1RV-2,PRESIDENT AND VICE PRES,GARY JOHNSON      and,2,105,1,0,1,0,10,10.00%,1RV-2.PRESIDENT AND VICE PRESIDENT.GARY JOHNSON      and BILL WELD
000020 ,1,1,034 215 223,PRES,GLORIA_ESTELA_LA_RIVA,2,105,103,1,~  1RV-2,PRESIDENT AND VICE PRES,GLORIA ESTELA LA RIVA,1,105,1,0,1,0,10,10.00%,1RV-2.PRESIDENT AND VICE PRESIDENT.GLORIA ESTELA LA RIVA      and DENNIS J. BANKS
000020 ,1,1,034 215 223,PRES,HILLARY_CLINTON,45,105,60,1,~  1RV-2,PRESIDENT AND VICE PRES,HILLARY CLINTON      ,44,105,1,0,1,0,10,10.00%,1RV-2.PRESIDENT AND VICE PRESIDENT.HILLARY CLINTON      and TIM KAINE
000020 ,1,1,034 215 223,PRES,JILL_STEIN,2,105,103,1,~  1RV-2,PRESIDENT AND VICE PRES,JILL STEIN      and A,1,105,1,0,1,0,10,10.00%,1RV-2.PRESIDENT AND VICE PRESIDENT.JILL STEIN      and AJAMU BARAKA
000020 ,1,1,034 215 223,PRES,Write_in,3,105,102,1,~  1RV-2,PRESIDENT AND VICE PRES,Write_in,2,105,1,0,1,0,10,10.00%,1RV-2.PRESIDENT AND VICE PRESIDENT.Write_in
000020 ,1,1,034 215 223,PROP_51,NO,63,105,42,1,~  1RV-2,PROPOSITION 51 SCHOOL B,NO,62,105,1,0,1,0,24,4.17%,1RV-2.PROPOSITION 51 SCHOOL BONDS. FUNDING FOR K-12 SCHOOL AND COMMUNITY COLLEGE FACILITIES. INITIATIVE.NO
000020 ,1,1,034 215 223,PROP_51,YES,39,105,66,1,~  1RV-2,PROPOSITION 51 SCHOOL B,YES,38,105,1,0,1,0,24,4.17%,1RV-2.PROPOSITION 51 SCHOOL BONDS. FUNDING FOR K-12 SCHOOL AND COMMUNITY COLLEGE FACILITIES. INITIATIVE.YES
000020 ,1,1,034 215 223,PROP_53,NO,50,105,55,1,~  1RV-2,PROPOSITION 53 REVENUE ,NO,49,105,1,0,1,0,0,--,1RV-2.PROPOSITION 53 REVENUE BONDS. STATEWIDE VOTER APPROVAL. INITIATIVE CONSTITUTIONAL AMENDMENT..NO
000020 ,1,1,034 215 223,PROP_53,YES,50,105,55,1,~  1RV-2,PROPOSITION 53 REVENUE ,YES,49,105,1,0,1,0,0,--,1RV-2.PROPOSITION 53 REVENUE BONDS. STATEWIDE VOTER APPROVAL. INITIATIVE CONSTITUTIONAL AMENDMENT..YES
000020 ,1,1,034 215 223,PROP_54,YES,71,105,34,2,~  1RV-2,PROPOSITION 54 LEGISLAT,YES,70,105,1,0,1,0,42,2.38%,1RV-2.PROPOSITION 54 LEGISLATURE. LEGISLATION AND PROCEEDINGS. INITIATIVE CONSTITUTIONAL AMENDMENT AND.YES
000020 ,1,1,034 215 223,PROP_55,NO,50,105,55,0,~  1RV-2,PROPOSITION 55 TAX EXTE,NO,49,105,1,0,1,0,1,100.00%,1RV-2.PROPOSITION 55 TAX EXTENSION TO FUND EDUCATION AND HEALTHCARE. INITIATIVE CONSTITUTIONAL AMENDMENT..NO
000020 ,1,2,034 215 223,PROP_56,NO,39,105,66,1,~  1RV-2,PROPOSITION 56 CIGARETT,NO,38,105,1,0,1,0,22,4.55%,"1RV-2.PROPOSITION 56 CIGARETTE TAX TO FUND HEALTHCARE, TOBACCO USE PREVENTION, RESEARCH, AND.NO"
000020 ,1,2,034 215 223,PROP_56,YES,61,105,44,1,~  1RV-2,PROPOSITION 56 CIGARETT,YES,60,105,1,0,1,0,22,4.55%,"1RV-2.PROPOSITION 56 CIGARETTE TAX TO FUND HEALTHCARE, TOBACCO USE PREVENTION, RESEARCH, AND.YES"
000020 ,1,2,034 215 223,PROP_57,NO,46,105,59,0,~  1RV-2,PROPOSITION 57 CRIMINAL,NO,45,105,1,0,1,0,6,16.67%,1RV-2.PROPOSITION 57 CRIMINAL SENTENCES. PAROLE. JUVENILE CRIMINAL PROCEEDINGS AND SENTENCING. INITIATIVE.NO
000020 ,1,2,034 215 223,PROP_59,NO,45,105,60,2,~  1RV-2,PROPOSITION 59 CORPORAT,NO,44,105,1,0,1,0,5,20.00%,1RV-2.PROPOSITION 59 CORPORATIONS. POLITICAL SPENDING. FEDERAL CONSTITUTIONAL PROTECTIONS..NO
000020 ,1,2,034 215 223,PROP_60,NO,57,105,48,1,~  1RV-2,PROPOSITION 60 ADULT FI,NO,56,105,1,0,1,0,18,5.56%,1RV-2.PROPOSITION 60 ADULT FILMS. CONDOMS. HEALTH REQUIREMENTS. INITIATIVE STATUTE..NO
000020 ,1,2,034 215 223,PROP_60,YES,39,105,66,1,~  1RV-2,PROPOSITION 60 ADULT FI,YES,38,105,1,0,1,0,18,5.56%,1RV-2.PROPOSITION 60 ADULT FILMS. CONDOMS. HEALTH REQUIREMENTS. INITIATIVE STATUTE..YES
000020 ,1,2,034 215 223,PROP_61,NO,53,105,52,1,~  1RV-2,PROPOSITION 61 STATE PR,NO,52,105,1,0,1,0,12,8.33%,1RV-2.PROPOSITION 61 STATE PRESCRIPTION DRUG PURCHASES. PRICING STANDARDS. INITIATIVE STATUTE..NO
000020 ,1,2,034 215 223,PROP_61,YES,41,105,64,1,~  1RV-2,PROPOSITION 61 STATE PR,YES,40,105,1,0,1,0,12,8.33%,1RV-2.PROPOSITION 61 STATE PRESCRIPTION DRUG PURCHASES. PRICING STANDARDS. INITIATIVE STATUTE..YES
000020 ,1,2,034 215 223,PROP_62,NO,63,105,42,0,~  1RV-2,PROPOSITION 62 DEATH PE,NO,62,105,1,0,1,0,29,3.45%,1RV-2.PROPOSITION 62 DEATH PENALTY. INITIATIVE STATUTE..NO
000020 ,1,2,034 215 223,PROP_63,YES,35,105,70,1,~  1RV-2,PROPOSITION 63 FIREARMS,YES,34,105,1,0,1,0,34,2.94%,1RV-2.PROPOSITION 63 FIREARMS. AMMUNITION SALES. INITIATIVE STATUTE..YES
000020 ,2,3,034 215 223,PROP_64,YES,44,104,60,1,~  1RV-2,PROPOSITION 64 MARIJUAN,YES,43,105,1,-1,1,1,16,6.25%,1RV-2.PROPOSITION 64 MARIJUANA LEGALIZATION. INITIATIVE STATUTE..YES
000020 ,2,3,034 215 223,PROP_65,NO,58,104,46,0,~  1RV-2,PROPOSITION 65 CARRYOUT,NO,59,105,-1,-1,1,1,18,5.56%,1RV-2.PROPOSITION 65 CARRYOUT BAGS. CHARGES. INITIATIVE STATUTE..NO
000020 ,2,3,034 215 223,PROP_66,NO,59,104,45,1,~  1RV-2,PROPOSITION 66 DEATH PE,NO,58,105,1,-1,1,1,23,4.35%,1RV-2.PROPOSITION 66 DEATH PENALTY. PROCEDURES. INITIATIVE STATUTE..NO
000020 ,2,3,034 215 223,PROP_67,NO,44,104,60,0,~  1RV-2,PROPOSITION 67 BAN ON S,NO,45,105,-1,-1,1,1,11,9.09%,1RV-2.PROPOSITION 67 BAN ON SINGLE-USE PLASTIC BAGS. REFERENDUM..NO
000020 ,1,1,034 215 223,STATEASS2,JIM_WOOD,55,105,50,1,~  1RV-2,"STATE ASSEMBLY, DISTRIC",JIM WOOD,54,105,1,0,1,0,20,5.00%,"1RV-2.STATE ASSEMBLY, DISTRICT 2.JIM WOOD"
000020 ,1,1,034 215 223,STATEASS2,KEN_ANTON,35,105,70,1,~  1RV-2,"STATE ASSEMBLY, DISTRIC",KEN ANTON,34,105,1,0,1,0,20,5.00%,"1RV-2.STATE ASSEMBLY, DISTRICT 2.KEN ANTON"
000020 ,1,1,034 215 223,USREP,JARED_W_HUFFMAN,56,105,49,1,~  1RV-2,US REPRESENTATIVE IN CO,JARED W. HUFFMAN,55,105,1,0,1,0,9,11.11%,"1RV-2.US REPRESENTATIVE IN CONGRESS, DISTRICT 2.JARED W. HUFFMAN"
000020 ,1,1,034 215 223,USSEN,KAMALA_D_HARRIS,55,105,50,1,~  1RV-2,US SENATOR,KAMALA D. HARRIS,54,105,1,0,1,0,31,3.23%,1RV-2.US SENATOR.KAMALA D. HARRIS
000020 ,1,1,034 215 223,USSEN,LORETTA_L_SANCHEZ,24,105,81,1,~  1RV-2,US SENATOR,LORETTA L. SANCHEZ,23,105,1,0,1,0,31,3.23%,1RV-2.US SENATOR.LORETTA L. SANCHEZ
000021 ,2,3,004 005 039 040 069 155 156 224 233 243,MEAS_Q,NO,501,1055,554,3,~  1SB-1,MEASURE Q HUMBOLDT COUN,NO,500,1059,1,-4,1,4,66,1.52%,1SB-1.MEASURE Q HUMBOLDT COUNTY CREATION OF FINANCE DEPARTMENT MEASURE..NO
000021 ,1,1,004 005 039 040 068 069 155 156 224 229 233 243,PRES,GARY_JOHNSON,30,1059,1029,1,~  1SB-1,PRESIDENT AND VICE PRES,GARY JOHNSON      and,29,1059,1,0,1,0,30,3.33%,1SB-1.PRESIDENT AND VICE PRESIDENT.GARY JOHNSON      and BILL WELD
000021 ,1,1,004 005 039 040 068 069 155 156 224 229 233 243,PRES,GLORIA_ESTELA_LA_RIVA,8,1059,1051,1,~  1SB-1,PRESIDENT AND VICE PRES,GLORIA ESTELA LA RIVA,7,1059,1,0,1,0,30,3.33%,1SB-1.PRESIDENT AND VICE PRESIDENT.GLORIA ESTELA LA RIVA      and DENNIS J. BANKS
000021 ,1,1,004 005 039 040 068 069 155 156 224 229 233 243,PRES,HILLARY_CLINTON,476,1059,583,1,~  1SB-1,PRESIDENT AND VICE PRES,HILLARY CLINTON      ,475,1059,1,0,1,0,30,3.33%,1SB-1.PRESIDENT AND VICE PRESIDENT.HILLARY CLINTON      and TIM KAINE
000021 ,1,1,004 005 039 040 068 069 155 156 224 229 233 243,PROP_51,NO,573,1059,486,0,~  1SB-1,PROPOSITION 51 SCHOOL B,NO,572,1059,1,0,1,0,137,0.73%,1SB-1.PROPOSITION 51 SCHOOL BONDS. FUNDING FOR K-12 SCHOOL AND COMMUNITY COLLEGE FACILITIES. INITIATIVE.NO
000021 ,1,1,004 005 039 040 068 069 155 156 224 229 233 243,PROP_53,NO,493,1059,566,2,~  1SB-1,PROPOSITION 53 REVENUE ,NO,492,1059,1,0,1,0,6,16.67%,1SB-1.PROPOSITION 53 REVENUE BONDS. STATEWIDE VOTER APPROVAL. INITIATIVE CONSTITUTIONAL AMENDMENT..NO
000021 ,1,1,004 005 039 040 068 069 155 156 224 229 233 243,PROP_54,NO,408,1059,651,2,~  1SB-1,PROPOSITION 54 LEGISLAT,NO,407,1059,1,0,1,0,173,0.58%,1SB-1.PROPOSITION 54 LEGISLATURE. LEGISLATION AND PROCEEDINGS. INITIATIVE CONSTITUTIONAL AMENDMENT AND.NO
000021 ,1,1,004 005 039 040 068 069 155 156 224 229 233 243,PROP_54,YES,581,1059,478,2,~  1SB-1,PROPOSITION 54 LEGISLAT,YES,580,1059,1,0,1,0,173,0.58%,1SB-1.PROPOSITION 54 LEGISLATURE. LEGISLATION AND PROCEEDINGS. INITIATIVE CONSTITUTIONAL AMENDMENT AND.YES
000021 ,1,2,004 005 039 040 068 069 155 156 224 229 233 243,PROP_56,NO,468,1059,591,7,~  1SB-1,PROPOSITION 56 CIGARETT,NO,467,1059,1,0,1,0,91,1.10%,"1SB-1.PROPOSITION 56 CIGARETTE TAX TO FUND HEALTHCARE, TOBACCO USE PREVENTION, RESEARCH, AND.NO"
000021 ,1,2,004 005 039 040 068 069 155 156 224 229 233 243,PROP_57,NO,425,1059,634,3,~  1SB-1,PROPOSITION 57 CRIMINAL,NO,424,1059,1,0,1,0,150,0.67%,1SB-1.PROPOSITION 57 CRIMINAL SENTENCES. PAROLE. JUVENILE CRIMINAL PROCEEDINGS AND SENTENCING. INITIATIVE.NO
000021 ,1,2,004 005 039 040 068 069 155 156 224 229 233 243,PROP_58,NO,270,1059,789,0,~  1SB-1,PROPOSITION 58 ENGLISH ,NO,269,1059,1,0,1,0,454,0.22%,1SB-1.PROPOSITION 58 ENGLISH PROFICIENCY. MULTILINGUAL EDUCATION. INITIATIVE STATUTE..NO
000021 ,1,2,004 005 039 040 068 069 155 156 224 229 233 243,PROP_59,NO,439,1059,620,1,~  1SB-1,PROPOSITION 59 CORPORAT,NO,438,1059,1,0,1,0,65,1.54%,1SB-1.PROPOSITION 59 CORPORATIONS. POLITICAL SPENDING. FEDERAL CONSTITUTIONAL PROTECTIONS..NO
000021 ,2,3,004 005 039 040 069 155 156 224 233 243,PROP_64,YES,570,1055,485,1,~  1SB-1,PROPOSITION 64 MARIJUAN,YES,569,1059,1,-4,1,4,108,0.93%,1SB-1.PROPOSITION 64 MARIJUANA LEGALIZATION. INITIATIVE STATUTE..YES
000021 ,2,3,004 005 039 040 069 155 156 224 233 243,PROP_65,NO,634,1055,421,2,~  1SB-1,PROPOSITION 65 CARRYOUT,NO,633,1059,1,-4,1,4,264,0.38%,1SB-1.PROPOSITION 65 CARRYOUT BAGS. CHARGES. INITIATIVE STATUTE..NO
000021 ,2,3,004 005 039 040 069 155 156 224 233 243,PROP_66,NO,513,1055,542,2,~  1SB-1,PROPOSITION 66 DEATH PE,NO,512,1059,1,-4,1,4,64,1.56%,1SB-1.PROPOSITION 66 DEATH PENALTY. PROCEDURES. INITIATIVE STATUTE..NO
000021 ,2,3,004 005 039 040 069 155 156 224 233 243,PROP_66,YES,449,1055,606,2,~  1SB-1,PROPOSITION 66 DEATH PE,YES,448,1059,1,-4,1,4,64,1.56%,1SB-1.PROPOSITION 66 DEATH PENALTY. PROCEDURES. INITIATIVE STATUTE..YES
000021 ,2,3,004 005 039 040 069 155 156 224 233 243,PROP_67,YES,506,1055,549,3,~  1SB-1,PROPOSITION 67 BAN ON S,YES,505,1059,1,-4,1,4,8,12.50%,1SB-1.PROPOSITION 67 BAN ON SINGLE-USE PLASTIC BAGS. REFERENDUM..YES
000022 ,2,3,003 004 043 067 156 157 224 233 243,MEAS_N,BONDS_YES,520,940,420,1,~  1SB-4,MEASURE N SOUTH BAY UNI,BONDS YES,519,944,1,-4,1,4,159,0.63%,1SB-4.MEASURE N SOUTH BAY UNION SCHOOL DISTRICT BOND MEASURE..BONDS YES
000022 ,2,3,003 004 043 067 156 157 224 233 243,MEAS_Q,NO,433,940,507,2,~  1SB-4,MEASURE Q HUMBOLDT COUN,NO,432,944,1,-4,1,4,34,2.94%,1SB-4.MEASURE Q HUMBOLDT COUNTY CREATION OF FINANCE DEPARTMENT MEASURE..NO
000022 ,2,3,003 004 043 067 156 157 224 233 243,MEAS_Q,YES,399,940,541,2,~  1SB-4,MEASURE Q HUMBOLDT COUN,YES,398,944,1,-4,1,4,34,2.94%,1SB-4.MEASURE Q HUMBOLDT COUNTY CREATION OF FINANCE DEPARTMENT MEASURE..YES
000022 ,2,3,003 004 043 067 156 157 224 233 243,MEAS_R,NO,442,940,498,2,~  1SB-4,MEASURE R HUMBOLDT COUN,NO,443,944,-1,-4,1,4,57,1.75%,1SB-4.MEASURE R HUMBOLDT COUNTY FINANCE DEPARTMENT ELECTIVE OFFICE MEASURE..NO
000022 ,2,3,003 004 043 067 156 157 224 233 243,MEAS_S,NO,330,940,610,3,~  1SB-4,MEASURE S HUMBOLDT COUN,NO,329,944,1,-4,1,4,230,0.43%,1SB-4.MEASURE S HUMBOLDT COUNTY COMMERCIAL MARIJUANA CULTIVATION MEASURE..NO
000022 ,2,3,003 004 043 067 156 157 224 233 243,MEAS_U,NO,510,940,430,2,~  1SB-4,MEASURE U LOCAL TRANSPO,NO,509,944,1,-4,1,4,148,0.68%,1SB-4.MEASURE U LOCAL TRANSPORTATION AUTHORITY RETAIL TRANSACTIONS AND USE TAX..NO
000022 ,2,3,003 004 043 067 156 157 224 233 243,MEAS_U,YES,362,940,578,2,~  1SB-4,MEASURE U LOCAL TRANSPO,YES,361,944,1,-4,1,4,148,0.68%,1SB-4.MEASURE U LOCAL TRANSPORTATION AUTHORITY RETAIL TRANSACTIONS AND USE TAX..YES
000022 ,2,3,003 004 043 067 156 157 224 233 243,MEAS_V,YES,481,940,459,1,~  1SB-4,MEASURE V MOBILE HOME P,YES,480,944,1,-4,1,4,83,1.20%,1SB-4.MEASURE V MOBILE HOME PARK SPACE RENT STABILIZATION..YES
000022 ,1,1,003 004 043 067 068 156 157 224 229 233 243,PROP_55,NO,304,944,640,1,~  1SB-4,PROPOSITION 55 TAX EXTE,NO,303,944,1,0,1,0,287,0.35%,1SB-4.PROPOSITION 55 TAX EXTENSION TO FUND EDUCATION AND HEALTHCARE. INITIATIVE CONSTITUTIONAL AMENDMENT..NO
000022 ,1,1,003 004 043 067 068 156 157 224 229 233 243,PROP_55,YES,591,944,353,1,~  1SB-4,PROPOSITION 55 TAX EXTE,YES,590,944,1,0,1,0,287,0.35%,1SB-4.PROPOSITION 55 TAX EXTENSION TO FUND EDUCATION AND HEALTHCARE. INITIATIVE CONSTITUTIONAL AMENDMENT..YES
000022 ,1,2,003 004 043 067 068 156 157 224 229 233 243,PROP_57,NO,332,944,612,3,~  1SB-4,PROPOSITION 57 CRIMINAL,NO,331,944,1,0,1,0,212,0.47%,1SB-4.PROPOSITION 57 CRIMINAL SENTENCES. PAROLE. JUVENILE CRIMINAL PROCEEDINGS AND SENTENCING. INITIATIVE.NO
000022 ,1,2,003 004 043 067 068 156 157 224 229 233 243,PROP_59,NO,393,944,551,2,~  1SB-4,PROPOSITION 59 CORPORAT,NO,392,944,1,0,1,0,51,1.96%,1SB-4.PROPOSITION 59 CORPORATIONS. POLITICAL SPENDING. FEDERAL CONSTITUTIONAL PROTECTIONS..NO
000022 ,2,3,003 004 043 067 156 157 224 233 243,PROP_64,NO,396,940,544,1,~  1SB-4,PROPOSITION 64 MARIJUAN,NO,397,944,-1,-4,1,4,121,0.83%,1SB-4.PROPOSITION 64 MARIJUANA LEGALIZATION. INITIATIVE STATUTE..NO
000022 ,2,3,003 004 043 067 156 157 224 233 243,PROP_64,YES,519,940,421,1,~  1SB-4,PROPOSITION 64 MARIJUAN,YES,518,944,1,-4,1,4,121,0.83%,1SB-4.PROPOSITION 64 MARIJUANA LEGALIZATION. INITIATIVE STATUTE..YES
000022 ,2,3,003 004 043 067 156 157 224 233 243,PROP_65,YES,341,940,599,3,~  1SB-4,PROPOSITION 65 CARRYOUT,YES,340,944,1,-4,1,4,205,0.49%,1SB-4.PROPOSITION 65 CARRYOUT BAGS. CHARGES. INITIATIVE STATUTE..YES
000022 ,2,3,003 004 043 067 156 157 224 233 243,PROP_66,NO,457,940,483,1,~  1SB-4,PROPOSITION 66 DEATH PE,NO,458,944,-1,-4,1,4,81,1.23%,1SB-4.PROPOSITION 66 DEATH PENALTY. PROCEDURES. INITIATIVE STATUTE..NO
000022 ,1,1,003 004 043 067 068 156 157 224 229 233 243,STATEASS2,JIM_WOOD,546,944,398,0,~  1SB-4,"STATE ASSEMBLY, DISTRIC",JIM WOOD,547,944,-1,0,1,0,280,0.36%,"1SB-4.STATE ASSEMBLY, DISTRICT 2.JIM WOOD"
000022 ,1,1,003 004 043 067 068 156 157 224 229 233 243,USREP,DALE_K_MENSING,289,944,655,1,~  1SB-4,US REPRESENTATIVE IN CO,DALE K. MENSING,288,944,1,0,1,0,304,0.33%,"1SB-4.US REPRESENTATIVE IN CONGRESS, DISTRICT 2.DALE K. MENSING"
000022 ,1,1,003 004 043 067 068 156 157 224 229 233 243,USSEN,KAMALA_D_HARRIS,461,944,483,2,~  1SB-4,US SENATOR,KAMALA D. HARRIS,460,944,1,0,1,0,191,0.52%,1SB-4.US SENATOR.KAMALA D. HARRIS
000023 ,2,3,005 042 043 067 072 159 160 224 233 243,MEAS_N,BONDS_YES,469,831,362,2,~  1SB10,MEASURE N SOUTH BAY UNI,BONDS YES,468,831,1,0,1,0,155,0.65%,1SB10.MEASURE N SOUTH BAY UNION SCHOOL DISTRICT BOND MEASURE..BONDS YES
000023 ,2,3,005 042 043 067 072 159 160 224 233 243,MEAS_R,YES,335,831,496,2,~  1SB10,MEASURE R HUMBOLDT COUN,YES,334,831,1,0,1,0,66,1.52%,1SB10.MEASURE R HUMBOLDT COUNTY FINANCE DEPARTMENT ELECTIVE OFFICE MEASURE..YES
000023 ,2,3,005 042 043 067 072 159 160 224 233 243,MEAS_V,YES,379,831,452,5,~  1SB10,MEASURE V MOBILE HOME P,YES,378,831,1,0,1,0,18,5.56%,1SB10.MEASURE V MOBILE HOME PARK SPACE RENT STABILIZATION..YES
000023 ,1,1,005 042 043 072 073 159 160 224 229 233 243,PRES,DONALD_J_TRUMP,327,832,505,0,~  1SB10,PRESIDENT AND VICE PRES,DONALD J. TRUMP      ,326,831,1,1,1,1,75,1.33%,1SB10.PRESIDENT AND VICE PRESIDENT.DONALD J. TRUMP      and MICHAEL R. PENCE
000023 ,1,1,005 042 043 072 073 159 160 224 229 233 243,PRES,Write_in,27,832,805,1,~  1SB10,PRESIDENT AND VICE PRES,Write_in,26,831,1,1,1,1,75,1.33%,1SB10.PRESIDENT AND VICE PRESIDENT.Write_in
000023 ,1,1,005 042 043 072 073 159 160 224 229 233 243,PROP_51,YES,343,832,489,1,~  1SB10,PROPOSITION 51 SCHOOL B,YES,344,831,-1,1,1,1,110,0.91%,1SB10.PROPOSITION 51 SCHOOL BONDS. FUNDING FOR K-12 SCHOOL AND COMMUNITY COLLEGE FACILITIES. INITIATIVE.YES
000023 ,1,1,005 042 043 072 073 159 160 224 229 233 243,PROP_52,YES,504,832,328,2,~  1SB10,PROPOSITION 52 MEDI-CAL,YES,503,831,1,1,1,1,224,0.45%,1SB10.PROPOSITION 52 MEDI-CAL HOSPITAL FEE PROGRAM. INITIATIVE CONSTITUTIONAL AMENDMENT AND STATUTE..YES
000023 ,1,1,005 042 043 072 073 159 160 224 229 233 243,PROP_54,YES,477,832,355,3,~  1SB10,PROPOSITION 54 LEGISLAT,YES,476,831,1,1,1,1,175,0.57%,1SB10.PROPOSITION 54 LEGISLATURE. LEGISLATION AND PROCEEDINGS. INITIATIVE CONSTITUTIONAL AMENDMENT AND.YES
000023 ,1,1,005 042 043 072 073 159 160 224 229 233 243,PROP_55,YES,514,832,318,4,~  1SB10,PROPOSITION 55 TAX EXTE,YES,513,831,1,1,1,1,234,0.43%,1SB10.PROPOSITION 55 TAX EXTENSION TO FUND EDUCATION AND HEALTHCARE. INITIATIVE CONSTITUTIONAL AMENDMENT..YES
000023 ,1,2,005 042 043 072 073 159 160 224 229 233 243,PROP_56,YES,422,832,410,3,~  1SB10,PROPOSITION 56 CIGARETT,YES,421,831,1,1,1,1,38,2.63%,"1SB10.PROPOSITION 56 CIGARETTE TAX TO FUND HEALTHCARE, TOBACCO USE PREVENTION, RESEARCH, AND.YES"
000023 ,1,2,005 042 043 072 073 159 160 224 229 233 243,PROP_57,YES,511,832,321,3,~  1SB10,PROPOSITION 57 CRIMINAL,YES,510,831,1,1,1,1,225,0.44%,1SB10.PROPOSITION 57 CRIMINAL SENTENCES. PAROLE. JUVENILE CRIMINAL PROCEEDINGS AND SENTENCING. INITIATIVE.YES
000023 ,1,2,005 042 043 072 073 159 160 224 229 233 243,PROP_59,YES,429,832,403,3,~  1SB10,PROPOSITION 59 CORPORAT,YES,428,831,1,1,1,1,106,0.94%,1SB10.PROPOSITION 59 CORPORATIONS. POLITICAL SPENDING. FEDERAL CONSTITUTIONAL PROTECTIONS..YES
000023 ,1,2,005 042 043 072 073 159 160 224 229 233 243,PROP_60,NO,481,832,351,1,~  1SB10,PROPOSITION 60 ADULT FI,NO,480,831,1,1,1,1,193,0.52%,1SB10.PROPOSITION 60 ADULT FILMS. CONDOMS. HEALTH REQUIREMENTS. INITIATIVE STATUTE..NO
000023 ,1,2,005 042 043 072 073 159 160 224 229 233 243,PROP_60,YES,288,832,544,1,~  1SB10,PROPOSITION 60 ADULT FI,YES,287,831,1,1,1,1,193,0.52%,1SB10.PROPOSITION 60 ADULT FILMS. CONDOMS. HEALTH REQUIREMENTS. INITIATIVE STATUTE..YES
000023 ,2,3,005 042 043 067 072 159 160 224 233 243,PROP_64,NO,362,831,469,2,~  1SB10,PROPOSITION 64 MARIJUAN,NO,361,831,1,0,1,0,96,1.04%,1SB10.PROPOSITION 64 MARIJUANA LEGALIZATION. INITIATIVE STATUTE..NO
000023 ,2,3,005 042 043 067 072 159 160 224 233 243,PROP_64,YES,458,831,373,2,~  1SB10,PROPOSITION 64 MARIJUAN,YES,457,831,1,0,1,0,96,1.04%,1SB10.PROPOSITION 64 MARIJUANA LEGALIZATION. INITIATIVE STATUTE..YES
000023 ,2,3,005 042 043 067 072 159 160 224 233 243,PROP_65,NO,493,831,338,3,~  1SB10,PROPOSITION 65 CARRYOUT,NO,492,831,1,0,1,0,194,0.52%,1SB10.PROPOSITION 65 CARRYOUT BAGS. CHARGES. INITIATIVE STATUTE..NO
000023 ,2,3,005 042 043 067 072 159 160 224 233 243,PROP_66,NO,388,831,443,1,~  1SB10,PROPOSITION 66 DEATH PE,NO,387,831,1,0,1,0,28,3.57%,1SB10.PROPOSITION 66 DEATH PENALTY. PROCEDURES. INITIATIVE STATUTE..NO
000023 ,2,3,005 042 043 067 072 159 160 224 233 243,PROP_66,YES,360,831,471,1,~  1SB10,PROPOSITION 66 DEATH PE,YES,359,831,1,0,1,0,28,3.57%,1SB10.PROPOSITION 66 DEATH PENALTY. PROCEDURES. INITIATIVE STATUTE..YES
000023 ,1,1,005 042 043 072 073 159 160 224 229 233 243,STATEASS2,JIM_WOOD,451,832,381,2,~  1SB10,"STATE ASSEMBLY, DISTRIC",JIM WOOD,450,831,1,1,1,1,180,0.56%,"1SB10.STATE ASSEMBLY, DISTRICT 2.JIM WOOD"
000023 ,1,1,005 042 043 072 073 159 160 224 229 233 243,USSEN,KAMALA_D_HARRIS,439,832,393,0,~  1SB10,US SENATOR,KAMALA D. HARRIS,438,831,1,1,1,1,218,0.46%,1SB10.US SENATOR.KAMALA D. HARRIS
000024 ,2,3,034 215 216 223,MEAS_N,BONDS_YES,76,175,99,1,~  1SB12,MEASURE N SOUTH BAY UNI,BONDS YES,75,175,1,0,1,0,11,9.09%,1SB12.MEASURE N SOUTH BAY UNION SCHOOL DISTRICT BOND MEASURE..BONDS YES
000024 ,1,1,034 215 216 223,PRES,HILLARY_CLINTON,71,175,104,1,~  1SB12,PRESIDENT AND VICE PRES,HILLARY CLINTON      ,70,175,1,0,1,0,0,--,1SB12.PRESIDENT AND VICE PRESIDENT.HILLARY CLINTON      and TIM KAINE
000024 ,1,1,034 215 216 223,PRES,Write_in,7,175,168,1,~  1SB12,PRESIDENT AND VICE PRES,Write_in,6,175,1,0,1,0,0,--,1SB12.PRESIDENT AND VICE PRESIDENT.Write_in
000024 ,1,1,034 215 216 223,PROP_51,NO,104,175,71,0,~  1SB12,PROPOSITION 51 SCHOOL B,NO,105,175,-1,0,1,0,45,2.22%,1SB12.PROPOSITION 51 SCHOOL BONDS. FUNDING FOR K-12 SCHOOL AND COMMUNITY COLLEGE FACILITIES. INITIATIVE.NO
000024 ,1,1,034 215 216 223,PROP_51,YES,61,175,114,0,~  1SB12,PROPOSITION 51 SCHOOL B,YES,60,175,1,0,1,0,45,2.22%,1SB12.PROPOSITION 51 SCHOOL BONDS. FUNDING FOR K-12 SCHOOL AND COMMUNITY COLLEGE FACILITIES. INITIATIVE.YES
000024 ,1,1,034 215 216 223,PROP_54,NO,59,175,116,1,~  1SB12,PROPOSITION 54 LEGISLAT,NO,60,175,-1,0,1,0,47,2.13%,1SB12.PROPOSITION 54 LEGISLATURE. LEGISLATION AND PROCEEDINGS. INITIATIVE CONSTITUTIONAL AMENDMENT AND.NO
000024 ,1,1,034 215 216 223,PROP_55,YES,94,175,81,1,~  1SB12,PROPOSITION 55 TAX EXTE,YES,93,175,1,0,1,0,20,5.00%,1SB12.PROPOSITION 55 TAX EXTENSION TO FUND EDUCATION AND HEALTHCARE. INITIATIVE CONSTITUTIONAL AMENDMENT..YES
000024 ,1,2,034 215 216 223,PROP_62,YES,65,175,110,1,~  1SB12,PROPOSITION 62 DEATH PE,YES,64,175,1,0,1,0,38,2.63%,1SB12.PROPOSITION 62 DEATH PENALTY. INITIATIVE STATUTE..YES
000024 ,1,1,034 215 216 223,STATEASS2,JIM_WOOD,81,175,94,1,~  1SB12,"STATE ASSEMBLY, DISTRIC",JIM WOOD,80,175,1,0,1,0,16,6.25%,"1SB12.STATE ASSEMBLY, DISTRICT 2.JIM WOOD"
000024 ,1,1,034 215 216 223,USREP,DALE_K_MENSING,67,175,108,2,~  1SB12,US REPRESENTATIVE IN CO,DALE K. MENSING,66,175,1,0,1,0,33,3.03%,"1SB12.US REPRESENTATIVE IN CONGRESS, DISTRICT 2.DALE K. MENSING"
000024 ,1,1,034 215 216 223,USREP,JARED_W_HUFFMAN,100,175,75,2,~  1SB12,US REPRESENTATIVE IN CO,JARED W. HUFFMAN,99,175,1,0,1,0,33,3.03%,"1SB12.US REPRESENTATIVE IN CONGRESS, DISTRICT 2.JARED W. HUFFMAN"
000024 ,1,1,034 215 216 223,USSEN,KAMALA_D_HARRIS,77,175,98,2,~  1SB12,US SENATOR,KAMALA D. HARRIS,76,175,1,0,1,0,27,3.70%,1SB12.US SENATOR.KAMALA D. HARRIS
000025 ,2,3,005 042 071 161 224 233 243,MEAS_S,NO,166,392,226,1,~  1SU,MEASURE S HUMBOLDT COUN,NO,165,392,1,0,1,0,35,2.86%,1SU.MEASURE S HUMBOLDT COUNTY COMMERCIAL MARIJUANA CULTIVATION MEASURE..NO
000025 ,1,1,005 042 071 072 161 224 233 243,PRES,GLORIA_ESTELA_LA_RIVA,4,392,388,1,~  1SU,PRESIDENT AND VICE PRES,GLORIA ESTELA LA RIVA,3,392,1,0,1,0,92,1.09%,1SU.PRESIDENT AND VICE PRESIDENT.GLORIA ESTELA LA RIVA      and DENNIS J. BANKS
000025 ,1,1,005 042 071 072 161 224 233 243,PROP_53,NO,180,392,212,0,~  1SU,PROPOSITION 53 REVENUE ,NO,181,392,-1,0,1,0,1,100.00%,1SU.PROPOSITION 53 REVENUE BONDS. STATEWIDE VOTER APPROVAL. INITIATIVE CONSTITUTIONAL AMENDMENT..NO
000025 ,1,1,005 042 071 072 161 224 233 243,PROP_54,NO,161,392,231,1,~  1SU,PROPOSITION 54 LEGISLAT,NO,160,392,1,0,1,0,43,2.33%,1SU.PROPOSITION 54 LEGISLATURE. LEGISLATION AND PROCEEDINGS. INITIATIVE CONSTITUTIONAL AMENDMENT AND.NO
000025 ,1,1,005 042 071 072 161 224 233 243,PROP_55,YES,216,392,176,1,~  1SU,PROPOSITION 55 TAX EXTE,YES,215,392,1,0,1,0,57,1.75%,1SU.PROPOSITION 55 TAX EXTENSION TO FUND EDUCATION AND HEALTHCARE. INITIATIVE CONSTITUTIONAL AMENDMENT..YES
000025 ,1,2,005 042 071 072 161 224 233 243,PROP_57,YES,196,392,196,0,~  1SU,PROPOSITION 57 CRIMINAL,YES,195,392,1,0,1,0,24,4.17%,1SU.PROPOSITION 57 CRIMINAL SENTENCES. PAROLE. JUVENILE CRIMINAL PROCEEDINGS AND SENTENCING. INITIATIVE.YES
000025 ,1,2,005 042 071 072 161 224 233 243,PROP_60,YES,142,392,250,1,~  1SU,PROPOSITION 60 ADULT FI,YES,141,392,1,0,1,0,80,1.25%,1SU.PROPOSITION 60 ADULT FILMS. CONDOMS. HEALTH REQUIREMENTS. INITIATIVE STATUTE..YES
000025 ,1,2,005 042 071 072 161 224 233 243,PROP_61,NO,203,392,189,1,~  1SU,PROPOSITION 61 STATE PR,NO,202,392,1,0,1,0,40,2.50%,1SU.PROPOSITION 61 STATE PRESCRIPTION DRUG PURCHASES. PRICING STANDARDS. INITIATIVE STATUTE..NO
000025 ,1,2,005 042 071 072 161 224 233 243,PROP_62,NO,245,392,147,0,~  1SU,PROPOSITION 62 DEATH PE,NO,244,392,1,0,1,0,127,0.79%,1SU.PROPOSITION 62 DEATH PENALTY. INITIATIVE STATUTE..NO
000025 ,1,2,005 042 071 072 161 224 233 243,PROP_62,YES,116,392,276,0,~  1SU,PROPOSITION 62 DEATH PE,YES,117,392,-1,0,1,0,127,0.79%,1SU.PROPOSITION 62 DEATH PENALTY. INITIATIVE STATUTE..YES
000025 ,1,2,005 042 071 072 161 224 233 243,PROP_63,NO,269,392,123,2,~  1SU,PROPOSITION 63 FIREARMS,NO,268,392,1,0,1,0,161,0.62%,1SU.PROPOSITION 63 FIREARMS. AMMUNITION SALES. INITIATIVE STATUTE..NO
000025 ,1,2,005 042 071 072 161 224 233 243,PROP_63,YES,108,392,284,2,~  1SU,PROPOSITION 63 FIREARMS,YES,107,392,1,0,1,0,161,0.62%,1SU.PROPOSITION 63 FIREARMS. AMMUNITION SALES. INITIATIVE STATUTE..YES
000025 ,2,3,005 042 071 161 224 233 243,PROP_64,YES,184,392,208,1,~  1SU,PROPOSITION 64 MARIJUAN,YES,183,392,1,0,1,0,20,5.00%,1SU.PROPOSITION 64 MARIJUANA LEGALIZATION. INITIATIVE STATUTE..YES
000025 ,2,3,005 042 071 161 224 233 243,PROP_65,NO,237,392,155,0,~  1SU,PROPOSITION 65 CARRYOUT,NO,238,392,-1,0,1,0,109,0.92%,1SU.PROPOSITION 65 CARRYOUT BAGS. CHARGES. INITIATIVE STATUTE..NO
000025 ,2,3,005 042 071 161 224 233 243,PROP_65,YES,128,392,264,0,~  1SU,PROPOSITION 65 CARRYOUT,YES,129,392,-1,0,1,0,109,0.92%,1SU.PROPOSITION 65 CARRYOUT BAGS. CHARGES. INITIATIVE STATUTE..YES
000025 ,2,3,005 042 071 161 224 233 243,PROP_66,NO,185,392,207,0,~  1SU,PROPOSITION 66 DEATH PE,NO,186,392,-1,0,1,0,28,3.57%,1SU.PROPOSITION 66 DEATH PENALTY. PROCEDURES. INITIATIVE STATUTE..NO
000025 ,1,1,005 042 071 072 161 224 233 243,STATEASS2,JIM_WOOD,175,392,217,1,~  1SU,"STATE ASSEMBLY, DISTRIC",JIM WOOD,174,392,1,0,1,0,22,4.55%,"1SU.STATE ASSEMBLY, DISTRICT 2.JIM WOOD"
000025 ,1,1,005 042 071 072 161 224 233 243,USSEN,KAMALA_D_HARRIS,175,392,217,2,~  1SU,US SENATOR,KAMALA D. HARRIS,174,392,1,0,1,0,65,1.54%,1SU.US SENATOR.KAMALA D. HARRIS
000026 ,2,3,005 051 078 079 160 161 224 234,MEAS_S,NO,125,246,121,1,~  2BV-1,MEASURE S HUMBOLDT COUN,NO,124,246,1,0,1,0,8,12.50%,2BV-1.MEASURE S HUMBOLDT COUNTY COMMERCIAL MARIJUANA CULTIVATION MEASURE..NO
000026 ,2,3,005 051 078 079 160 161 224 234,MEAS_U,YES,91,246,155,1,~  2BV-1,MEASURE U LOCAL TRANSPO,YES,90,246,1,0,1,0,50,2.00%,2BV-1.MEASURE U LOCAL TRANSPORTATION AUTHORITY RETAIL TRANSACTIONS AND USE TAX..YES
000026 ,1,1,005 051 078 079 160 161 224 234,PRES,HILLARY_CLINTON,99,246,147,1,~  2BV-1,PRESIDENT AND VICE PRES,HILLARY CLINTON      ,98,246,1,0,1,0,3,33.33%,2BV-1.PRESIDENT AND VICE PRESIDENT.HILLARY CLINTON      and TIM KAINE
000026 ,1,1,005 051 078 079 160 161 224 234,PROP_51,NO,134,246,112,1,~  2BV-1,PROPOSITION 51 SCHOOL B,NO,133,246,1,0,1,0,32,3.12%,2BV-1.PROPOSITION 51 SCHOOL BONDS. FUNDING FOR K-12 SCHOOL AND COMMUNITY COLLEGE FACILITIES. INITIATIVE.NO
000026 ,1,1,005 051 078 079 160 161 224 234,PROP_52,NO,98,246,148,1,~  2BV-1,PROPOSITION 52 MEDI-CAL,NO,97,246,1,0,1,0,38,2.63%,2BV-1.PROPOSITION 52 MEDI-CAL HOSPITAL FEE PROGRAM. INITIATIVE CONSTITUTIONAL AMENDMENT AND STATUTE..NO
000026 ,1,1,005 051 078 079 160 161 224 234,PROP_55,NO,88,246,158,1,~  2BV-1,PROPOSITION 55 TAX EXTE,NO,87,246,1,0,1,0,64,1.56%,2BV-1.PROPOSITION 55 TAX EXTENSION TO FUND EDUCATION AND HEALTHCARE. INITIATIVE CONSTITUTIONAL AMENDMENT..NO
000026 ,1,1,005 051 078 079 160 161 224 234,PROP_55,YES,150,246,96,1,~  2BV-1,PROPOSITION 55 TAX EXTE,YES,151,246,-1,0,1,0,64,1.56%,2BV-1.PROPOSITION 55 TAX EXTENSION TO FUND EDUCATION AND HEALTHCARE. INITIATIVE CONSTITUTIONAL AMENDMENT..YES
000026 ,1,2,005 051 078 079 160 161 224 234,PROP_56,YES,115,246,131,1,~  2BV-1,PROPOSITION 56 CIGARETT,YES,114,246,1,0,1,0,11,9.09%,"2BV-1.PROPOSITION 56 CIGARETTE TAX TO FUND HEALTHCARE, TOBACCO USE PREVENTION, RESEARCH, AND.YES"
000026 ,1,2,005 051 078 079 160 161 224 234,PROP_61,NO,122,246,124,1,~  2BV-1,PROPOSITION 61 STATE PR,NO,121,246,1,0,1,0,14,7.14%,2BV-1.PROPOSITION 61 STATE PRESCRIPTION DRUG PURCHASES. PRICING STANDARDS. INITIATIVE STATUTE..NO
000026 ,2,3,005 051 078 079 160 161 224 234,PROP_66,YES,92,246,154,1,~  2BV-1,PROPOSITION 66 DEATH PE,YES,91,246,1,0,1,0,46,2.17%,2BV-1.PROPOSITION 66 DEATH PENALTY. PROCEDURES. INITIATIVE STATUTE..YES
000026 ,1,1,005 051 078 079 160 161 224 234,USREP,DALE_K_MENSING,87,246,159,0,~  2BV-1,US REPRESENTATIVE IN CO,DALE K. MENSING,86,246,1,0,1,0,57,1.75%,"2BV-1.US REPRESENTATIVE IN CONGRESS, DISTRICT 2.DALE K. MENSING"
000027 ,2,3,005 051 052 077 160 224 234,MEAS_R,NO,194,387,193,1,~  2CU,MEASURE R HUMBOLDT COUN,NO,193,387,1,0,1,0,52,1.92%,2CU.MEASURE R HUMBOLDT COUNTY FINANCE DEPARTMENT ELECTIVE OFFICE MEASURE..NO
000027 ,1,1,005 051 052 077 160 224 234,PRES,DONALD_J_TRUMP,207,387,180,1,~  2CU,PRESIDENT AND VICE PRES,DONALD J. TRUMP      ,206,387,1,0,1,0,63,1.59%,2CU.PRESIDENT AND VICE PRESIDENT.DONALD J. TRUMP      and MICHAEL R. PENCE
000027 ,1,1,005 051 052 077 160 224 234,PRES,GARY_JOHNSON,11,387,376,1,~  2CU,PRESIDENT AND VICE PRES,GARY JOHNSON      and,10,387,1,0,1,0,63,1.59%,2CU.PRESIDENT AND VICE PRESIDENT.GARY JOHNSON      and BILL WELD
000027 ,1,1,005 051 052 077 160 224 234,PRES,HILLARY_CLINTON,144,387,243,1,~  2CU,PRESIDENT AND VICE PRES,HILLARY CLINTON      ,143,387,1,0,1,0,63,1.59%,2CU.PRESIDENT AND VICE PRESIDENT.HILLARY CLINTON      and TIM KAINE
000027 ,1,1,005 051 052 077 160 224 234,PROP_51,YES,127,387,260,1,~  2CU,PROPOSITION 51 SCHOOL B,YES,126,387,1,0,1,0,114,0.88%,2CU.PROPOSITION 51 SCHOOL BONDS. FUNDING FOR K-12 SCHOOL AND COMMUNITY COLLEGE FACILITIES. INITIATIVE.YES
000027 ,1,1,005 051 052 077 160 224 234,PROP_53,YES,187,387,200,1,~  2CU,PROPOSITION 53 REVENUE ,YES,186,387,1,0,1,0,10,10.00%,2CU.PROPOSITION 53 REVENUE BONDS. STATEWIDE VOTER APPROVAL. INITIATIVE CONSTITUTIONAL AMENDMENT..YES
000027 ,1,2,005 051 052 077 160 224 234,PROP_56,YES,183,387,204,1,~  2CU,PROPOSITION 56 CIGARETT,YES,182,387,1,0,1,0,6,16.67%,"2CU.PROPOSITION 56 CIGARETTE TAX TO FUND HEALTHCARE, TOBACCO USE PREVENTION, RESEARCH, AND.YES"
000027 ,1,2,005 051 052 077 160 224 234,PROP_62,NO,241,387,146,2,~  2CU,PROPOSITION 62 DEATH PE,NO,240,387,1,0,1,0,122,0.82%,2CU.PROPOSITION 62 DEATH PENALTY. INITIATIVE STATUTE..NO
000027 ,2,3,005 051 052 077 160 224 234,PROP_64,YES,167,387,220,1,~  2CU,PROPOSITION 64 MARIJUAN,YES,166,387,1,0,1,0,49,2.04%,2CU.PROPOSITION 64 MARIJUANA LEGALIZATION. INITIATIVE STATUTE..YES
000027 ,1,1,005 051 052 077 160 224 234,STATEASS2,JIM_WOOD,199,387,188,1,~  2CU,"STATE ASSEMBLY, DISTRIC",JIM WOOD,198,387,1,0,1,0,76,1.32%,"2CU.STATE ASSEMBLY, DISTRICT 2.JIM WOOD"
000028 ,1,1,005 006 046 047 048 053 073 158 159 224 229 234,FORT_CC,DEAN_J_GLASER,449,797,348,0,~  2F--2,FORTUNA CITY COUNCILMEM,DEAN J. GLASER,450,798,-1,-1,1,1,33,3.03%,2F--2.FORTUNA CITY COUNCILMEMBER.DEAN J. GLASER
000028 ,2,3,005 006 046 047 048 053 073 074 158 159 224 234 243,MEAS_Q,NO,379,794,415,2,~  2F--2,MEASURE Q HUMBOLDT COUN,NO,378,798,1,-4,1,4,76,1.32%,2F--2.MEASURE Q HUMBOLDT COUNTY CREATION OF FINANCE DEPARTMENT MEASURE..NO
000028 ,2,3,005 006 046 047 048 053 073 074 158 159 224 234 243,MEAS_Q,YES,303,794,491,2,~  2F--2,MEASURE Q HUMBOLDT COUN,YES,302,798,1,-4,1,4,76,1.32%,2F--2.MEASURE Q HUMBOLDT COUNTY CREATION OF FINANCE DEPARTMENT MEASURE..YES
000028 ,2,3,005 006 046 047 048 053 073 074 158 159 224 234 243,MEAS_R,YES,299,794,495,4,~  2F--2,MEASURE R HUMBOLDT COUN,YES,298,798,1,-4,1,4,89,1.12%,2F--2.MEASURE R HUMBOLDT COUNTY FINANCE DEPARTMENT ELECTIVE OFFICE MEASURE..YES
000028 ,2,3,005 006 046 047 048 053 073 074 158 159 224 234 243,MEAS_V,NO,359,794,435,3,~  2F--2,MEASURE V MOBILE HOME P,NO,360,798,-1,-4,1,4,19,5.26%,2F--2.MEASURE V MOBILE HOME PARK SPACE RENT STABILIZATION..NO
000028 ,1,1,005 006 046 047 048 053 073 158 159 224 229 234,PRES,HILLARY_CLINTON,341,797,456,0,~  2F--2,PRESIDENT AND VICE PRES,HILLARY CLINTON      ,340,798,1,-1,1,1,7,14.29%,2F--2.PRESIDENT AND VICE PRESIDENT.HILLARY CLINTON      and TIM KAINE
000028 ,1,1,005 006 046 047 048 053 073 158 159 224 229 234,PROP_53,YES,341,797,456,4,~  2F--2,PROPOSITION 53 REVENUE ,YES,340,798,1,-1,1,1,39,2.56%,2F--2.PROPOSITION 53 REVENUE BONDS. STATEWIDE VOTER APPROVAL. INITIATIVE CONSTITUTIONAL AMENDMENT..YES
000028 ,1,1,005 006 046 047 048 053 073 158 159 224 229 234,PROP_54,YES,406,797,391,3,~  2F--2,PROPOSITION 54 LEGISLAT,YES,407,798,-1,-1,1,1,77,1.30%,2F--2.PROPOSITION 54 LEGISLATURE. LEGISLATION AND PROCEEDINGS. INITIATIVE CONSTITUTIONAL AMENDMENT AND.YES
000028 ,1,2,005 006 046 047 048 053 073 158 159 224 229 234,PROP_57,YES,436,798,362,0,~  2F--2,PROPOSITION 57 CRIMINAL,YES,437,798,-1,0,1,0,137,0.73%,2F--2.PROPOSITION 57 CRIMINAL SENTENCES. PAROLE. JUVENILE CRIMINAL PROCEEDINGS AND SENTENCING. INITIATIVE.YES
000028 ,1,2,005 006 046 047 048 053 073 158 159 224 229 234,PROP_58,NO,192,798,606,1,~  2F--2,PROPOSITION 58 ENGLISH ,NO,191,798,1,0,1,0,363,0.28%,2F--2.PROPOSITION 58 ENGLISH PROFICIENCY. MULTILINGUAL EDUCATION. INITIATIVE STATUTE..NO
000028 ,1,2,005 006 046 047 048 053 073 158 159 224 229 234,PROP_61,YES,343,798,455,2,~  2F--2,PROPOSITION 61 STATE PR,YES,342,798,1,0,1,0,40,2.50%,2F--2.PROPOSITION 61 STATE PRESCRIPTION DRUG PURCHASES. PRICING STANDARDS. INITIATIVE STATUTE..YES
000028 ,2,3,005 006 046 047 048 053 073 074 158 159 224 234 243,PROP_63,NO,409,794,385,0,~  2F--2,PROPOSITION 63 FIREARMS,NO,410,798,-1,-4,1,4,55,1.82%,2F--2.PROPOSITION 63 FIREARMS. AMMUNITION SALES. INITIATIVE STATUTE..NO
000028 ,2,3,005 006 046 047 048 053 073 074 158 159 224 234 243,PROP_65,NO,445,794,349,3,~  2F--2,PROPOSITION 65 CARRYOUT,NO,444,798,1,-4,1,4,142,0.70%,2F--2.PROPOSITION 65 CARRYOUT BAGS. CHARGES. INITIATIVE STATUTE..NO
000028 ,2,3,005 006 046 047 048 053 073 074 158 159 224 234 243,PROP_66,NO,372,794,422,3,~  2F--2,PROPOSITION 66 DEATH PE,NO,371,798,1,-4,1,4,47,2.13%,2F--2.PROPOSITION 66 DEATH PENALTY. PROCEDURES. INITIATIVE STATUTE..NO
000028 ,1,1,005 006 046 047 048 053 073 158 159 224 229 234,STATEASS2,KEN_ANTON,233,797,564,0,~  2F--2,"STATE ASSEMBLY, DISTRIC",KEN ANTON,234,798,-1,-1,1,1,208,0.48%,"2F--2.STATE ASSEMBLY, DISTRICT 2.KEN ANTON"
000028 ,1,1,005 006 046 047 048 053 073 158 159 224 229 234,USREP,DALE_K_MENSING,284,797,513,2,~  2F--2,US REPRESENTATIVE IN CO,DALE K. MENSING,283,798,1,-1,1,1,187,0.53%,"2F--2.US REPRESENTATIVE IN CONGRESS, DISTRICT 2.DALE K. MENSING"
000028 ,1,1,005 006 046 047 048 053 073 158 159 224 229 234,USREP,JARED_W_HUFFMAN,471,797,326,2,~  2F--2,US REPRESENTATIVE IN CO,JARED W. HUFFMAN,470,798,1,-1,1,1,187,0.53%,"2F--2.US REPRESENTATIVE IN CONGRESS, DISTRICT 2.JARED W. HUFFMAN"
000028 ,1,1,005 006 046 047 048 053 073 158 159 224 229 234,USSEN,LORETTA_L_SANCHEZ,230,797,567,0,~  2F--2,US SENATOR,LORETTA L. SANCHEZ,229,798,1,-1,1,1,142,0.70%,2F--2.US SENATOR.LORETTA L. SANCHEZ
000029 ,2,4,006 007 046 075 076 081 157 158 224 234 243,MEAS_E,YES,297,530,233,2,~  2F--3,MEASURE E FORTUNA POLIC,YES,298,538,-1,-8,1,8,103,0.97%,2F--3.MEASURE E FORTUNA POLICE AND ESSENTIAL SERVICES MEASURE..YES
000029 ,2,3,006 007 046 075 076 081 157 158 224 234 243,MEAS_Q,NO,234,532,298,2,~  2F--3,MEASURE Q HUMBOLDT COUN,NO,233,538,1,-6,1,6,14,7.14%,2F--3.MEASURE Q HUMBOLDT COUNTY CREATION OF FINANCE DEPARTMENT MEASURE..NO
000029 ,2,3,006 007 046 075 076 081 157 158 224 234 243,MEAS_S,YES,315,532,217,0,~  2F--3,MEASURE S HUMBOLDT COUN,YES,314,538,1,-6,1,6,143,0.70%,2F--3.MEASURE S HUMBOLDT COUNTY COMMERCIAL MARIJUANA CULTIVATION MEASURE..YES
000029 ,2,3,006 007 046 075 076 081 157 158 224 234 243,MEAS_V,NO,238,532,294,0,~  2F--3,MEASURE V MOBILE HOME P,NO,239,538,-1,-6,1,6,0,--,2F--3.MEASURE V MOBILE HOME PARK SPACE RENT STABILIZATION..NO
000029 ,2,3,006 007 046 075 076 081 157 158 224 234 243,MEAS_V,YES,240,532,292,0,~  2F--3,MEASURE V MOBILE HOME P,YES,239,538,1,-6,1,6,0,--,2F--3.MEASURE V MOBILE HOME PARK SPACE RENT STABILIZATION..YES
000029 ,1,1,006 007 046 075 157 158 224 229 234 243,PRES,GLORIA_ESTELA_LA_RIVA,3,538,535,1,~  2F--3,PRESIDENT AND VICE PRES,GLORIA ESTELA LA RIVA,2,538,1,0,1,0,48,2.08%,2F--3.PRESIDENT AND VICE PRESIDENT.GLORIA ESTELA LA RIVA      and DENNIS J. BANKS
000029 ,1,1,006 007 046 075 157 158 224 229 234 243,PROP_54,YES,294,538,244,2,~  2F--3,PROPOSITION 54 LEGISLAT,YES,293,538,1,0,1,0,97,1.03%,2F--3.PROPOSITION 54 LEGISLATURE. LEGISLATION AND PROCEEDINGS. INITIATIVE CONSTITUTIONAL AMENDMENT AND.YES
000029 ,1,2,006 007 046 075 157 158 224 229 234,PROP_55,NO,195,535,340,0,~  2F--3,PROPOSITION 55 TAX EXTE,NO,196,538,-1,-3,1,3,109,0.92%,2F--3.PROPOSITION 55 TAX EXTENSION TO FUND EDUCATION AND HEALTHCARE. INITIATIVE CONSTITUTIONAL AMENDMENT..NO
000029 ,1,2,006 007 046 075 157 158 224 229 234,PROP_55,YES,304,535,231,0,~  2F--3,PROPOSITION 55 TAX EXTE,YES,305,538,-1,-3,1,3,109,0.92%,2F--3.PROPOSITION 55 TAX EXTENSION TO FUND EDUCATION AND HEALTHCARE. INITIATIVE CONSTITUTIONAL AMENDMENT..YES
000029 ,1,2,006 007 046 075 157 158 224 229 234,PROP_57,NO,193,535,342,0,~  2F--3,PROPOSITION 57 CRIMINAL,NO,194,538,-1,-3,1,3,103,0.97%,2F--3.PROPOSITION 57 CRIMINAL SENTENCES. PAROLE. JUVENILE CRIMINAL PROCEEDINGS AND SENTENCING. INITIATIVE.NO
000029 ,1,2,006 007 046 075 157 158 224 229 234,PROP_59,YES,238,535,297,1,~  2F--3,PROPOSITION 59 CORPORAT,YES,237,538,1,-3,1,3,4,25.00%,2F--3.PROPOSITION 59 CORPORATIONS. POLITICAL SPENDING. FEDERAL CONSTITUTIONAL PROTECTIONS..YES
000029 ,1,2,006 007 046 075 157 158 224 229 234,PROP_60,NO,248,535,287,2,~  2F--3,PROPOSITION 60 ADULT FI,NO,247,538,1,-3,1,3,21,4.76%,2F--3.PROPOSITION 60 ADULT FILMS. CONDOMS. HEALTH REQUIREMENTS. INITIATIVE STATUTE..NO
000029 ,1,2,006 007 046 075 157 158 224 229 234,PROP_60,YES,225,535,310,2,~  2F--3,PROPOSITION 60 ADULT FI,YES,226,538,-1,-3,1,3,21,4.76%,2F--3.PROPOSITION 60 ADULT FILMS. CONDOMS. HEALTH REQUIREMENTS. INITIATIVE STATUTE..YES
000029 ,1,2,006 007 046 075 157 158 224 229 234,PROP_62,YES,201,535,334,2,~  2F--3,PROPOSITION 62 DEATH PE,YES,202,538,-1,-3,1,3,93,1.08%,2F--3.PROPOSITION 62 DEATH PENALTY. INITIATIVE STATUTE..YES
000029 ,2,3,006 007 046 075 076 081 157 158 224 234 243,PROP_65,YES,191,532,341,1,~  2F--3,PROPOSITION 65 CARRYOUT,YES,190,538,1,-6,1,6,115,0.87%,2F--3.PROPOSITION 65 CARRYOUT BAGS. CHARGES. INITIATIVE STATUTE..YES
000029 ,2,3,006 007 046 075 076 081 157 158 224 234 243,PROP_66,NO,253,532,279,3,~  2F--3,PROPOSITION 66 DEATH PE,NO,252,538,1,-6,1,6,34,2.94%,2F--3.PROPOSITION 66 DEATH PENALTY. PROCEDURES. INITIATIVE STATUTE..NO
000029 ,2,3,006 007 046 075 076 081 157 158 224 234 243,PROP_67,NO,256,532,276,1,~  2F--3,PROPOSITION 67 BAN ON S,NO,255,538,1,-6,1,6,11,9.09%,2F--3.PROPOSITION 67 BAN ON SINGLE-USE PLASTIC BAGS. REFERENDUM..NO
000029 ,1,1,006 007 046 075 157 158 224 229 234 243,STATEASS2,KEN_ANTON,144,538,394,0,~  2F--3,"STATE ASSEMBLY, DISTRIC",KEN ANTON,145,538,-1,0,1,0,144,0.69%,"2F--3.STATE ASSEMBLY, DISTRICT 2.KEN ANTON"
000030 ,1,1,007 009 046 074 075 162 163 224 229 234,FORT_CC,Write_in,29,1486,1457,0,~  2F--4,FORTUNA CITY COUNCILMEM,Write_in,28,743,1,743,1,743,40,2.50%,2F--4.FORTUNA CITY COUNCILMEMBER.Write_in
000030 ,2,4,007 009 046 074 162 163 224 234 243,MEAS_E,NO,280,743,463,1,~  2F--4,MEASURE E FORTUNA POLIC,NO,279,743,1,0,1,0,129,0.78%,2F--4.MEASURE E FORTUNA POLICE AND ESSENTIAL SERVICES MEASURE..NO
000030 ,2,3,007 009 046 074 162 163 224 234 243,MEAS_R,NO,329,743,414,1,~  2F--4,MEASURE R HUMBOLDT COUN,NO,328,743,1,0,1,0,8,12.50%,2F--4.MEASURE R HUMBOLDT COUNTY FINANCE DEPARTMENT ELECTIVE OFFICE MEASURE..NO
000030 ,2,3,007 009 046 074 162 163 224 234 243,MEAS_R,YES,321,743,422,1,~  2F--4,MEASURE R HUMBOLDT COUN,YES,320,743,1,0,1,0,8,12.50%,2F--4.MEASURE R HUMBOLDT COUNTY FINANCE DEPARTMENT ELECTIVE OFFICE MEASURE..YES
000030 ,2,3,007 009 046 074 162 163 224 234 243,MEAS_S,YES,445,743,298,3,~  2F--4,MEASURE S HUMBOLDT COUN,YES,444,743,1,0,1,0,197,0.51%,2F--4.MEASURE S HUMBOLDT COUNTY COMMERCIAL MARIJUANA CULTIVATION MEASURE..YES
000030 ,1,1,007 009 046 074 075 162 163 224 229 234,PRES,HILLARY_CLINTON,293,743,450,1,~  2F--4,PRESIDENT AND VICE PRES,HILLARY CLINTON      ,292,743,1,0,1,0,39,2.56%,2F--4.PRESIDENT AND VICE PRESIDENT.HILLARY CLINTON      and TIM KAINE
000030 ,1,1,007 009 046 074 075 162 163 224 229 234,PRES,Write_in,30,743,713,1,~  2F--4,PRESIDENT AND VICE PRES,Write_in,29,743,1,0,1,0,39,2.56%,2F--4.PRESIDENT AND VICE PRESIDENT.Write_in
000030 ,1,1,007 009 046 074 075 162 163 224 229 234,PROP_52,YES,432,743,311,0,~  2F--4,PROPOSITION 52 MEDI-CAL,YES,433,743,-1,0,1,0,181,0.55%,2F--4.PROPOSITION 52 MEDI-CAL HOSPITAL FEE PROGRAM. INITIATIVE CONSTITUTIONAL AMENDMENT AND STATUTE..YES
000030 ,1,1,007 009 046 074 075 162 163 224 229 234,PROP_53,YES,351,743,392,0,~  2F--4,PROPOSITION 53 REVENUE ,YES,350,743,1,0,1,0,35,2.86%,2F--4.PROPOSITION 53 REVENUE BONDS. STATEWIDE VOTER APPROVAL. INITIATIVE CONSTITUTIONAL AMENDMENT..YES
000030 ,1,1,007 009 046 074 075 162 163 224 229 234,PROP_54,NO,256,743,487,1,~  2F--4,PROPOSITION 54 LEGISLAT,NO,255,743,1,0,1,0,164,0.61%,2F--4.PROPOSITION 54 LEGISLATURE. LEGISLATION AND PROCEEDINGS. INITIATIVE CONSTITUTIONAL AMENDMENT AND.NO
000030 ,1,2,007 009 046 074 075 162 163 224 229 234,PROP_55,NO,263,743,480,1,~  2F--4,PROPOSITION 55 TAX EXTE,NO,262,743,1,0,1,0,167,0.60%,2F--4.PROPOSITION 55 TAX EXTENSION TO FUND EDUCATION AND HEALTHCARE. INITIATIVE CONSTITUTIONAL AMENDMENT..NO
000030 ,1,2,007 009 046 074 075 162 163 224 229 234,PROP_55,YES,430,743,313,1,~  2F--4,PROPOSITION 55 TAX EXTE,YES,429,743,1,0,1,0,167,0.60%,2F--4.PROPOSITION 55 TAX EXTENSION TO FUND EDUCATION AND HEALTHCARE. INITIATIVE CONSTITUTIONAL AMENDMENT..YES
000030 ,1,2,007 009 046 074 075 162 163 224 229 234,PROP_57,NO,286,743,457,1,~  2F--4,PROPOSITION 57 CRIMINAL,NO,285,743,1,0,1,0,116,0.86%,2F--4.PROPOSITION 57 CRIMINAL SENTENCES. PAROLE. JUVENILE CRIMINAL PROCEEDINGS AND SENTENCING. INITIATIVE.NO
000030 ,1,2,007 009 046 074 075 162 163 224 229 234,PROP_57,YES,402,743,341,1,~  2F--4,PROPOSITION 57 CRIMINAL,YES,401,743,1,0,1,0,116,0.86%,2F--4.PROPOSITION 57 CRIMINAL SENTENCES. PAROLE. JUVENILE CRIMINAL PROCEEDINGS AND SENTENCING. INITIATIVE.YES
000030 ,1,2,007 009 046 074 075 162 163 224 229 234,PROP_59,YES,329,743,414,4,~  2F--4,PROPOSITION 59 CORPORAT,YES,328,743,1,0,1,0,10,10.00%,2F--4.PROPOSITION 59 CORPORATIONS. POLITICAL SPENDING. FEDERAL CONSTITUTIONAL PROTECTIONS..YES
000030 ,1,2,007 009 046 074 075 162 163 224 229 234,PROP_61,NO,384,743,359,0,~  2F--4,PROPOSITION 61 STATE PR,NO,383,743,1,0,1,0,101,0.99%,2F--4.PROPOSITION 61 STATE PRESCRIPTION DRUG PURCHASES. PRICING STANDARDS. INITIATIVE STATUTE..NO
000030 ,1,2,007 009 046 074 075 162 163 224 229 234,PROP_61,YES,283,743,460,0,~  2F--4,PROPOSITION 61 STATE PR,YES,282,743,1,0,1,0,101,0.99%,2F--4.PROPOSITION 61 STATE PRESCRIPTION DRUG PURCHASES. PRICING STANDARDS. INITIATIVE STATUTE..YES
000030 ,1,2,007 009 046 074 075 162 163 224 229 234,PROP_62,NO,439,743,304,3,~  2F--4,PROPOSITION 62 DEATH PE,NO,438,743,1,0,1,0,178,0.56%,2F--4.PROPOSITION 62 DEATH PENALTY. INITIATIVE STATUTE..NO
000030 ,1,2,007 009 046 074 075 162 163 224 229 234,PROP_62,YES,261,743,482,3,~  2F--4,PROPOSITION 62 DEATH PE,YES,260,743,1,0,1,0,178,0.56%,2F--4.PROPOSITION 62 DEATH PENALTY. INITIATIVE STATUTE..YES
000030 ,2,3,007 009 046 074 162 163 224 234 243,PROP_63,YES,273,743,470,0,~  2F--4,PROPOSITION 63 FIREARMS,YES,274,743,-1,0,1,0,154,0.65%,2F--4.PROPOSITION 63 FIREARMS. AMMUNITION SALES. INITIATIVE STATUTE..YES
000030 ,2,3,007 009 046 074 162 163 224 234 243,PROP_65,YES,241,743,502,0,~  2F--4,PROPOSITION 65 CARRYOUT,YES,242,743,-1,0,1,0,207,0.48%,2F--4.PROPOSITION 65 CARRYOUT BAGS. CHARGES. INITIATIVE STATUTE..YES
000030 ,2,3,007 009 046 074 162 163 224 234 243,PROP_66,YES,340,743,403,3,~  2F--4,PROPOSITION 66 DEATH PE,YES,339,743,1,0,1,0,25,4.00%,2F--4.PROPOSITION 66 DEATH PENALTY. PROCEDURES. INITIATIVE STATUTE..YES
000030 ,2,3,007 009 046 074 162 163 224 234 243,PROP_67,YES,312,743,431,2,~  2F--4,PROPOSITION 67 BAN ON S,YES,311,743,1,0,1,0,77,1.30%,2F--4.PROPOSITION 67 BAN ON SINGLE-USE PLASTIC BAGS. REFERENDUM..YES
000030 ,1,1,007 009 046 074 075 162 163 224 229 234,USREP,DALE_K_MENSING,284,743,459,0,~  2F--4,US REPRESENTATIVE IN CO,DALE K. MENSING,285,743,-1,0,1,0,102,0.98%,"2F--4.US REPRESENTATIVE IN CONGRESS, DISTRICT 2.DALE K. MENSING"
000030 ,1,1,007 009 046 074 075 162 163 224 229 234,USSEN,KAMALA_D_HARRIS,352,743,391,0,~  2F--4,US SENATOR,KAMALA D. HARRIS,353,743,-1,0,1,0,147,0.68%,2F--4.US SENATOR.KAMALA D. HARRIS
000031 ,2,4,008 047 048 080 081 161 162 224 225 235 243,MEAS_E,NO,379,901,522,2,~  2F-R1,MEASURE E FORTUNA POLIC,NO,378,908,1,-7,1,7,104,0.96%,2F-R1.MEASURE E FORTUNA POLICE AND ESSENTIAL SERVICES MEASURE..NO
000031 ,2,3,008 047 048 080 081 161 162 224 225 235 243,MEAS_R,NO,491,906,415,4,~  2F-R1,MEASURE R HUMBOLDT COUN,NO,490,908,1,-2,1,2,174,0.57%,2F-R1.MEASURE R HUMBOLDT COUNTY FINANCE DEPARTMENT ELECTIVE OFFICE MEASURE..NO
000031 ,2,3,008 047 048 080 081 161 162 224 225 235 243,MEAS_S,NO,333,906,573,2,~  2F-R1,MEASURE S HUMBOLDT COUN,NO,332,908,1,-2,1,2,197,0.51%,2F-R1.MEASURE S HUMBOLDT COUNTY COMMERCIAL MARIJUANA CULTIVATION MEASURE..NO
000031 ,2,3,008 047 048 080 081 161 162 224 225 235 243,MEAS_V,YES,366,906,540,3,~  2F-R1,MEASURE V MOBILE HOME P,YES,365,908,1,-2,1,2,106,0.94%,2F-R1.MEASURE V MOBILE HOME PARK SPACE RENT STABILIZATION..YES
000031 ,1,1,008 047 048 080 161 162 224 225 229 235 243,PRES,Write_in,24,908,884,0,~  2F-R1,PRESIDENT AND VICE PRES,Write_in,23,908,1,0,1,0,96,1.04%,2F-R1.PRESIDENT AND VICE PRESIDENT.Write_in
000031 ,1,1,008 047 048 080 161 162 224 225 229 235 243,PROP_51,YES,350,908,558,3,~  2F-R1,PROPOSITION 51 SCHOOL B,YES,349,908,1,0,1,0,159,0.63%,2F-R1.PROPOSITION 51 SCHOOL BONDS. FUNDING FOR K-12 SCHOOL AND COMMUNITY COLLEGE FACILITIES. INITIATIVE.YES
000031 ,1,1,008 047 048 080 161 162 224 225 229 235 243,PROP_52,NO,369,908,539,2,~  2F-R1,PROPOSITION 52 MEDI-CAL,NO,368,908,1,0,1,0,116,0.86%,2F-R1.PROPOSITION 52 MEDI-CAL HOSPITAL FEE PROGRAM. INITIATIVE CONSTITUTIONAL AMENDMENT AND STATUTE..NO
000031 ,1,1,008 047 048 080 161 162 224 225 229 235 243,PROP_52,YES,485,908,423,2,~  2F-R1,PROPOSITION 52 MEDI-CAL,YES,484,908,1,0,1,0,116,0.86%,2F-R1.PROPOSITION 52 MEDI-CAL HOSPITAL FEE PROGRAM. INITIATIVE CONSTITUTIONAL AMENDMENT AND STATUTE..YES
000031 ,1,1,008 047 048 080 161 162 224 225 229 235 243,PROP_54,NO,383,908,525,0,~  2F-R1,PROPOSITION 54 LEGISLAT,NO,384,908,-1,0,1,0,79,1.27%,2F-R1.PROPOSITION 54 LEGISLATURE. LEGISLATION AND PROCEEDINGS. INITIATIVE CONSTITUTIONAL AMENDMENT AND.NO
000031 ,1,1,008 047 048 080 161 162 224 225 229 235 243,PROP_54,YES,464,908,444,0,~  2F-R1,PROPOSITION 54 LEGISLAT,YES,463,908,1,0,1,0,79,1.27%,2F-R1.PROPOSITION 54 LEGISLATURE. LEGISLATION AND PROCEEDINGS. INITIATIVE CONSTITUTIONAL AMENDMENT AND.YES
000031 ,1,2,008 047 048 080 161 162 224 225 229 235,PROP_55,NO,382,900,518,4,~  2F-R1,PROPOSITION 55 TAX EXTE,NO,383,908,-1,-8,1,8,89,1.12%,2F-R1.PROPOSITION 55 TAX EXTENSION TO FUND EDUCATION AND HEALTHCARE. INITIATIVE CONSTITUTIONAL AMENDMENT..NO
000031 ,1,2,008 047 048 080 161 162 224 225 229 235,PROP_58,NO,286,900,614,3,~  2F-R1,PROPOSITION 58 ENGLISH ,NO,287,908,-1,-8,1,8,281,0.36%,2F-R1.PROPOSITION 58 ENGLISH PROFICIENCY. MULTILINGUAL EDUCATION. INITIATIVE STATUTE..NO
000031 ,1,2,008 047 048 080 161 162 224 225 229 235,PROP_59,NO,448,900,452,1,~  2F-R1,PROPOSITION 59 CORPORAT,NO,449,908,-1,-8,1,8,76,1.32%,2F-R1.PROPOSITION 59 CORPORATIONS. POLITICAL SPENDING. FEDERAL CONSTITUTIONAL PROTECTIONS..NO
000031 ,1,2,008 047 048 080 161 162 224 225 229 235,PROP_61,YES,335,900,565,2,~  2F-R1,PROPOSITION 61 STATE PR,YES,336,908,-1,-8,1,8,158,0.63%,2F-R1.PROPOSITION 61 STATE PRESCRIPTION DRUG PURCHASES. PRICING STANDARDS. INITIATIVE STATUTE..YES
000031 ,1,2,008 047 048 080 161 162 224 225 229 235,PROP_62,YES,278,900,622,0,~  2F-R1,PROPOSITION 62 DEATH PE,YES,279,908,-1,-8,1,8,303,0.33%,2F-R1.PROPOSITION 62 DEATH PENALTY. INITIATIVE STATUTE..YES
000031 ,2,3,008 047 048 080 081 161 162 224 225 235 243,PROP_64,NO,479,906,427,4,~  2F-R1,PROPOSITION 64 MARIJUAN,NO,478,908,1,-2,1,2,81,1.23%,2F-R1.PROPOSITION 64 MARIJUANA LEGALIZATION. INITIATIVE STATUTE..NO
000031 ,2,3,008 047 048 080 081 161 162 224 225 235 243,PROP_65,YES,320,906,586,1,~  2F-R1,PROPOSITION 65 CARRYOUT,YES,319,908,1,-2,1,2,218,0.46%,2F-R1.PROPOSITION 65 CARRYOUT BAGS. CHARGES. INITIATIVE STATUTE..YES
000031 ,2,3,008 047 048 080 081 161 162 224 225 235 243,PROP_67,YES,366,906,540,3,~  2F-R1,PROPOSITION 67 BAN ON S,YES,365,908,1,-2,1,2,130,0.77%,2F-R1.PROPOSITION 67 BAN ON SINGLE-USE PLASTIC BAGS. REFERENDUM..YES
000031 ,1,1,008 047 048 080 161 162 224 225 229 235 243,USSEN,KAMALA_D_HARRIS,405,908,503,1,~  2F-R1,US SENATOR,KAMALA D. HARRIS,404,908,1,0,1,0,138,0.72%,2F-R1.US SENATOR.KAMALA D. HARRIS
000032 ,1,1,006 048 053 087 088 164 225 229 235,FORT_CC,DEAN_J_GLASER,389,675,286,0,~  2F-R2,FORTUNA CITY COUNCILMEM,DEAN J. GLASER,390,676,-1,-1,1,1,19,5.26%,2F-R2.FORTUNA CITY COUNCILMEMBER.DEAN J. GLASER
000032 ,2,4,006 048 053 087 164 225 235 243,MEAS_E,YES,374,674,300,2,~  2F-R2,MEASURE E FORTUNA POLIC,YES,373,676,1,-2,1,2,100,1.00%,2F-R2.MEASURE E FORTUNA POLICE AND ESSENTIAL SERVICES MEASURE..YES
000032 ,2,3,006 048 053 087 164 225 235 243,MEAS_Q,NO,325,674,349,1,~  2F-R2,MEASURE Q HUMBOLDT COUN,NO,326,676,-1,-2,1,2,68,1.47%,2F-R2.MEASURE Q HUMBOLDT COUNTY CREATION OF FINANCE DEPARTMENT MEASURE..NO
000032 ,2,3,006 048 053 087 164 225 235 243,MEAS_Q,YES,259,674,415,1,~  2F-R2,MEASURE Q HUMBOLDT COUN,YES,258,676,1,-2,1,2,68,1.47%,2F-R2.MEASURE Q HUMBOLDT COUNTY CREATION OF FINANCE DEPARTMENT MEASURE..YES
000032 ,2,3,006 048 053 087 164 225 235 243,MEAS_R,NO,356,674,318,2,~  2F-R2,MEASURE R HUMBOLDT COUN,NO,357,676,-1,-2,1,2,127,0.79%,2F-R2.MEASURE R HUMBOLDT COUNTY FINANCE DEPARTMENT ELECTIVE OFFICE MEASURE..NO
000032 ,2,3,006 048 053 087 164 225 235 243,MEAS_S,YES,404,674,270,2,~  2F-R2,MEASURE S HUMBOLDT COUN,YES,403,676,1,-2,1,2,172,0.58%,2F-R2.MEASURE S HUMBOLDT COUNTY COMMERCIAL MARIJUANA CULTIVATION MEASURE..YES
000032 ,2,3,006 048 053 087 164 225 235 243,MEAS_U,NO,436,674,238,0,~  2F-R2,MEASURE U LOCAL TRANSPO,NO,437,676,-1,-2,1,2,252,0.40%,2F-R2.MEASURE U LOCAL TRANSPORTATION AUTHORITY RETAIL TRANSACTIONS AND USE TAX..NO
000032 ,2,3,006 048 053 087 164 225 235 243,MEAS_V,YES,257,674,417,2,~  2F-R2,MEASURE V MOBILE HOME P,YES,258,676,-1,-2,1,2,101,0.99%,2F-R2.MEASURE V MOBILE HOME PARK SPACE RENT STABILIZATION..YES
000032 ,1,1,006 048 053 087 088 164 225 229 235,PRES,GLORIA_ESTELA_LA_RIVA,3,675,672,0,~  2F-R2,PRESIDENT AND VICE PRES,GLORIA ESTELA LA RIVA,4,676,-1,-1,1,1,149,0.67%,2F-R2.PRESIDENT AND VICE PRESIDENT.GLORIA ESTELA LA RIVA      and DENNIS J. BANKS
000032 ,1,1,006 048 053 087 088 164 225 229 235,PROP_52,YES,342,675,333,0,~  2F-R2,PROPOSITION 52 MEDI-CAL,YES,343,676,-1,-1,1,1,59,1.69%,2F-R2.PROPOSITION 52 MEDI-CAL HOSPITAL FEE PROGRAM. INITIATIVE CONSTITUTIONAL AMENDMENT AND STATUTE..YES
000032 ,1,1,006 048 053 087 088 164 225 229 235,PROP_54,YES,348,675,327,0,~  2F-R2,PROPOSITION 54 LEGISLAT,YES,349,676,-1,-1,1,1,74,1.35%,2F-R2.PROPOSITION 54 LEGISLATURE. LEGISLATION AND PROCEEDINGS. INITIATIVE CONSTITUTIONAL AMENDMENT AND.YES
000032 ,1,2,006 048 053 087 088 164 225 229 235,PROP_56,YES,344,676,332,1,~  2F-R2,PROPOSITION 56 CIGARETT,YES,343,676,1,0,1,0,37,2.70%,"2F-R2.PROPOSITION 56 CIGARETTE TAX TO FUND HEALTHCARE, TOBACCO USE PREVENTION, RESEARCH, AND.YES"
000032 ,1,2,006 048 053 087 088 164 225 229 235,PROP_59,YES,257,676,419,3,~  2F-R2,PROPOSITION 59 CORPORAT,YES,256,676,1,0,1,0,82,1.22%,2F-R2.PROPOSITION 59 CORPORATIONS. POLITICAL SPENDING. FEDERAL CONSTITUTIONAL PROTECTIONS..YES
000032 ,2,3,006 048 053 087 164 225 235 243,PROP_64,NO,344,674,330,0,~  2F-R2,PROPOSITION 64 MARIJUAN,NO,345,676,-1,-2,1,2,41,2.44%,2F-R2.PROPOSITION 64 MARIJUANA LEGALIZATION. INITIATIVE STATUTE..NO
000032 ,2,3,006 048 053 087 164 225 235 243,PROP_65,NO,405,674,269,0,~  2F-R2,PROPOSITION 65 CARRYOUT,NO,406,676,-1,-2,1,2,184,0.54%,2F-R2.PROPOSITION 65 CARRYOUT BAGS. CHARGES. INITIATIVE STATUTE..NO
000032 ,2,3,006 048 053 087 164 225 235 243,PROP_66,NO,292,674,382,0,~  2F-R2,PROPOSITION 66 DEATH PE,NO,293,676,-1,-2,1,2,20,5.00%,2F-R2.PROPOSITION 66 DEATH PENALTY. PROCEDURES. INITIATIVE STATUTE..NO
000032 ,2,3,006 048 053 087 164 225 235 243,PROP_67,NO,377,674,297,0,~  2F-R2,PROPOSITION 67 BAN ON S,NO,378,676,-1,-2,1,2,124,0.81%,2F-R2.PROPOSITION 67 BAN ON SINGLE-USE PLASTIC BAGS. REFERENDUM..NO
000033 ,2,3,007 008 047 079 163 164 225 235,MEAS_Q,YES,256,638,382,1,~  2F-R3,MEASURE Q HUMBOLDT COUN,YES,255,643,1,-5,1,5,46,2.17%,2F-R3.MEASURE Q HUMBOLDT COUNTY CREATION OF FINANCE DEPARTMENT MEASURE..YES
000033 ,2,3,007 008 047 079 163 164 225 235,MEAS_S,NO,226,638,412,2,~  2F-R3,MEASURE S HUMBOLDT COUN,NO,225,643,1,-5,1,5,150,0.67%,2F-R3.MEASURE S HUMBOLDT COUNTY COMMERCIAL MARIJUANA CULTIVATION MEASURE..NO
000033 ,2,3,007 008 047 079 163 164 225 235,MEAS_U,NO,387,638,251,0,~  2F-R3,MEASURE U LOCAL TRANSPO,NO,386,643,1,-5,1,5,187,0.53%,2F-R3.MEASURE U LOCAL TRANSPORTATION AUTHORITY RETAIL TRANSACTIONS AND USE TAX..NO
000033 ,2,3,007 008 047 079 163 164 225 235,MEAS_V,NO,345,638,293,2,~  2F-R3,MEASURE V MOBILE HOME P,NO,344,643,1,-5,1,5,102,0.98%,2F-R3.MEASURE V MOBILE HOME PARK SPACE RENT STABILIZATION..NO
000033 ,2,3,007 008 047 079 163 164 225 235,MEAS_V,YES,243,638,395,2,~  2F-R3,MEASURE V MOBILE HOME P,YES,242,643,1,-5,1,5,102,0.98%,2F-R3.MEASURE V MOBILE HOME PARK SPACE RENT STABILIZATION..YES
000033 ,1,1,007 008 047 079 080 163 164 225 229 235,PRES,GARY_JOHNSON,23,644,621,1,~  2F-R3,PRESIDENT AND VICE PRES,GARY JOHNSON      and,22,643,1,1,1,1,82,1.22%,2F-R3.PRESIDENT AND VICE PRESIDENT.GARY JOHNSON      and BILL WELD
000033 ,1,1,007 008 047 079 080 163 164 225 229 235,PRES,HILLARY_CLINTON,245,644,399,0,~  2F-R3,PRESIDENT AND VICE PRES,HILLARY CLINTON      ,244,643,1,1,1,1,82,1.22%,2F-R3.PRESIDENT AND VICE PRESIDENT.HILLARY CLINTON      and TIM KAINE
000033 ,1,1,007 008 047 079 080 163 164 225 229 235,PROP_52,NO,256,644,388,1,~  2F-R3,PROPOSITION 52 MEDI-CAL,NO,255,643,1,1,1,1,87,1.15%,2F-R3.PROPOSITION 52 MEDI-CAL HOSPITAL FEE PROGRAM. INITIATIVE CONSTITUTIONAL AMENDMENT AND STATUTE..NO
000033 ,1,2,007 008 047 079 080 163 164 225 229 235,PROP_58,NO,177,641,464,0,~  2F-R3,PROPOSITION 58 ENGLISH ,NO,178,643,-1,-2,1,2,241,0.41%,2F-R3.PROPOSITION 58 ENGLISH PROFICIENCY. MULTILINGUAL EDUCATION. INITIATIVE STATUTE..NO
000033 ,1,2,007 008 047 079 080 163 164 225 229 235,PROP_59,YES,242,641,399,0,~  2F-R3,PROPOSITION 59 CORPORAT,YES,243,643,-1,-2,1,2,89,1.12%,2F-R3.PROPOSITION 59 CORPORATIONS. POLITICAL SPENDING. FEDERAL CONSTITUTIONAL PROTECTIONS..YES
000033 ,1,2,007 008 047 079 080 163 164 225 229 235,PROP_61,NO,340,641,301,4,~  2F-R3,PROPOSITION 61 STATE PR,NO,339,643,1,-2,1,2,92,1.09%,2F-R3.PROPOSITION 61 STATE PRESCRIPTION DRUG PURCHASES. PRICING STANDARDS. INITIATIVE STATUTE..NO
000033 ,1,2,007 008 047 079 080 163 164 225 229 235,PROP_61,YES,248,641,393,4,~  2F-R3,PROPOSITION 61 STATE PR,YES,247,643,1,-2,1,2,92,1.09%,2F-R3.PROPOSITION 61 STATE PRESCRIPTION DRUG PURCHASES. PRICING STANDARDS. INITIATIVE STATUTE..YES
000033 ,1,2,007 008 047 079 080 163 164 225 229 235,PROP_62,NO,421,641,220,1,~  2F-R3,PROPOSITION 62 DEATH PE,NO,422,643,-1,-2,1,2,242,0.41%,2F-R3.PROPOSITION 62 DEATH PENALTY. INITIATIVE STATUTE..NO
000033 ,1,2,007 008 047 079 080 163 164 225 229 235,PROP_62,YES,179,641,462,1,~  2F-R3,PROPOSITION 62 DEATH PE,YES,180,643,-1,-2,1,2,242,0.41%,2F-R3.PROPOSITION 62 DEATH PENALTY. INITIATIVE STATUTE..YES
000033 ,2,3,007 008 047 079 163 164 225 235,PROP_63,NO,396,638,242,1,~  2F-R3,PROPOSITION 63 FIREARMS,NO,395,643,1,-5,1,5,183,0.55%,2F-R3.PROPOSITION 63 FIREARMS. AMMUNITION SALES. INITIATIVE STATUTE..NO
000033 ,2,3,007 008 047 079 163 164 225 235,PROP_67,NO,367,638,271,2,~  2F-R3,PROPOSITION 67 BAN ON S,NO,366,643,1,-5,1,5,134,0.75%,2F-R3.PROPOSITION 67 BAN ON SINGLE-USE PLASTIC BAGS. REFERENDUM..NO
000033 ,2,3,007 008 047 079 163 164 225 235,PROP_67,YES,233,638,405,2,~  2F-R3,PROPOSITION 67 BAN ON S,YES,232,643,1,-5,1,5,134,0.75%,2F-R3.PROPOSITION 67 BAN ON SINGLE-USE PLASTIC BAGS. REFERENDUM..YES
000033 ,1,1,007 008 047 079 080 163 164 225 229 235,USREP,DALE_K_MENSING,261,644,383,1,~  2F-R3,US REPRESENTATIVE IN CO,DALE K. MENSING,260,643,1,1,1,1,80,1.25%,"2F-R3.US REPRESENTATIVE IN CONGRESS, DISTRICT 2.DALE K. MENSING"
000033 ,1,1,007 008 047 079 080 163 164 225 229 235,USSEN,LORETTA_L_SANCHEZ,195,644,449,0,~  2F-R3,US SENATOR,LORETTA L. SANCHEZ,196,643,-1,1,1,1,76,1.32%,2F-R3.US SENATOR.LORETTA L. SANCHEZ
000034 ,2,4,009 047 078 164 165 225 235,MEAS_E,NO,245,621,376,1,~  2F-R4,MEASURE E FORTUNA POLIC,NO,244,622,1,-1,1,1,103,0.97%,2F-R4.MEASURE E FORTUNA POLICE AND ESSENTIAL SERVICES MEASURE..NO
000034 ,2,3,009 047 078 164 165 225 235,MEAS_Q,NO,291,620,329,1,~  2F-R4,MEASURE Q HUMBOLDT COUN,NO,290,622,1,-2,1,2,42,2.38%,2F-R4.MEASURE Q HUMBOLDT COUNTY CREATION OF FINANCE DEPARTMENT MEASURE..NO
000034 ,2,3,009 047 078 164 165 225 235,MEAS_Q,YES,247,620,373,1,~  2F-R4,MEASURE Q HUMBOLDT COUN,YES,248,622,-1,-2,1,2,42,2.38%,2F-R4.MEASURE Q HUMBOLDT COUNTY CREATION OF FINANCE DEPARTMENT MEASURE..YES
000034 ,2,3,009 047 078 164 165 225 235,MEAS_R,NO,309,620,311,1,~  2F-R4,MEASURE R HUMBOLDT COUN,NO,310,622,-1,-2,1,2,76,1.32%,2F-R4.MEASURE R HUMBOLDT COUNTY FINANCE DEPARTMENT ELECTIVE OFFICE MEASURE..NO
000034 ,2,3,009 047 078 164 165 225 235,MEAS_R,YES,235,620,385,1,~  2F-R4,MEASURE R HUMBOLDT COUN,YES,234,622,1,-2,1,2,76,1.32%,2F-R4.MEASURE R HUMBOLDT COUNTY FINANCE DEPARTMENT ELECTIVE OFFICE MEASURE..YES
000034 ,2,3,009 047 078 164 165 225 235,MEAS_S,NO,210,620,410,2,~  2F-R4,MEASURE S HUMBOLDT COUN,NO,209,622,1,-2,1,2,167,0.60%,2F-R4.MEASURE S HUMBOLDT COUNTY COMMERCIAL MARIJUANA CULTIVATION MEASURE..NO
000034 ,1,1,009 047 077 078 079 164 165 225 229 235,PRES,GARY_JOHNSON,41,623,582,1,~  2F-R4,PRESIDENT AND VICE PRES,GARY JOHNSON      and,40,622,1,1,1,1,90,1.11%,2F-R4.PRESIDENT AND VICE PRESIDENT.GARY JOHNSON      and BILL WELD
000034 ,1,1,009 047 077 078 079 164 165 225 229 235,PRES,Write_in,22,623,601,1,~  2F-R4,PRESIDENT AND VICE PRES,Write_in,21,622,1,1,1,1,90,1.11%,2F-R4.PRESIDENT AND VICE PRESIDENT.Write_in
000034 ,1,1,009 047 077 078 079 164 165 225 229 235,PROP_51,YES,232,623,391,0,~  2F-R4,PROPOSITION 51 SCHOOL B,YES,231,622,1,1,1,1,123,0.81%,2F-R4.PROPOSITION 51 SCHOOL BONDS. FUNDING FOR K-12 SCHOOL AND COMMUNITY COLLEGE FACILITIES. INITIATIVE.YES
000034 ,1,1,009 047 077 078 079 164 165 225 229 235,PROP_52,YES,338,623,285,0,~  2F-R4,PROPOSITION 52 MEDI-CAL,YES,337,622,1,1,1,1,102,0.98%,2F-R4.PROPOSITION 52 MEDI-CAL HOSPITAL FEE PROGRAM. INITIATIVE CONSTITUTIONAL AMENDMENT AND STATUTE..YES
000034 ,1,1,009 047 077 078 079 164 165 225 229 235,PROP_53,NO,306,623,317,1,~  2F-R4,PROPOSITION 53 REVENUE ,NO,305,622,1,1,1,1,40,2.50%,2F-R4.PROPOSITION 53 REVENUE BONDS. STATEWIDE VOTER APPROVAL. INITIATIVE CONSTITUTIONAL AMENDMENT..NO
000034 ,1,1,009 047 077 078 079 164 165 225 229 235,PROP_53,YES,266,623,357,1,~  2F-R4,PROPOSITION 53 REVENUE ,YES,265,622,1,1,1,1,40,2.50%,2F-R4.PROPOSITION 53 REVENUE BONDS. STATEWIDE VOTER APPROVAL. INITIATIVE CONSTITUTIONAL AMENDMENT..YES
000034 ,1,1,009 047 077 078 079 164 165 225 229 235,PROP_54,NO,237,623,386,1,~  2F-R4,PROPOSITION 54 LEGISLAT,NO,236,622,1,1,1,1,101,0.99%,2F-R4.PROPOSITION 54 LEGISLATURE. LEGISLATION AND PROCEEDINGS. INITIATIVE CONSTITUTIONAL AMENDMENT AND.NO
000034 ,1,1,009 047 077 078 079 164 165 225 229 235,PROP_54,YES,338,623,285,1,~  2F-R4,PROPOSITION 54 LEGISLAT,YES,337,622,1,1,1,1,101,0.99%,2F-R4.PROPOSITION 54 LEGISLATURE. LEGISLATION AND PROCEEDINGS. INITIATIVE CONSTITUTIONAL AMENDMENT AND.YES
000034 ,1,2,009 047 077 078 079 164 165 225 229 235,PROP_55,YES,325,623,298,0,~  2F-R4,PROPOSITION 55 TAX EXTE,YES,324,622,1,1,1,1,63,1.59%,2F-R4.PROPOSITION 55 TAX EXTENSION TO FUND EDUCATION AND HEALTHCARE. INITIATIVE CONSTITUTIONAL AMENDMENT..YES
000034 ,1,2,009 047 077 078 079 164 165 225 229 235,PROP_56,YES,309,623,314,0,~  2F-R4,PROPOSITION 56 CIGARETT,YES,308,622,1,1,1,1,19,5.26%,"2F-R4.PROPOSITION 56 CIGARETTE TAX TO FUND HEALTHCARE, TOBACCO USE PREVENTION, RESEARCH, AND.YES"
000034 ,1,2,009 047 077 078 079 164 165 225 229 235,PROP_57,YES,301,623,322,0,~  2F-R4,PROPOSITION 57 CRIMINAL,YES,300,622,1,1,1,1,14,7.14%,2F-R4.PROPOSITION 57 CRIMINAL SENTENCES. PAROLE. JUVENILE CRIMINAL PROCEEDINGS AND SENTENCING. INITIATIVE.YES
000034 ,1,2,009 047 077 078 079 164 165 225 229 235,PROP_59,YES,254,623,369,0,~  2F-R4,PROPOSITION 59 CORPORAT,YES,253,622,1,1,1,1,49,2.04%,2F-R4.PROPOSITION 59 CORPORATIONS. POLITICAL SPENDING. FEDERAL CONSTITUTIONAL PROTECTIONS..YES
000034 ,1,2,009 047 077 078 079 164 165 225 229 235,PROP_60,YES,244,623,379,0,~  2F-R4,PROPOSITION 60 ADULT FI,YES,243,622,1,1,1,1,93,1.08%,2F-R4.PROPOSITION 60 ADULT FILMS. CONDOMS. HEALTH REQUIREMENTS. INITIATIVE STATUTE..YES
000034 ,1,2,009 047 077 078 079 164 165 225 229 235,PROP_61,YES,259,623,364,0,~  2F-R4,PROPOSITION 61 STATE PR,YES,258,622,1,1,1,1,55,1.82%,2F-R4.PROPOSITION 61 STATE PRESCRIPTION DRUG PURCHASES. PRICING STANDARDS. INITIATIVE STATUTE..YES
000034 ,1,2,009 047 077 078 079 164 165 225 229 235,PROP_62,NO,390,623,233,4,~  2F-R4,PROPOSITION 62 DEATH PE,NO,389,622,1,1,1,1,189,0.53%,2F-R4.PROPOSITION 62 DEATH PENALTY. INITIATIVE STATUTE..NO
000034 ,2,3,009 047 078 164 165 225 235,PROP_63,NO,378,620,242,2,~  2F-R4,PROPOSITION 63 FIREARMS,NO,377,622,1,-2,1,2,159,0.63%,2F-R4.PROPOSITION 63 FIREARMS. AMMUNITION SALES. INITIATIVE STATUTE..NO
000034 ,2,3,009 047 078 164 165 225 235,PROP_64,YES,298,620,322,0,~  2F-R4,PROPOSITION 64 MARIJUAN,YES,299,622,-1,-2,1,2,3,33.33%,2F-R4.PROPOSITION 64 MARIJUANA LEGALIZATION. INITIATIVE STATUTE..YES
000034 ,2,3,009 047 078 164 165 225 235,PROP_65,NO,387,620,233,3,~  2F-R4,PROPOSITION 65 CARRYOUT,NO,386,622,1,-2,1,2,178,0.56%,2F-R4.PROPOSITION 65 CARRYOUT BAGS. CHARGES. INITIATIVE STATUTE..NO
000034 ,2,3,009 047 078 164 165 225 235,PROP_65,YES,209,620,411,3,~  2F-R4,PROPOSITION 65 CARRYOUT,YES,208,622,1,-2,1,2,178,0.56%,2F-R4.PROPOSITION 65 CARRYOUT BAGS. CHARGES. INITIATIVE STATUTE..YES
000034 ,2,3,009 047 078 164 165 225 235,PROP_66,NO,284,620,336,1,~  2F-R4,PROPOSITION 66 DEATH PE,NO,283,622,1,-2,1,2,7,14.29%,2F-R4.PROPOSITION 66 DEATH PENALTY. PROCEDURES. INITIATIVE STATUTE..NO
000034 ,2,3,009 047 078 164 165 225 235,PROP_66,YES,275,620,345,1,~  2F-R4,PROPOSITION 66 DEATH PE,YES,276,622,-1,-2,1,2,7,14.29%,2F-R4.PROPOSITION 66 DEATH PENALTY. PROCEDURES. INITIATIVE STATUTE..YES
000034 ,2,3,009 047 078 164 165 225 235,PROP_67,YES,245,620,375,1,~  2F-R4,PROPOSITION 67 BAN ON S,YES,244,622,1,-2,1,2,102,0.98%,2F-R4.PROPOSITION 67 BAN ON SINGLE-USE PLASTIC BAGS. REFERENDUM..YES
000034 ,1,1,009 047 077 078 079 164 165 225 229 235,STATEASS2,KEN_ANTON,206,623,417,0,~  2F-R4,"STATE ASSEMBLY, DISTRIC",KEN ANTON,205,622,1,1,1,1,112,0.89%,"2F-R4.STATE ASSEMBLY, DISTRICT 2.KEN ANTON"
000034 ,1,1,009 047 077 078 079 164 165 225 229 235,USREP,DALE_K_MENSING,267,623,356,0,~  2F-R4,US REPRESENTATIVE IN CO,DALE K. MENSING,266,622,1,1,1,1,50,2.00%,"2F-R4.US REPRESENTATIVE IN CONGRESS, DISTRICT 2.DALE K. MENSING"
000034 ,1,1,009 047 077 078 079 164 165 225 229 235,USSEN,LORETTA_L_SANCHEZ,172,623,451,1,~  2F-R4,US SENATOR,LORETTA L. SANCHEZ,171,622,1,1,1,1,108,0.93%,2F-R4.US SENATOR.LORETTA L. SANCHEZ
000035 ,2,3,008 009 049 076 077 165 166 224 235,MEAS_Q,NO,324,666,342,1,~  2HV-1,MEASURE Q HUMBOLDT COUN,NO,323,667,1,-1,1,1,59,1.69%,2HV-1.MEASURE Q HUMBOLDT COUNTY CREATION OF FINANCE DEPARTMENT MEASURE..NO
000035 ,2,3,008 009 049 076 077 165 166 224 235,MEAS_R,YES,243,666,423,1,~  2HV-1,MEASURE R HUMBOLDT COUN,YES,242,667,1,-1,1,1,100,1.00%,2HV-1.MEASURE R HUMBOLDT COUNTY FINANCE DEPARTMENT ELECTIVE OFFICE MEASURE..YES
000035 ,2,3,008 009 049 076 077 165 166 224 235,MEAS_S,NO,205,666,461,1,~  2HV-1,MEASURE S HUMBOLDT COUN,NO,204,667,1,-1,1,1,229,0.44%,2HV-1.MEASURE S HUMBOLDT COUNTY COMMERCIAL MARIJUANA CULTIVATION MEASURE..NO
000035 ,2,3,008 009 049 076 077 165 166 224 235,MEAS_V,NO,371,666,295,1,~  2HV-1,MEASURE V MOBILE HOME P,NO,370,667,1,-1,1,1,116,0.86%,2HV-1.MEASURE V MOBILE HOME PARK SPACE RENT STABILIZATION..NO
000035 ,1,1,008 009 049 076 165 166 224 235 243,PROP_51,YES,226,667,441,1,~  2HV-1,PROPOSITION 51 SCHOOL B,YES,225,667,1,0,1,0,184,0.54%,2HV-1.PROPOSITION 51 SCHOOL BONDS. FUNDING FOR K-12 SCHOOL AND COMMUNITY COLLEGE FACILITIES. INITIATIVE.YES
000035 ,1,1,008 009 049 076 165 166 224 235 243,PROP_52,NO,296,667,371,0,~  2HV-1,PROPOSITION 52 MEDI-CAL,NO,297,667,-1,0,1,0,40,2.50%,2HV-1.PROPOSITION 52 MEDI-CAL HOSPITAL FEE PROGRAM. INITIATIVE CONSTITUTIONAL AMENDMENT AND STATUTE..NO
000035 ,1,1,008 009 049 076 165 166 224 235 243,PROP_53,YES,352,667,315,1,~  2HV-1,PROPOSITION 53 REVENUE ,YES,351,667,1,0,1,0,75,1.33%,2HV-1.PROPOSITION 53 REVENUE BONDS. STATEWIDE VOTER APPROVAL. INITIATIVE CONSTITUTIONAL AMENDMENT..YES
000035 ,1,2,008 009 049 076 165 166 224 235 243,PROP_56,YES,322,667,345,1,~  2HV-1,PROPOSITION 56 CIGARETT,YES,321,667,1,0,1,0,12,8.33%,"2HV-1.PROPOSITION 56 CIGARETTE TAX TO FUND HEALTHCARE, TOBACCO USE PREVENTION, RESEARCH, AND.YES"
000035 ,1,2,008 009 049 076 165 166 224 235 243,PROP_59,YES,263,667,404,2,~  2HV-1,PROPOSITION 59 CORPORAT,YES,262,667,1,0,1,0,81,1.23%,2HV-1.PROPOSITION 59 CORPORATIONS. POLITICAL SPENDING. FEDERAL CONSTITUTIONAL PROTECTIONS..YES
000035 ,1,2,008 009 049 076 165 166 224 235 243,PROP_61,YES,256,667,411,2,~  2HV-1,PROPOSITION 61 STATE PR,YES,257,667,-1,0,1,0,101,0.99%,2HV-1.PROPOSITION 61 STATE PRESCRIPTION DRUG PURCHASES. PRICING STANDARDS. INITIATIVE STATUTE..YES
000035 ,2,3,008 009 049 076 077 165 166 224 235,PROP_64,YES,320,666,346,1,~  2HV-1,PROPOSITION 64 MARIJUAN,YES,319,667,1,-1,1,1,18,5.56%,2HV-1.PROPOSITION 64 MARIJUANA LEGALIZATION. INITIATIVE STATUTE..YES
000035 ,1,1,008 009 049 076 165 166 224 235 243,STATEASS2,JIM_WOOD,302,667,365,0,~  2HV-1,"STATE ASSEMBLY, DISTRIC",JIM WOOD,303,667,-1,0,1,0,54,1.85%,"2HV-1.STATE ASSEMBLY, DISTRICT 2.JIM WOOD"
000035 ,1,1,008 009 049 076 165 166 224 235 243,USSEN,LORETTA_L_SANCHEZ,174,667,493,0,~  2HV-1,US SENATOR,LORETTA L. SANCHEZ,175,667,-1,0,1,0,128,0.78%,2HV-1.US SENATOR.LORETTA L. SANCHEZ
000036 ,1,1,034 216 223,STATEASS2,JIM_WOOD,18,27,9,1,~  2MR,"STATE ASSEMBLY, DISTRIC",JIM WOOD,17,27,1,0,1,0,13,7.69%,"2MR.STATE ASSEMBLY, DISTRICT 2.JIM WOOD"
000036 ,1,1,034 216 223,STATEASS2,KEN_ANTON,5,27,22,1,~  2MR,"STATE ASSEMBLY, DISTRIC",KEN ANTON,4,27,1,0,1,0,13,7.69%,"2MR.STATE ASSEMBLY, DISTRICT 2.KEN ANTON"
000037 ,2,3,010 049 086 087 166 167 225 234,MEAS_R,YES,206,513,307,0,~  2R--1,MEASURE R HUMBOLDT COUN,YES,205,514,1,-1,1,1,54,1.85%,2R--1.MEASURE R HUMBOLDT COUNTY FINANCE DEPARTMENT ELECTIVE OFFICE MEASURE..YES
000037 ,2,3,010 049 086 087 166 167 225 234,MEAS_S,NO,223,513,290,1,~  2R--1,MEASURE S HUMBOLDT COUN,NO,222,514,1,-1,1,1,44,2.27%,2R--1.MEASURE S HUMBOLDT COUNTY COMMERCIAL MARIJUANA CULTIVATION MEASURE..NO
000037 ,2,3,010 049 086 087 166 167 225 234,MEAS_S,YES,267,513,246,1,~  2R--1,MEASURE S HUMBOLDT COUN,YES,266,514,1,-1,1,1,44,2.27%,2R--1.MEASURE S HUMBOLDT COUNTY COMMERCIAL MARIJUANA CULTIVATION MEASURE..YES
000037 ,2,3,010 049 086 087 166 167 225 234,MEAS_U,NO,316,513,197,1,~  2R--1,MEASURE U LOCAL TRANSPO,NO,315,514,1,-1,1,1,156,0.64%,2R--1.MEASURE U LOCAL TRANSPORTATION AUTHORITY RETAIL TRANSACTIONS AND USE TAX..NO
000037 ,2,3,010 049 086 087 166 167 225 234,MEAS_V,NO,262,513,251,2,~  2R--1,MEASURE V MOBILE HOME P,NO,261,514,1,-1,1,1,42,2.38%,2R--1.MEASURE V MOBILE HOME PARK SPACE RENT STABILIZATION..NO
000037 ,1,1,010 049 086 166 167 225 229 234,PRES,JILL_STEIN,22,514,492,1,~  2R--1,PRESIDENT AND VICE PRES,JILL STEIN      and A,21,514,1,0,1,0,35,2.86%,2R--1.PRESIDENT AND VICE PRESIDENT.JILL STEIN      and AJAMU BARAKA
000037 ,1,1,010 049 086 166 167 225 229 234,PROP_52,NO,184,514,330,1,~  2R--1,PROPOSITION 52 MEDI-CAL,NO,183,514,1,0,1,0,117,0.85%,2R--1.PROPOSITION 52 MEDI-CAL HOSPITAL FEE PROGRAM. INITIATIVE CONSTITUTIONAL AMENDMENT AND STATUTE..NO
000037 ,1,1,010 049 086 166 167 225 229 234,PROP_54,NO,189,514,325,1,~  2R--1,PROPOSITION 54 LEGISLAT,NO,188,514,1,0,1,0,100,1.00%,2R--1.PROPOSITION 54 LEGISLATURE. LEGISLATION AND PROCEEDINGS. INITIATIVE CONSTITUTIONAL AMENDMENT AND.NO
000037 ,1,1,010 049 086 166 167 225 229 234,PROP_54,YES,289,514,225,1,~  2R--1,PROPOSITION 54 LEGISLAT,YES,288,514,1,0,1,0,100,1.00%,2R--1.PROPOSITION 54 LEGISLATURE. LEGISLATION AND PROCEEDINGS. INITIATIVE CONSTITUTIONAL AMENDMENT AND.YES
000037 ,1,2,010 049 086 166 167 225 229 234,PROP_57,NO,231,509,278,1,~  2R--1,PROPOSITION 57 CRIMINAL,NO,230,514,1,-5,1,5,23,4.35%,2R--1.PROPOSITION 57 CRIMINAL SENTENCES. PAROLE. JUVENILE CRIMINAL PROCEEDINGS AND SENTENCING. INITIATIVE.NO
000037 ,1,2,010 049 086 166 167 225 229 234,PROP_61,YES,196,509,313,0,~  2R--1,PROPOSITION 61 STATE PR,YES,197,514,-1,-5,1,5,73,1.37%,2R--1.PROPOSITION 61 STATE PRESCRIPTION DRUG PURCHASES. PRICING STANDARDS. INITIATIVE STATUTE..YES
000037 ,1,2,010 049 086 166 167 225 229 234,PROP_62,NO,323,509,186,2,~  2R--1,PROPOSITION 62 DEATH PE,NO,324,514,-1,-5,1,5,169,0.59%,2R--1.PROPOSITION 62 DEATH PENALTY. INITIATIVE STATUTE..NO
000037 ,2,3,010 049 086 087 166 167 225 234,PROP_64,YES,252,513,261,2,~  2R--1,PROPOSITION 64 MARIJUAN,YES,251,514,1,-1,1,1,7,14.29%,2R--1.PROPOSITION 64 MARIJUANA LEGALIZATION. INITIATIVE STATUTE..YES
000037 ,2,3,010 049 086 087 166 167 225 234,PROP_66,NO,246,513,267,1,~  2R--1,PROPOSITION 66 DEATH PE,NO,245,514,1,-1,1,1,25,4.00%,2R--1.PROPOSITION 66 DEATH PENALTY. PROCEDURES. INITIATIVE STATUTE..NO
000037 ,1,1,010 049 086 166 167 225 229 234,RIO_CC,BRYAN_K_RICHTER,225,514,289,0,~  2R--1,RIO DELL CITY COUNCILME,BRYAN K. RICHTER,226,514,-1,0,1,0,53,1.89%,2R--1.RIO DELL CITY COUNCILMEMBER.BRYAN K. RICHTER
000037 ,1,1,010 049 086 166 167 225 229 234,RIO_CC,SUSAN_STRAHAN,288,514,226,0,~  2R--1,RIO DELL CITY COUNCILME,SUSAN STRAHAN,289,514,-1,0,1,0,53,1.89%,2R--1.RIO DELL CITY COUNCILMEMBER.SUSAN STRAHAN
000037 ,1,1,010 049 086 166 167 225 229 234,USSEN,LORETTA_L_SANCHEZ,176,514,338,1,~  2R--1,US SENATOR,LORETTA L. SANCHEZ,175,514,1,0,1,0,60,1.67%,2R--1.US SENATOR.LORETTA L. SANCHEZ
000038 ,2,3,006 009 010 047 048 085 086 167 225 234 235,MEAS_R,NO,338,627,289,1,~  2R--2,MEASURE R HUMBOLDT COUN,NO,339,629,-1,-2,1,2,136,0.74%,2R--2.MEASURE R HUMBOLDT COUNTY FINANCE DEPARTMENT ELECTIVE OFFICE MEASURE..NO
000038 ,2,3,006 009 010 047 048 085 086 167 225 234 235,MEAS_R,YES,204,627,423,1,~  2R--2,MEASURE R HUMBOLDT COUN,YES,203,629,1,-2,1,2,136,0.74%,2R--2.MEASURE R HUMBOLDT COUNTY FINANCE DEPARTMENT ELECTIVE OFFICE MEASURE..YES
000038 ,2,3,006 009 010 047 048 085 086 167 225 234 235,MEAS_S,YES,327,627,300,1,~  2R--2,MEASURE S HUMBOLDT COUN,YES,326,629,1,-2,1,2,63,1.59%,2R--2.MEASURE S HUMBOLDT COUNTY COMMERCIAL MARIJUANA CULTIVATION MEASURE..YES
000038 ,2,4,006 009 010 047 048 085 086 167 225 234 235,MEAS_T,NO,306,627,321,1,~  2R--2,MEASURE T CITY OF RIO D,NO,305,629,1,-2,1,2,21,4.76%,2R--2.MEASURE T CITY OF RIO DELL  COMMERCIAL CANNABIS ACTIVITY (ADVISORY VOTE ONLY)..NO
000038 ,2,3,006 009 010 047 048 085 086 167 225 234 235,MEAS_U,YES,197,627,430,0,~  2R--2,MEASURE U LOCAL TRANSPO,YES,198,629,-1,-2,1,2,178,0.56%,2R--2.MEASURE U LOCAL TRANSPORTATION AUTHORITY RETAIL TRANSACTIONS AND USE TAX..YES
000038 ,1,1,006 009 010 047 048 085 167 225 229 234 235,PRES,DONALD_J_TRUMP,329,629,300,0,~  2R--2,PRESIDENT AND VICE PRES,DONALD J. TRUMP      ,330,629,-1,0,1,0,112,0.89%,2R--2.PRESIDENT AND VICE PRESIDENT.DONALD J. TRUMP      and MICHAEL R. PENCE
000038 ,1,1,006 009 010 047 048 085 167 225 229 234 235,PRES,GLORIA_ESTELA_LA_RIVA,5,629,624,1,~  2R--2,PRESIDENT AND VICE PRES,GLORIA ESTELA LA RIVA,4,629,1,0,1,0,112,0.89%,2R--2.PRESIDENT AND VICE PRESIDENT.GLORIA ESTELA LA RIVA      and DENNIS J. BANKS
000038 ,1,1,006 009 010 047 048 085 167 225 229 234 235,PRES,HILLARY_CLINTON,219,629,410,1,~  2R--2,PRESIDENT AND VICE PRES,HILLARY CLINTON      ,218,629,1,0,1,0,112,0.89%,2R--2.PRESIDENT AND VICE PRESIDENT.HILLARY CLINTON      and TIM KAINE
000038 ,1,1,006 009 010 047 048 085 167 225 229 234 235,PROP_51,YES,226,629,403,2,~  2R--2,PROPOSITION 51 SCHOOL B,YES,225,629,1,0,1,0,137,0.73%,2R--2.PROPOSITION 51 SCHOOL BONDS. FUNDING FOR K-12 SCHOOL AND COMMUNITY COLLEGE FACILITIES. INITIATIVE.YES
000038 ,1,1,006 009 010 047 048 085 167 225 229 234 235,PROP_52,YES,351,629,278,0,~  2R--2,PROPOSITION 52 MEDI-CAL,YES,352,629,-1,0,1,0,120,0.83%,2R--2.PROPOSITION 52 MEDI-CAL HOSPITAL FEE PROGRAM. INITIATIVE CONSTITUTIONAL AMENDMENT AND STATUTE..YES
000038 ,1,1,006 009 010 047 048 085 167 225 229 234 235,PROP_53,YES,305,629,324,2,~  2R--2,PROPOSITION 53 REVENUE ,YES,304,629,1,0,1,0,43,2.33%,2R--2.PROPOSITION 53 REVENUE BONDS. STATEWIDE VOTER APPROVAL. INITIATIVE CONSTITUTIONAL AMENDMENT..YES
000038 ,1,1,006 009 010 047 048 085 167 225 229 234 235,PROP_54,NO,225,629,404,2,~  2R--2,PROPOSITION 54 LEGISLAT,NO,224,629,1,0,1,0,126,0.79%,2R--2.PROPOSITION 54 LEGISLATURE. LEGISLATION AND PROCEEDINGS. INITIATIVE CONSTITUTIONAL AMENDMENT AND.NO
000038 ,1,2,006 009 010 047 048 085 167 225 229 234 235,PROP_55,YES,310,629,319,1,~  2R--2,PROPOSITION 55 TAX EXTE,YES,309,629,1,0,1,0,35,2.86%,2R--2.PROPOSITION 55 TAX EXTENSION TO FUND EDUCATION AND HEALTHCARE. INITIATIVE CONSTITUTIONAL AMENDMENT..YES
000038 ,1,2,006 009 010 047 048 085 167 225 229 234 235,PROP_56,YES,278,629,351,2,~  2R--2,PROPOSITION 56 CIGARETT,YES,277,629,1,0,1,0,44,2.27%,"2R--2.PROPOSITION 56 CIGARETTE TAX TO FUND HEALTHCARE, TOBACCO USE PREVENTION, RESEARCH, AND.YES"
000038 ,1,2,006 009 010 047 048 085 167 225 229 234 235,PROP_58,YES,413,629,216,1,~  2R--2,PROPOSITION 58 ENGLISH ,YES,412,629,1,0,1,0,240,0.42%,2R--2.PROPOSITION 58 ENGLISH PROFICIENCY. MULTILINGUAL EDUCATION. INITIATIVE STATUTE..YES
000038 ,1,2,006 009 010 047 048 085 167 225 229 234 235,PROP_60,NO,321,629,308,0,~  2R--2,PROPOSITION 60 ADULT FI,NO,320,629,1,0,1,0,74,1.35%,2R--2.PROPOSITION 60 ADULT FILMS. CONDOMS. HEALTH REQUIREMENTS. INITIATIVE STATUTE..NO
000038 ,1,2,006 009 010 047 048 085 167 225 229 234 235,PROP_61,NO,320,629,309,1,~  2R--2,PROPOSITION 61 STATE PR,NO,319,629,1,0,1,0,71,1.41%,2R--2.PROPOSITION 61 STATE PRESCRIPTION DRUG PURCHASES. PRICING STANDARDS. INITIATIVE STATUTE..NO
000038 ,1,2,006 009 010 047 048 085 167 225 229 234 235,PROP_61,YES,249,629,380,1,~  2R--2,PROPOSITION 61 STATE PR,YES,248,629,1,0,1,0,71,1.41%,2R--2.PROPOSITION 61 STATE PRESCRIPTION DRUG PURCHASES. PRICING STANDARDS. INITIATIVE STATUTE..YES
000038 ,1,2,006 009 010 047 048 085 167 225 229 234 235,PROP_62,NO,432,629,197,1,~  2R--2,PROPOSITION 62 DEATH PE,NO,431,629,1,0,1,0,281,0.36%,2R--2.PROPOSITION 62 DEATH PENALTY. INITIATIVE STATUTE..NO
000038 ,1,2,006 009 010 047 048 085 167 225 229 234 235,PROP_62,YES,151,629,478,1,~  2R--2,PROPOSITION 62 DEATH PE,YES,150,629,1,0,1,0,281,0.36%,2R--2.PROPOSITION 62 DEATH PENALTY. INITIATIVE STATUTE..YES
000038 ,2,3,006 009 010 047 048 085 086 167 225 234 235,PROP_64,YES,270,627,357,1,~  2R--2,PROPOSITION 64 MARIJUAN,YES,269,629,1,-2,1,2,76,1.32%,2R--2.PROPOSITION 64 MARIJUANA LEGALIZATION. INITIATIVE STATUTE..YES
000038 ,2,3,006 009 010 047 048 085 086 167 225 234 235,PROP_66,YES,296,627,331,1,~  2R--2,PROPOSITION 66 DEATH PE,YES,295,629,1,-2,1,2,29,3.45%,2R--2.PROPOSITION 66 DEATH PENALTY. PROCEDURES. INITIATIVE STATUTE..YES
000038 ,1,1,006 009 010 047 048 085 167 225 229 234 235,RIO_CC,FRANK_WILSON,297,629,332,0,~  2R--2,RIO DELL CITY COUNCILME,FRANK WILSON,298,629,-1,0,1,0,77,1.30%,2R--2.RIO DELL CITY COUNCILMEMBER.FRANK WILSON
000038 ,1,1,006 009 010 047 048 085 167 225 229 234 235,STATEASS2,KEN_ANTON,222,629,407,0,~  2R--2,"STATE ASSEMBLY, DISTRIC",KEN ANTON,223,629,-1,0,1,0,69,1.45%,"2R--2.STATE ASSEMBLY, DISTRICT 2.KEN ANTON"
000038 ,1,1,006 009 010 047 048 085 167 225 229 234 235,USREP,DALE_K_MENSING,270,629,359,0,~  2R--2,US REPRESENTATIVE IN CO,DALE K. MENSING,271,629,-1,0,1,0,31,3.23%,"2R--2.US REPRESENTATIVE IN CONGRESS, DISTRICT 2.DALE K. MENSING"
000038 ,1,1,006 009 010 047 048 085 167 225 229 234 235,USSEN,LORETTA_L_SANCHEZ,196,629,433,1,~  2R--2,US SENATOR,LORETTA L. SANCHEZ,195,629,1,0,1,0,59,1.69%,2R--2.US SENATOR.LORETTA L. SANCHEZ
000039 ,2,3,008 009 052 078 167 168 225 235,MEAS_Q,NO,107,243,136,2,~  2RV-1,MEASURE Q HUMBOLDT COUN,NO,106,241,1,2,1,2,14,7.14%,2RV-1.MEASURE Q HUMBOLDT COUNTY CREATION OF FINANCE DEPARTMENT MEASURE..NO
000039 ,2,3,008 009 052 078 167 168 225 235,MEAS_Q,YES,121,243,122,2,~  2RV-1,MEASURE Q HUMBOLDT COUN,YES,120,241,1,2,1,2,14,7.14%,2RV-1.MEASURE Q HUMBOLDT COUNTY CREATION OF FINANCE DEPARTMENT MEASURE..YES
000039 ,2,3,008 009 052 078 167 168 225 235,MEAS_V,YES,95,243,148,1,~  2RV-1,MEASURE V MOBILE HOME P,YES,94,241,1,2,1,2,44,2.27%,2RV-1.MEASURE V MOBILE HOME PARK SPACE RENT STABILIZATION..YES
000039 ,1,1,008 009 052 078 167 168 225 235,PRES,DONALD_J_TRUMP,118,243,125,0,~  2RV-1,PRESIDENT AND VICE PRES,DONALD J. TRUMP      ,117,241,1,2,1,2,25,4.00%,2RV-1.PRESIDENT AND VICE PRESIDENT.DONALD J. TRUMP      and MICHAEL R. PENCE
000039 ,1,1,008 009 052 078 167 168 225 235,PRES,HILLARY_CLINTON,93,243,150,0,~  2RV-1,PRESIDENT AND VICE PRES,HILLARY CLINTON      ,92,241,1,2,1,2,25,4.00%,2RV-1.PRESIDENT AND VICE PRESIDENT.HILLARY CLINTON      and TIM KAINE
000039 ,1,1,008 009 052 078 167 168 225 235,PROP_51,YES,87,243,156,1,~  2RV-1,PROPOSITION 51 SCHOOL B,YES,86,241,1,2,1,2,62,1.61%,2RV-1.PROPOSITION 51 SCHOOL BONDS. FUNDING FOR K-12 SCHOOL AND COMMUNITY COLLEGE FACILITIES. INITIATIVE.YES
000039 ,1,1,008 009 052 078 167 168 225 235,PROP_52,NO,99,243,144,0,~  2RV-1,PROPOSITION 52 MEDI-CAL,NO,98,241,1,2,1,2,41,2.44%,2RV-1.PROPOSITION 52 MEDI-CAL HOSPITAL FEE PROGRAM. INITIATIVE CONSTITUTIONAL AMENDMENT AND STATUTE..NO
000039 ,1,1,008 009 052 078 167 168 225 235,PROP_52,YES,140,243,103,0,~  2RV-1,PROPOSITION 52 MEDI-CAL,YES,139,241,1,2,1,2,41,2.44%,2RV-1.PROPOSITION 52 MEDI-CAL HOSPITAL FEE PROGRAM. INITIATIVE CONSTITUTIONAL AMENDMENT AND STATUTE..YES
000039 ,1,1,008 009 052 078 167 168 225 235,PROP_53,YES,120,243,123,1,~  2RV-1,PROPOSITION 53 REVENUE ,YES,119,241,1,2,1,2,5,20.00%,2RV-1.PROPOSITION 53 REVENUE BONDS. STATEWIDE VOTER APPROVAL. INITIATIVE CONSTITUTIONAL AMENDMENT..YES
000039 ,1,1,008 009 052 078 167 168 225 235,PROP_55,NO,114,243,129,0,~  2RV-1,PROPOSITION 55 TAX EXTE,NO,113,241,1,2,1,2,9,11.11%,2RV-1.PROPOSITION 55 TAX EXTENSION TO FUND EDUCATION AND HEALTHCARE. INITIATIVE CONSTITUTIONAL AMENDMENT..NO
000039 ,1,1,008 009 052 078 167 168 225 235,PROP_55,YES,123,243,120,0,~  2RV-1,PROPOSITION 55 TAX EXTE,YES,122,241,1,2,1,2,9,11.11%,2RV-1.PROPOSITION 55 TAX EXTENSION TO FUND EDUCATION AND HEALTHCARE. INITIATIVE CONSTITUTIONAL AMENDMENT..YES
000039 ,1,2,008 009 052 078 167 168 225 235,PROP_56,NO,113,243,130,0,~  2RV-1,PROPOSITION 56 CIGARETT,NO,112,241,1,2,1,2,12,8.33%,"2RV-1.PROPOSITION 56 CIGARETTE TAX TO FUND HEALTHCARE, TOBACCO USE PREVENTION, RESEARCH, AND.NO"
000039 ,1,2,008 009 052 078 167 168 225 235,PROP_56,YES,125,243,118,0,~  2RV-1,PROPOSITION 56 CIGARETT,YES,124,241,1,2,1,2,12,8.33%,"2RV-1.PROPOSITION 56 CIGARETTE TAX TO FUND HEALTHCARE, TOBACCO USE PREVENTION, RESEARCH, AND.YES"
000039 ,1,2,008 009 052 078 167 168 225 235,PROP_57,YES,126,243,117,2,~  2RV-1,PROPOSITION 57 CRIMINAL,YES,125,241,1,2,1,2,18,5.56%,2RV-1.PROPOSITION 57 CRIMINAL SENTENCES. PAROLE. JUVENILE CRIMINAL PROCEEDINGS AND SENTENCING. INITIATIVE.YES
000039 ,1,2,008 009 052 078 167 168 225 235,PROP_59,NO,99,243,144,1,~  2RV-1,PROPOSITION 59 CORPORAT,NO,98,241,1,2,1,2,30,3.33%,2RV-1.PROPOSITION 59 CORPORATIONS. POLITICAL SPENDING. FEDERAL CONSTITUTIONAL PROTECTIONS..NO
000039 ,1,2,008 009 052 078 167 168 225 235,PROP_59,YES,129,243,114,1,~  2RV-1,PROPOSITION 59 CORPORAT,YES,128,241,1,2,1,2,30,3.33%,2RV-1.PROPOSITION 59 CORPORATIONS. POLITICAL SPENDING. FEDERAL CONSTITUTIONAL PROTECTIONS..YES
000039 ,1,2,008 009 052 078 167 168 225 235,PROP_61,YES,106,243,137,1,~  2RV-1,PROPOSITION 61 STATE PR,YES,105,241,1,2,1,2,17,5.88%,2RV-1.PROPOSITION 61 STATE PRESCRIPTION DRUG PURCHASES. PRICING STANDARDS. INITIATIVE STATUTE..YES
000039 ,1,2,008 009 052 078 167 168 225 235,PROP_63,YES,84,243,159,2,~  2RV-1,PROPOSITION 63 FIREARMS,YES,83,241,1,2,1,2,67,1.49%,2RV-1.PROPOSITION 63 FIREARMS. AMMUNITION SALES. INITIATIVE STATUTE..YES
000039 ,2,3,008 009 052 078 167 168 225 235,PROP_66,NO,106,243,137,1,~  2RV-1,PROPOSITION 66 DEATH PE,NO,105,241,1,2,1,2,13,7.69%,2RV-1.PROPOSITION 66 DEATH PENALTY. PROCEDURES. INITIATIVE STATUTE..NO
000039 ,2,3,008 009 052 078 167 168 225 235,PROP_67,NO,122,243,121,2,~  2RV-1,PROPOSITION 67 BAN ON S,NO,121,241,1,2,1,2,3,33.33%,2RV-1.PROPOSITION 67 BAN ON SINGLE-USE PLASTIC BAGS. REFERENDUM..NO
000039 ,2,3,008 009 052 078 167 168 225 235,PROP_67,YES,119,243,124,2,~  2RV-1,PROPOSITION 67 BAN ON S,YES,118,241,1,2,1,2,3,33.33%,2RV-1.PROPOSITION 67 BAN ON SINGLE-USE PLASTIC BAGS. REFERENDUM..YES
000039 ,1,1,008 009 052 078 167 168 225 235,USREP,DALE_K_MENSING,98,243,145,0,~  2RV-1,US REPRESENTATIVE IN CO,DALE K. MENSING,97,241,1,2,1,2,32,3.12%,"2RV-1.US REPRESENTATIVE IN CONGRESS, DISTRICT 2.DALE K. MENSING"
000039 ,1,1,008 009 052 078 167 168 225 235,USREP,JARED_W_HUFFMAN,130,243,113,0,~  2RV-1,US REPRESENTATIVE IN CO,JARED W. HUFFMAN,129,241,1,2,1,2,32,3.12%,"2RV-1.US REPRESENTATIVE IN CONGRESS, DISTRICT 2.JARED W. HUFFMAN"
000040 ,2,3,033 034 216 217 223,MEAS_Q,NO,83,147,64,1,~  2SH-1,MEASURE Q HUMBOLDT COUN,NO,82,149,1,-2,1,2,44,2.27%,2SH-1.MEASURE Q HUMBOLDT COUNTY CREATION OF FINANCE DEPARTMENT MEASURE..NO
000040 ,2,3,033 034 216 217 223,MEAS_Q,YES,39,147,108,1,~  2SH-1,MEASURE Q HUMBOLDT COUN,YES,38,149,1,-2,1,2,44,2.27%,2SH-1.MEASURE Q HUMBOLDT COUNTY CREATION OF FINANCE DEPARTMENT MEASURE..YES
000040 ,2,3,033 034 216 217 223,MEAS_S,YES,48,147,99,0,~  2SH-1,MEASURE S HUMBOLDT COUN,YES,49,149,-1,-2,1,2,40,2.50%,2SH-1.MEASURE S HUMBOLDT COUNTY COMMERCIAL MARIJUANA CULTIVATION MEASURE..YES
000040 ,2,3,033 034 216 217 223,MEAS_U,YES,82,147,65,0,~  2SH-1,MEASURE U LOCAL TRANSPO,YES,83,149,-1,-2,1,2,31,3.23%,2SH-1.MEASURE U LOCAL TRANSPORTATION AUTHORITY RETAIL TRANSACTIONS AND USE TAX..YES
000040 ,1,1,033 034 216 217 223 229,PRES,DONALD_J_TRUMP,11,149,138,0,~  2SH-1,PRESIDENT AND VICE PRES,DONALD J. TRUMP      ,12,149,-1,0,1,0,76,1.32%,2SH-1.PRESIDENT AND VICE PRESIDENT.DONALD J. TRUMP      and MICHAEL R. PENCE
000040 ,1,1,033 034 216 217 223 229,PROP_51,NO,67,149,82,0,~  2SH-1,PROPOSITION 51 SCHOOL B,NO,68,149,-1,0,1,0,4,25.00%,2SH-1.PROPOSITION 51 SCHOOL BONDS. FUNDING FOR K-12 SCHOOL AND COMMUNITY COLLEGE FACILITIES. INITIATIVE.NO
000040 ,1,1,033 034 216 217 223 229,PROP_52,YES,110,149,39,1,~  2SH-1,PROPOSITION 52 MEDI-CAL,YES,109,149,1,0,1,0,81,1.23%,2SH-1.PROPOSITION 52 MEDI-CAL HOSPITAL FEE PROGRAM. INITIATIVE CONSTITUTIONAL AMENDMENT AND STATUTE..YES
000040 ,1,1,033 034 216 217 223 229,PROP_54,NO,39,149,110,2,~  2SH-1,PROPOSITION 54 LEGISLAT,NO,38,149,1,0,1,0,62,1.61%,2SH-1.PROPOSITION 54 LEGISLATURE. LEGISLATION AND PROCEEDINGS. INITIATIVE CONSTITUTIONAL AMENDMENT AND.NO
000040 ,1,1,033 034 216 217 223 229,PROP_54,YES,101,149,48,2,~  2SH-1,PROPOSITION 54 LEGISLAT,YES,100,149,1,0,1,0,62,1.61%,2SH-1.PROPOSITION 54 LEGISLATURE. LEGISLATION AND PROCEEDINGS. INITIATIVE CONSTITUTIONAL AMENDMENT AND.YES
000040 ,1,1,033 034 216 217 223 229,PROP_55,NO,16,149,133,1,~  2SH-1,PROPOSITION 55 TAX EXTE,NO,15,149,1,0,1,0,110,0.91%,2SH-1.PROPOSITION 55 TAX EXTENSION TO FUND EDUCATION AND HEALTHCARE. INITIATIVE CONSTITUTIONAL AMENDMENT..NO
000040 ,1,2,033 034 216 217 223 229,PROP_57,NO,19,149,130,1,~  2SH-1,PROPOSITION 57 CRIMINAL,NO,18,149,1,0,1,0,104,0.96%,2SH-1.PROPOSITION 57 CRIMINAL SENTENCES. PAROLE. JUVENILE CRIMINAL PROCEEDINGS AND SENTENCING. INITIATIVE.NO
000040 ,1,2,033 034 216 217 223 229,PROP_57,YES,123,149,26,1,~  2SH-1,PROPOSITION 57 CRIMINAL,YES,122,149,1,0,1,0,104,0.96%,2SH-1.PROPOSITION 57 CRIMINAL SENTENCES. PAROLE. JUVENILE CRIMINAL PROCEEDINGS AND SENTENCING. INITIATIVE.YES
000040 ,1,2,033 034 216 217 223 229,PROP_58,YES,123,149,26,0,~  2SH-1,PROPOSITION 58 ENGLISH ,YES,124,149,-1,0,1,0,109,0.92%,2SH-1.PROPOSITION 58 ENGLISH PROFICIENCY. MULTILINGUAL EDUCATION. INITIATIVE STATUTE..YES
000040 ,1,2,033 034 216 217 223 229,PROP_60,YES,51,149,98,1,~  2SH-1,PROPOSITION 60 ADULT FI,YES,50,149,1,0,1,0,27,3.70%,2SH-1.PROPOSITION 60 ADULT FILMS. CONDOMS. HEALTH REQUIREMENTS. INITIATIVE STATUTE..YES
000040 ,1,2,033 034 216 217 223 229,PROP_61,YES,101,149,48,2,~  2SH-1,PROPOSITION 61 STATE PR,YES,100,149,1,0,1,0,63,1.59%,2SH-1.PROPOSITION 61 STATE PRESCRIPTION DRUG PURCHASES. PRICING STANDARDS. INITIATIVE STATUTE..YES
000040 ,2,3,033 034 216 217 223,PROP_64,NO,84,147,63,1,~  2SH-1,PROPOSITION 64 MARIJUAN,NO,83,149,1,-2,1,2,25,4.00%,2SH-1.PROPOSITION 64 MARIJUANA LEGALIZATION. INITIATIVE STATUTE..NO
000040 ,2,3,033 034 216 217 223,PROP_66,NO,100,147,47,2,~  2SH-1,PROPOSITION 66 DEATH PE,NO,99,149,1,-2,1,2,65,1.54%,2SH-1.PROPOSITION 66 DEATH PENALTY. PROCEDURES. INITIATIVE STATUTE..NO
000040 ,2,3,033 034 216 217 223,PROP_66,YES,35,147,112,2,~  2SH-1,PROPOSITION 66 DEATH PE,YES,34,149,1,-2,1,2,65,1.54%,2SH-1.PROPOSITION 66 DEATH PENALTY. PROCEDURES. INITIATIVE STATUTE..YES
000040 ,1,1,033 034 216 217 223 229,USSEN,KAMALA_D_HARRIS,111,149,38,0,~  2SH-1,US SENATOR,KAMALA D. HARRIS,110,149,1,0,1,0,82,1.22%,2SH-1.US SENATOR.KAMALA D. HARRIS
000042 ,2,3,034 035 217 223,MEAS_U,NO,70,121,51,1,~  2SH-3,MEASURE U LOCAL TRANSPO,NO,69,121,1,0,1,0,21,4.76%,2SH-3.MEASURE U LOCAL TRANSPORTATION AUTHORITY RETAIL TRANSACTIONS AND USE TAX..NO
000042 ,2,3,034 035 217 223,MEAS_U,YES,49,121,72,1,~  2SH-3,MEASURE U LOCAL TRANSPO,YES,48,121,1,0,1,0,21,4.76%,2SH-3.MEASURE U LOCAL TRANSPORTATION AUTHORITY RETAIL TRANSACTIONS AND USE TAX..YES
000042 ,2,3,034 035 217 223,MEAS_V,NO,72,121,49,1,~  2SH-3,MEASURE V MOBILE HOME P,NO,71,121,1,0,1,0,28,3.57%,2SH-3.MEASURE V MOBILE HOME PARK SPACE RENT STABILIZATION..NO
000042 ,2,3,034 035 217 223,MEAS_V,YES,44,121,77,1,~  2SH-3,MEASURE V MOBILE HOME P,YES,43,121,1,0,1,0,28,3.57%,2SH-3.MEASURE V MOBILE HOME PARK SPACE RENT STABILIZATION..YES
000042 ,1,1,034 035 217 223,PROP_53,YES,67,121,54,1,~  2SH-3,PROPOSITION 53 REVENUE ,YES,66,121,1,0,1,0,19,5.26%,2SH-3.PROPOSITION 53 REVENUE BONDS. STATEWIDE VOTER APPROVAL. INITIATIVE CONSTITUTIONAL AMENDMENT..YES
000042 ,1,1,034 035 217 223,PROP_54,YES,74,121,47,1,~  2SH-3,PROPOSITION 54 LEGISLAT,YES,73,121,1,0,1,0,29,3.45%,2SH-3.PROPOSITION 54 LEGISLATURE. LEGISLATION AND PROCEEDINGS. INITIATIVE CONSTITUTIONAL AMENDMENT AND.YES
000042 ,1,2,034 035 217 223,PROP_60,NO,62,121,59,2,~  2SH-3,PROPOSITION 60 ADULT FI,NO,61,121,1,0,1,0,18,5.56%,2SH-3.PROPOSITION 60 ADULT FILMS. CONDOMS. HEALTH REQUIREMENTS. INITIATIVE STATUTE..NO
000042 ,1,2,034 035 217 223,PROP_61,YES,68,121,53,1,~  2SH-3,PROPOSITION 61 STATE PR,YES,67,121,1,0,1,0,22,4.55%,2SH-3.PROPOSITION 61 STATE PRESCRIPTION DRUG PURCHASES. PRICING STANDARDS. INITIATIVE STATUTE..YES
000042 ,2,3,034 035 217 223,PROP_65,YES,36,121,85,1,~  2SH-3,PROPOSITION 65 CARRYOUT,YES,35,121,1,0,1,0,46,2.17%,2SH-3.PROPOSITION 65 CARRYOUT BAGS. CHARGES. INITIATIVE STATUTE..YES
000042 ,2,3,034 035 217 223,PROP_66,YES,40,121,81,1,~  2SH-3,PROPOSITION 66 DEATH PE,YES,39,121,1,0,1,0,30,3.33%,2SH-3.PROPOSITION 66 DEATH PENALTY. PROCEDURES. INITIATIVE STATUTE..YES
000042 ,1,1,034 035 217 223,USREP,DALE_K_MENSING,48,121,73,1,~  2SH-3,US REPRESENTATIVE IN CO,DALE K. MENSING,47,121,1,0,1,0,21,4.76%,"2SH-3.US REPRESENTATIVE IN CONGRESS, DISTRICT 2.DALE K. MENSING"
000042 ,1,1,034 035 217 223,USSEN,KAMALA_D_HARRIS,52,121,69,1,~  2SH-3,US SENATOR,KAMALA D. HARRIS,51,121,1,0,1,0,18,5.56%,2SH-3.US SENATOR.KAMALA D. HARRIS
000043 ,2,3,011 048 049 082 168 225 235 243,MEAS_Q,YES,190,553,363,1,~  2SH-4,MEASURE Q HUMBOLDT COUN,YES,189,557,1,-4,1,4,88,1.14%,2SH-4.MEASURE Q HUMBOLDT COUNTY CREATION OF FINANCE DEPARTMENT MEASURE..YES
000043 ,2,3,011 048 049 082 168 225 235 243,MEAS_R,NO,250,553,303,1,~  2SH-4,MEASURE R HUMBOLDT COUN,NO,249,557,1,-4,1,4,33,3.03%,2SH-4.MEASURE R HUMBOLDT COUNTY FINANCE DEPARTMENT ELECTIVE OFFICE MEASURE..NO
000043 ,2,3,011 048 049 082 168 225 235 243,MEAS_U,NO,260,553,293,2,~  2SH-4,MEASURE U LOCAL TRANSPO,NO,259,557,1,-4,1,4,22,4.55%,2SH-4.MEASURE U LOCAL TRANSPORTATION AUTHORITY RETAIL TRANSACTIONS AND USE TAX..NO
000043 ,2,3,011 048 049 082 168 225 235 243,MEAS_U,YES,238,553,315,2,~  2SH-4,MEASURE U LOCAL TRANSPO,YES,237,557,1,-4,1,4,22,4.55%,2SH-4.MEASURE U LOCAL TRANSPORTATION AUTHORITY RETAIL TRANSACTIONS AND USE TAX..YES
000043 ,2,3,011 048 049 082 168 225 235 243,MEAS_V,NO,214,553,339,1,~  2SH-4,MEASURE V MOBILE HOME P,NO,213,557,1,-4,1,4,75,1.33%,2SH-4.MEASURE V MOBILE HOME PARK SPACE RENT STABILIZATION..NO
000043 ,2,3,011 048 049 082 168 225 235 243,MEAS_V,YES,289,553,264,1,~  2SH-4,MEASURE V MOBILE HOME P,YES,288,557,1,-4,1,4,75,1.33%,2SH-4.MEASURE V MOBILE HOME PARK SPACE RENT STABILIZATION..YES
000043 ,1,1,011 048 049 082 168 225 229 235 243,PROP_51,YES,264,557,293,1,~  2SH-4,PROPOSITION 51 SCHOOL B,YES,263,557,1,0,1,0,11,9.09%,2SH-4.PROPOSITION 51 SCHOOL BONDS. FUNDING FOR K-12 SCHOOL AND COMMUNITY COLLEGE FACILITIES. INITIATIVE.YES
000043 ,1,1,011 048 049 082 168 225 229 235 243,PROP_52,YES,343,557,214,4,~  2SH-4,PROPOSITION 52 MEDI-CAL,YES,342,557,1,0,1,0,178,0.56%,2SH-4.PROPOSITION 52 MEDI-CAL HOSPITAL FEE PROGRAM. INITIATIVE CONSTITUTIONAL AMENDMENT AND STATUTE..YES
000043 ,1,2,011 048 049 082 168 225 229 235 243,PROP_56,NO,211,553,342,1,~  2SH-4,PROPOSITION 56 CIGARETT,NO,210,557,1,-4,1,4,108,0.93%,"2SH-4.PROPOSITION 56 CIGARETTE TAX TO FUND HEALTHCARE, TOBACCO USE PREVENTION, RESEARCH, AND.NO"
000043 ,1,2,011 048 049 082 168 225 229 235 243,PROP_62,NO,208,553,345,1,~  2SH-4,PROPOSITION 62 DEATH PE,NO,209,557,-1,-4,1,4,94,1.06%,2SH-4.PROPOSITION 62 DEATH PENALTY. INITIATIVE STATUTE..NO
000043 ,1,2,011 048 049 082 168 225 229 235 243,PROP_63,YES,249,553,304,1,~  2SH-4,PROPOSITION 63 FIREARMS,YES,248,557,1,-4,1,4,29,3.45%,2SH-4.PROPOSITION 63 FIREARMS. AMMUNITION SALES. INITIATIVE STATUTE..YES
000043 ,1,1,011 048 049 082 168 225 229 235 243,STATEASS2,JIM_WOOD,359,557,198,0,~  2SH-4,"STATE ASSEMBLY, DISTRIC",JIM WOOD,360,557,-1,0,1,0,246,0.41%,"2SH-4.STATE ASSEMBLY, DISTRICT 2.JIM WOOD"
000044 ,2,3,010 011 052 083 084 168 169 225 235,MEAS_R,NO,383,763,380,1,~  2SH-5,MEASURE R HUMBOLDT COUN,NO,384,766,-1,-3,1,3,93,1.08%,2SH-5.MEASURE R HUMBOLDT COUNTY FINANCE DEPARTMENT ELECTIVE OFFICE MEASURE..NO
000044 ,2,3,010 011 052 083 084 168 169 225 235,MEAS_R,YES,292,763,471,1,~  2SH-5,MEASURE R HUMBOLDT COUN,YES,291,766,1,-3,1,3,93,1.08%,2SH-5.MEASURE R HUMBOLDT COUNTY FINANCE DEPARTMENT ELECTIVE OFFICE MEASURE..YES
000044 ,2,3,010 011 052 083 084 168 169 225 235,MEAS_U,NO,379,763,384,2,~  2SH-5,MEASURE U LOCAL TRANSPO,NO,380,766,-1,-3,1,3,37,2.70%,2SH-5.MEASURE U LOCAL TRANSPORTATION AUTHORITY RETAIL TRANSACTIONS AND USE TAX..NO
000044 ,1,1,010 011 052 082 083 168 169 225 229 235 243,PRES,DONALD_J_TRUMP,187,767,580,1,~  2SH-5,PRESIDENT AND VICE PRES,DONALD J. TRUMP      ,186,766,1,1,1,1,214,0.47%,2SH-5.PRESIDENT AND VICE PRESIDENT.DONALD J. TRUMP      and MICHAEL R. PENCE
000044 ,1,1,010 011 052 082 083 168 169 225 229 235 243,PRES,GARY_JOHNSON,32,767,735,1,~  2SH-5,PRESIDENT AND VICE PRES,GARY JOHNSON      and,31,766,1,1,1,1,214,0.47%,2SH-5.PRESIDENT AND VICE PRESIDENT.GARY JOHNSON      and BILL WELD
000044 ,1,1,010 011 052 082 083 168 169 225 229 235 243,PRES,HILLARY_CLINTON,401,767,366,1,~  2SH-5,PRESIDENT AND VICE PRES,HILLARY CLINTON      ,400,766,1,1,1,1,214,0.47%,2SH-5.PRESIDENT AND VICE PRESIDENT.HILLARY CLINTON      and TIM KAINE
000044 ,1,1,010 011 052 082 083 168 169 225 229 235 243,PRES,JILL_STEIN,96,767,671,0,~  2SH-5,PRESIDENT AND VICE PRES,JILL STEIN      and A,95,766,1,1,1,1,214,0.47%,2SH-5.PRESIDENT AND VICE PRESIDENT.JILL STEIN      and AJAMU BARAKA
000044 ,1,1,010 011 052 082 083 168 169 225 229 235 243,PROP_51,NO,357,767,410,1,~  2SH-5,PROPOSITION 51 SCHOOL B,NO,356,766,1,1,1,1,24,4.17%,2SH-5.PROPOSITION 51 SCHOOL BONDS. FUNDING FOR K-12 SCHOOL AND COMMUNITY COLLEGE FACILITIES. INITIATIVE.NO
000044 ,1,1,010 011 052 082 083 168 169 225 229 235 243,PROP_51,YES,381,767,386,1,~  2SH-5,PROPOSITION 51 SCHOOL B,YES,380,766,1,1,1,1,24,4.17%,2SH-5.PROPOSITION 51 SCHOOL BONDS. FUNDING FOR K-12 SCHOOL AND COMMUNITY COLLEGE FACILITIES. INITIATIVE.YES
000044 ,1,1,010 011 052 082 083 168 169 225 229 235 243,PROP_52,NO,225,767,542,0,~  2SH-5,PROPOSITION 52 MEDI-CAL,NO,226,766,-1,1,1,1,274,0.36%,2SH-5.PROPOSITION 52 MEDI-CAL HOSPITAL FEE PROGRAM. INITIATIVE CONSTITUTIONAL AMENDMENT AND STATUTE..NO
000044 ,1,1,010 011 052 082 083 168 169 225 229 235 243,PROP_52,YES,501,767,266,0,~  2SH-5,PROPOSITION 52 MEDI-CAL,YES,500,766,1,1,1,1,274,0.36%,2SH-5.PROPOSITION 52 MEDI-CAL HOSPITAL FEE PROGRAM. INITIATIVE CONSTITUTIONAL AMENDMENT AND STATUTE..YES
000044 ,1,1,010 011 052 082 083 168 169 225 229 235 243,PROP_53,NO,342,767,425,1,~  2SH-5,PROPOSITION 53 REVENUE ,NO,341,766,1,1,1,1,44,2.27%,2SH-5.PROPOSITION 53 REVENUE BONDS. STATEWIDE VOTER APPROVAL. INITIATIVE CONSTITUTIONAL AMENDMENT..NO
000044 ,1,1,010 011 052 082 083 168 169 225 229 235 243,PROP_53,YES,386,767,381,1,~  2SH-5,PROPOSITION 53 REVENUE ,YES,385,766,1,1,1,1,44,2.27%,2SH-5.PROPOSITION 53 REVENUE BONDS. STATEWIDE VOTER APPROVAL. INITIATIVE CONSTITUTIONAL AMENDMENT..YES
000044 ,1,1,010 011 052 082 083 168 169 225 229 235 243,PROP_55,NO,208,767,559,1,~  2SH-5,PROPOSITION 55 TAX EXTE,NO,207,766,1,1,1,1,325,0.31%,2SH-5.PROPOSITION 55 TAX EXTENSION TO FUND EDUCATION AND HEALTHCARE. INITIATIVE CONSTITUTIONAL AMENDMENT..NO
000044 ,1,2,010 011 052 082 083 168 169 225 229 235 243,PROP_56,NO,349,766,417,0,~  2SH-5,PROPOSITION 56 CIGARETT,NO,348,766,1,0,1,0,45,2.22%,"2SH-5.PROPOSITION 56 CIGARETTE TAX TO FUND HEALTHCARE, TOBACCO USE PREVENTION, RESEARCH, AND.NO"
000044 ,1,2,010 011 052 082 083 168 169 225 229 235 243,PROP_56,YES,392,766,374,0,~  2SH-5,PROPOSITION 56 CIGARETT,YES,393,766,-1,0,1,0,45,2.22%,"2SH-5.PROPOSITION 56 CIGARETTE TAX TO FUND HEALTHCARE, TOBACCO USE PREVENTION, RESEARCH, AND.YES"
000044 ,1,2,010 011 052 082 083 168 169 225 229 235 243,PROP_58,NO,164,766,602,0,~  2SH-5,PROPOSITION 58 ENGLISH ,NO,165,766,-1,0,1,0,384,0.26%,2SH-5.PROPOSITION 58 ENGLISH PROFICIENCY. MULTILINGUAL EDUCATION. INITIATIVE STATUTE..NO
000044 ,1,2,010 011 052 082 083 168 169 225 229 235 243,PROP_58,YES,550,766,216,0,~  2SH-5,PROPOSITION 58 ENGLISH ,YES,549,766,1,0,1,0,384,0.26%,2SH-5.PROPOSITION 58 ENGLISH PROFICIENCY. MULTILINGUAL EDUCATION. INITIATIVE STATUTE..YES
000044 ,1,2,010 011 052 082 083 168 169 225 229 235 243,PROP_60,NO,427,766,339,0,~  2SH-5,PROPOSITION 60 ADULT FI,NO,426,766,1,0,1,0,159,0.63%,2SH-5.PROPOSITION 60 ADULT FILMS. CONDOMS. HEALTH REQUIREMENTS. INITIATIVE STATUTE..NO
000044 ,1,2,010 011 052 082 083 168 169 225 229 235 243,PROP_62,NO,321,766,445,1,~  2SH-5,PROPOSITION 62 DEATH PE,NO,322,766,-1,0,1,0,76,1.32%,2SH-5.PROPOSITION 62 DEATH PENALTY. INITIATIVE STATUTE..NO
000044 ,1,2,010 011 052 082 083 168 169 225 229 235 243,PROP_63,NO,416,766,350,4,~  2SH-5,PROPOSITION 63 FIREARMS,NO,415,766,1,0,1,0,96,1.04%,2SH-5.PROPOSITION 63 FIREARMS. AMMUNITION SALES. INITIATIVE STATUTE..NO
000044 ,2,3,010 011 052 083 084 168 169 225 235,PROP_64,NO,490,763,273,0,~  2SH-5,PROPOSITION 64 MARIJUAN,NO,491,766,-1,-3,1,3,234,0.43%,2SH-5.PROPOSITION 64 MARIJUANA LEGALIZATION. INITIATIVE STATUTE..NO
000044 ,2,3,010 011 052 083 084 168 169 225 235,PROP_65,NO,421,763,342,3,~  2SH-5,PROPOSITION 65 CARRYOUT,NO,420,766,1,-3,1,3,113,0.88%,2SH-5.PROPOSITION 65 CARRYOUT BAGS. CHARGES. INITIATIVE STATUTE..NO
000044 ,1,1,010 011 052 082 083 168 169 225 229 235 243,STATEASS2,KEN_ANTON,186,767,581,0,~  2SH-5,"STATE ASSEMBLY, DISTRIC",KEN ANTON,185,766,1,1,1,1,284,0.35%,"2SH-5.STATE ASSEMBLY, DISTRICT 2.KEN ANTON"
000044 ,1,1,010 011 052 082 083 168 169 225 229 235 243,USSEN,KAMALA_D_HARRIS,440,767,327,1,~  2SH-5,US SENATOR,KAMALA D. HARRIS,439,766,1,1,1,1,237,0.42%,2SH-5.US SENATOR.KAMALA D. HARRIS
000045 ,2,3,034 217 223,PROP_65,YES,19,48,29,1,~  2SH-7,PROPOSITION 65 CARRYOUT,YES,18,48,1,0,1,0,12,8.33%,2SH-7.PROPOSITION 65 CARRYOUT BAGS. CHARGES. INITIATIVE STATUTE..YES
000045 ,1,1,034 217 223,USSEN,LORETTA_L_SANCHEZ,15,48,33,1,~  2SH-7,US SENATOR,LORETTA L. SANCHEZ,14,48,1,0,1,0,13,7.69%,2SH-7.US SENATOR.LORETTA L. SANCHEZ
000046 ,2,3,034 218 223,MEAS_R,NO,71,124,53,1,~  2SH-8,MEASURE R HUMBOLDT COUN,NO,70,124,1,0,1,0,34,2.94%,2SH-8.MEASURE R HUMBOLDT COUNTY FINANCE DEPARTMENT ELECTIVE OFFICE MEASURE..NO
000046 ,1,2,034 218 223,PROP_59,YES,80,124,44,1,~  2SH-8,PROPOSITION 59 CORPORAT,YES,79,124,1,0,1,0,51,1.96%,2SH-8.PROPOSITION 59 CORPORATIONS. POLITICAL SPENDING. FEDERAL CONSTITUTIONAL PROTECTIONS..YES
000046 ,1,2,034 218 223,PROP_62,YES,51,124,73,1,~  2SH-8,PROPOSITION 62 DEATH PE,YES,50,124,1,0,1,0,9,11.11%,2SH-8.PROPOSITION 62 DEATH PENALTY. INITIATIVE STATUTE..YES
000046 ,2,3,034 218 223,PROP_65,NO,74,124,50,1,~  2SH-8,PROPOSITION 65 CARRYOUT,NO,73,124,1,0,1,0,32,3.12%,2SH-8.PROPOSITION 65 CARRYOUT BAGS. CHARGES. INITIATIVE STATUTE..NO
000046 ,2,3,034 218 223,PROP_66,NO,62,124,62,1,~  2SH-8,PROPOSITION 66 DEATH PE,NO,61,124,1,0,1,0,18,5.56%,2SH-8.PROPOSITION 66 DEATH PENALTY. PROCEDURES. INITIATIVE STATUTE..NO
000047 ,1,1,034 218 223 229,PROP_55,NO,36,141,105,1,~  2SHF1,PROPOSITION 55 TAX EXTE,NO,35,141,1,0,1,0,65,1.54%,2SHF1.PROPOSITION 55 TAX EXTENSION TO FUND EDUCATION AND HEALTHCARE. INITIATIVE CONSTITUTIONAL AMENDMENT..NO
000047 ,1,2,034 218 223 229,PROP_57,YES,108,141,33,1,~  2SHF1,PROPOSITION 57 CRIMINAL,YES,107,141,1,0,1,0,78,1.28%,2SHF1.PROPOSITION 57 CRIMINAL SENTENCES. PAROLE. JUVENILE CRIMINAL PROCEEDINGS AND SENTENCING. INITIATIVE.YES
000047 ,2,3,034 218 223,PROP_64,NO,84,140,56,1,~  2SHF1,PROPOSITION 64 MARIJUAN,NO,83,141,1,-1,1,1,32,3.12%,2SHF1.PROPOSITION 64 MARIJUANA LEGALIZATION. INITIATIVE STATUTE..NO
000047 ,2,3,034 218 223,PROP_64,YES,52,140,88,1,~  2SHF1,PROPOSITION 64 MARIJUAN,YES,51,141,1,-1,1,1,32,3.12%,2SHF1.PROPOSITION 64 MARIJUANA LEGALIZATION. INITIATIVE STATUTE..YES
000047 ,2,3,034 218 223,PROP_65,YES,46,140,94,1,~  2SHF1,PROPOSITION 65 CARRYOUT,YES,45,141,1,-1,1,1,45,2.22%,2SHF1.PROPOSITION 65 CARRYOUT BAGS. CHARGES. INITIATIVE STATUTE..YES
000047 ,2,3,034 218 223,PROP_66,YES,41,140,99,1,~  2SHF1,PROPOSITION 66 DEATH PE,YES,40,141,1,-1,1,1,49,2.04%,2SHF1.PROPOSITION 66 DEATH PENALTY. PROCEDURES. INITIATIVE STATUTE..YES
000048 ,2,3,035 217 218 223,MEAS_V,NO,86,161,75,2,~  2SHR1,MEASURE V MOBILE HOME P,NO,85,162,1,-1,1,1,20,5.00%,2SHR1.MEASURE V MOBILE HOME PARK SPACE RENT STABILIZATION..NO
000048 ,2,3,035 217 218 223,MEAS_V,YES,66,161,95,2,~  2SHR1,MEASURE V MOBILE HOME P,YES,65,162,1,-1,1,1,20,5.00%,2SHR1.MEASURE V MOBILE HOME PARK SPACE RENT STABILIZATION..YES
000048 ,1,1,035 217 218 223 229,PRES,HILLARY_CLINTON,93,162,69,1,~  2SHR1,PRESIDENT AND VICE PRES,HILLARY CLINTON      ,92,162,1,0,1,0,55,1.82%,2SHR1.PRESIDENT AND VICE PRESIDENT.HILLARY CLINTON      and TIM KAINE
000048 ,1,1,035 217 218 223 229,PROP_52,NO,49,162,113,1,~  2SHR1,PROPOSITION 52 MEDI-CAL,NO,48,162,1,0,1,0,57,1.75%,2SHR1.PROPOSITION 52 MEDI-CAL HOSPITAL FEE PROGRAM. INITIATIVE CONSTITUTIONAL AMENDMENT AND STATUTE..NO
000048 ,1,1,035 217 218 223 229,PROP_55,NO,50,162,112,1,~  2SHR1,PROPOSITION 55 TAX EXTE,NO,49,162,1,0,1,0,58,1.72%,2SHR1.PROPOSITION 55 TAX EXTENSION TO FUND EDUCATION AND HEALTHCARE. INITIATIVE CONSTITUTIONAL AMENDMENT..NO
000048 ,1,2,035 217 218 223 229,PROP_56,YES,97,162,65,1,~  2SHR1,PROPOSITION 56 CIGARETT,YES,96,162,1,0,1,0,32,3.12%,"2SHR1.PROPOSITION 56 CIGARETTE TAX TO FUND HEALTHCARE, TOBACCO USE PREVENTION, RESEARCH, AND.YES"
000048 ,1,2,035 217 218 223 229,PROP_59,NO,56,162,106,1,~  2SHR1,PROPOSITION 59 CORPORAT,NO,55,162,1,0,1,0,40,2.50%,2SHR1.PROPOSITION 59 CORPORATIONS. POLITICAL SPENDING. FEDERAL CONSTITUTIONAL PROTECTIONS..NO
000048 ,1,2,035 217 218 223 229,PROP_63,NO,84,162,78,2,~  2SHR1,PROPOSITION 63 FIREARMS,NO,83,162,1,0,1,0,10,10.00%,2SHR1.PROPOSITION 63 FIREARMS. AMMUNITION SALES. INITIATIVE STATUTE..NO
000048 ,1,2,035 217 218 223 229,PROP_63,YES,74,162,88,2,~  2SHR1,PROPOSITION 63 FIREARMS,YES,73,162,1,0,1,0,10,10.00%,2SHR1.PROPOSITION 63 FIREARMS. AMMUNITION SALES. INITIATIVE STATUTE..YES
000048 ,2,3,035 217 218 223,PROP_64,NO,90,161,71,2,~  2SHR1,PROPOSITION 64 MARIJUAN,NO,89,162,1,-1,1,1,18,5.56%,2SHR1.PROPOSITION 64 MARIJUANA LEGALIZATION. INITIATIVE STATUTE..NO
000048 ,2,3,035 217 218 223,PROP_65,YES,67,161,94,1,~  2SHR1,PROPOSITION 65 CARRYOUT,YES,66,162,1,-1,1,1,22,4.55%,2SHR1.PROPOSITION 65 CARRYOUT BAGS. CHARGES. INITIATIVE STATUTE..YES
000048 ,2,3,035 217 218 223,PROP_66,YES,54,161,107,1,~  2SHR1,PROPOSITION 66 DEATH PE,YES,53,162,1,-1,1,1,37,2.70%,2SHR1.PROPOSITION 66 DEATH PENALTY. PROCEDURES. INITIATIVE STATUTE..YES
000048 ,2,3,035 217 218 223,PROP_67,YES,94,161,67,1,~  2SHR1,PROPOSITION 67 BAN ON S,YES,93,162,1,-1,1,1,31,3.23%,2SHR1.PROPOSITION 67 BAN ON SINGLE-USE PLASTIC BAGS. REFERENDUM..YES
000049 ,2,3,035 219 220 223,MEAS_Q,YES,45,140,95,0,~  2SHR2,MEASURE Q HUMBOLDT COUN,YES,46,141,-1,-1,1,1,26,3.85%,2SHR2.MEASURE Q HUMBOLDT COUNTY CREATION OF FINANCE DEPARTMENT MEASURE..YES
000049 ,2,3,035 219 220 223,MEAS_R,NO,61,140,79,0,~  2SHR2,MEASURE R HUMBOLDT COUN,NO,62,141,-1,-1,1,1,6,16.67%,2SHR2.MEASURE R HUMBOLDT COUNTY FINANCE DEPARTMENT ELECTIVE OFFICE MEASURE..NO
000049 ,2,3,035 219 220 223,MEAS_S,YES,45,140,95,0,~  2SHR2,MEASURE S HUMBOLDT COUN,YES,46,141,-1,-1,1,1,34,2.94%,2SHR2.MEASURE S HUMBOLDT COUNTY COMMERCIAL MARIJUANA CULTIVATION MEASURE..YES
000049 ,2,3,035 219 220 223,MEAS_U,YES,50,140,90,0,~  2SHR2,MEASURE U LOCAL TRANSPO,YES,51,141,-1,-1,1,1,23,4.35%,2SHR2.MEASURE U LOCAL TRANSPORTATION AUTHORITY RETAIL TRANSACTIONS AND USE TAX..YES
000049 ,2,3,035 219 220 223,MEAS_V,NO,65,140,75,0,~  2SHR2,MEASURE V MOBILE HOME P,NO,66,141,-1,-1,1,1,6,16.67%,2SHR2.MEASURE V MOBILE HOME PARK SPACE RENT STABILIZATION..NO
000049 ,1,1,035 219 220 223,PRES,DONALD_J_TRUMP,53,141,88,1,~  2SHR2,PRESIDENT AND VICE PRES,DONALD J. TRUMP      ,52,141,1,0,1,0,12,8.33%,2SHR2.PRESIDENT AND VICE PRESIDENT.DONALD J. TRUMP      and MICHAEL R. PENCE
000049 ,1,1,035 219 220 223,PRES,GLORIA_ESTELA_LA_RIVA,1,141,140,1,~  2SHR2,PRESIDENT AND VICE PRES,GLORIA ESTELA LA RIVA,0,141,1,0,1,0,12,8.33%,2SHR2.PRESIDENT AND VICE PRESIDENT.GLORIA ESTELA LA RIVA      and DENNIS J. BANKS
000049 ,1,1,035 219 220 223,PRES,HILLARY_CLINTON,65,141,76,1,~  2SHR2,PRESIDENT AND VICE PRES,HILLARY CLINTON      ,64,141,1,0,1,0,12,8.33%,2SHR2.PRESIDENT AND VICE PRESIDENT.HILLARY CLINTON      and TIM KAINE
000049 ,1,1,035 219 220 223,PRES,JILL_STEIN,16,141,125,1,~  2SHR2,PRESIDENT AND VICE PRES,JILL STEIN      and A,15,141,1,0,1,0,12,8.33%,2SHR2.PRESIDENT AND VICE PRESIDENT.JILL STEIN      and AJAMU BARAKA
000049 ,1,1,035 219 220 223,PROP_52,YES,98,141,43,1,~  2SHR2,PROPOSITION 52 MEDI-CAL,YES,97,141,1,0,1,0,64,1.56%,2SHR2.PROPOSITION 52 MEDI-CAL HOSPITAL FEE PROGRAM. INITIATIVE CONSTITUTIONAL AMENDMENT AND STATUTE..YES
000049 ,1,2,035 219 220 223,PROP_60,YES,53,141,88,1,~  2SHR2,PROPOSITION 60 ADULT FI,YES,52,141,1,0,1,0,23,4.35%,2SHR2.PROPOSITION 60 ADULT FILMS. CONDOMS. HEALTH REQUIREMENTS. INITIATIVE STATUTE..YES
000049 ,1,2,035 219 220 223,PROP_62,NO,75,141,66,1,~  2SHR2,PROPOSITION 62 DEATH PE,NO,74,141,1,0,1,0,13,7.69%,2SHR2.PROPOSITION 62 DEATH PENALTY. INITIATIVE STATUTE..NO
000049 ,1,2,035 219 220 223,PROP_63,YES,53,141,88,1,~  2SHR2,PROPOSITION 63 FIREARMS,YES,52,141,1,0,1,0,33,3.03%,2SHR2.PROPOSITION 63 FIREARMS. AMMUNITION SALES. INITIATIVE STATUTE..YES
000049 ,2,3,035 219 220 223,PROP_64,YES,49,140,91,2,~  2SHR2,PROPOSITION 64 MARIJUAN,YES,50,141,-1,-1,1,1,36,2.78%,2SHR2.PROPOSITION 64 MARIJUANA LEGALIZATION. INITIATIVE STATUTE..YES
000049 ,2,3,035 219 220 223,PROP_65,YES,54,140,86,0,~  2SHR2,PROPOSITION 65 CARRYOUT,YES,55,141,-1,-1,1,1,22,4.55%,2SHR2.PROPOSITION 65 CARRYOUT BAGS. CHARGES. INITIATIVE STATUTE..YES
000049 ,2,3,035 219 220 223,PROP_66,YES,65,140,75,0,~  2SHR2,PROPOSITION 66 DEATH PE,YES,66,141,-1,-1,1,1,13,7.69%,2SHR2.PROPOSITION 66 DEATH PENALTY. PROCEDURES. INITIATIVE STATUTE..YES
000049 ,2,3,035 219 220 223,PROP_67,YES,76,140,64,0,~  2SHR2,PROPOSITION 67 BAN ON S,YES,77,141,-1,-1,1,1,21,4.76%,2SHR2.PROPOSITION 67 BAN ON SINGLE-USE PLASTIC BAGS. REFERENDUM..YES
000049 ,1,1,035 219 220 223,USREP,DALE_K_MENSING,59,141,82,1,~  2SHR2,US REPRESENTATIVE IN CO,DALE K. MENSING,58,141,1,0,1,0,15,6.67%,"2SHR2.US REPRESENTATIVE IN CONGRESS, DISTRICT 2.DALE K. MENSING"
000050 ,2,3,011 048 052 081 082 169 170 225 235 243,MEAS_Q,YES,159,464,305,1,~  2SHS4,MEASURE Q HUMBOLDT COUN,YES,158,466,1,-2,1,2,76,1.32%,2SHS4.MEASURE Q HUMBOLDT COUNTY CREATION OF FINANCE DEPARTMENT MEASURE..YES
000050 ,2,3,011 048 052 081 082 169 170 225 235 243,MEAS_R,YES,201,464,263,3,~  2SHS4,MEASURE R HUMBOLDT COUN,YES,200,466,1,-2,1,2,10,10.00%,2SHS4.MEASURE R HUMBOLDT COUNTY FINANCE DEPARTMENT ELECTIVE OFFICE MEASURE..YES
000050 ,2,3,011 048 052 081 082 169 170 225 235 243,MEAS_S,NO,283,464,181,2,~  2SHS4,MEASURE S HUMBOLDT COUN,NO,282,466,1,-2,1,2,123,0.81%,2SHS4.MEASURE S HUMBOLDT COUNTY COMMERCIAL MARIJUANA CULTIVATION MEASURE..NO
000050 ,2,3,011 048 052 081 082 169 170 225 235 243,MEAS_V,YES,251,464,213,2,~  2SHS4,MEASURE V MOBILE HOME P,YES,250,466,1,-2,1,2,72,1.39%,2SHS4.MEASURE V MOBILE HOME PARK SPACE RENT STABILIZATION..YES
000050 ,1,1,011 048 052 081 082 169 170 225 229 235 243,PRES,DONALD_J_TRUMP,94,465,371,1,~  2SHS4,PRESIDENT AND VICE PRES,DONALD J. TRUMP      ,93,466,1,-1,1,1,158,0.63%,2SHS4.PRESIDENT AND VICE PRESIDENT.DONALD J. TRUMP      and MICHAEL R. PENCE
000050 ,1,1,011 048 052 081 082 169 170 225 229 235 243,PRES,HILLARY_CLINTON,250,465,215,1,~  2SHS4,PRESIDENT AND VICE PRES,HILLARY CLINTON      ,251,466,-1,-1,1,1,158,0.63%,2SHS4.PRESIDENT AND VICE PRESIDENT.HILLARY CLINTON      and TIM KAINE
000050 ,1,1,011 048 052 081 082 169 170 225 229 235 243,PROP_51,YES,235,465,230,0,~  2SHS4,PROPOSITION 51 SCHOOL B,YES,236,466,-1,-1,1,1,42,2.38%,2SHS4.PROPOSITION 51 SCHOOL BONDS. FUNDING FOR K-12 SCHOOL AND COMMUNITY COLLEGE FACILITIES. INITIATIVE.YES
000050 ,1,1,011 048 052 081 082 169 170 225 229 235 243,PROP_52,NO,120,465,345,2,~  2SHS4,PROPOSITION 52 MEDI-CAL,NO,119,466,1,-1,1,1,199,0.50%,2SHS4.PROPOSITION 52 MEDI-CAL HOSPITAL FEE PROGRAM. INITIATIVE CONSTITUTIONAL AMENDMENT AND STATUTE..NO
000050 ,1,1,011 048 052 081 082 169 170 225 229 235 243,PROP_53,NO,206,465,259,2,~  2SHS4,PROPOSITION 53 REVENUE ,NO,205,466,1,-1,1,1,14,7.14%,2SHS4.PROPOSITION 53 REVENUE BONDS. STATEWIDE VOTER APPROVAL. INITIATIVE CONSTITUTIONAL AMENDMENT..NO
000050 ,1,1,011 048 052 081 082 169 170 225 229 235 243,PROP_53,YES,218,465,247,2,~  2SHS4,PROPOSITION 53 REVENUE ,YES,219,466,-1,-1,1,1,14,7.14%,2SHS4.PROPOSITION 53 REVENUE BONDS. STATEWIDE VOTER APPROVAL. INITIATIVE CONSTITUTIONAL AMENDMENT..YES
000050 ,1,1,011 048 052 081 082 169 170 225 229 235 243,PROP_54,YES,315,465,150,0,~  2SHS4,PROPOSITION 54 LEGISLAT,YES,316,466,-1,-1,1,1,209,0.48%,2SHS4.PROPOSITION 54 LEGISLATURE. LEGISLATION AND PROCEEDINGS. INITIATIVE CONSTITUTIONAL AMENDMENT AND.YES
000050 ,1,2,011 048 052 081 082 169 170 225 229 235,PROP_56,YES,234,465,231,1,~  2SHS4,PROPOSITION 56 CIGARETT,YES,235,466,-1,-1,1,1,21,4.76%,"2SHS4.PROPOSITION 56 CIGARETTE TAX TO FUND HEALTHCARE, TOBACCO USE PREVENTION, RESEARCH, AND.YES"
000050 ,1,2,011 048 052 081 082 169 170 225 229 235,PROP_60,NO,260,465,205,0,~  2SHS4,PROPOSITION 60 ADULT FI,NO,261,466,-1,-1,1,1,95,1.05%,2SHS4.PROPOSITION 60 ADULT FILMS. CONDOMS. HEALTH REQUIREMENTS. INITIATIVE STATUTE..NO
000050 ,1,2,011 048 052 081 082 169 170 225 229 235,PROP_61,YES,279,465,186,1,~  2SHS4,PROPOSITION 61 STATE PR,YES,280,466,-1,-1,1,1,134,0.75%,2SHS4.PROPOSITION 61 STATE PRESCRIPTION DRUG PURCHASES. PRICING STANDARDS. INITIATIVE STATUTE..YES
000050 ,1,2,011 048 052 081 082 169 170 225 229 235,PROP_62,YES,277,465,188,3,~  2SHS4,PROPOSITION 62 DEATH PE,YES,276,466,1,-1,1,1,114,0.88%,2SHS4.PROPOSITION 62 DEATH PENALTY. INITIATIVE STATUTE..YES
000050 ,1,2,011 048 052 081 082 169 170 225 229 235,PROP_63,NO,226,465,239,1,~  2SHS4,PROPOSITION 63 FIREARMS,NO,225,466,1,-1,1,1,5,20.00%,2SHS4.PROPOSITION 63 FIREARMS. AMMUNITION SALES. INITIATIVE STATUTE..NO
000050 ,1,2,011 048 052 081 082 169 170 225 229 235,PROP_63,YES,219,465,246,1,~  2SHS4,PROPOSITION 63 FIREARMS,YES,220,466,-1,-1,1,1,5,20.00%,2SHS4.PROPOSITION 63 FIREARMS. AMMUNITION SALES. INITIATIVE STATUTE..YES
000050 ,2,3,011 048 052 081 082 169 170 225 235 243,PROP_65,YES,201,464,263,2,~  2SHS4,PROPOSITION 65 CARRYOUT,YES,200,466,1,-2,1,2,40,2.50%,2SHS4.PROPOSITION 65 CARRYOUT BAGS. CHARGES. INITIATIVE STATUTE..YES
000050 ,1,1,011 048 052 081 082 169 170 225 229 235 243,STATEASS2,JIM_WOOD,288,465,177,1,~  2SHS4,"STATE ASSEMBLY, DISTRIC",JIM WOOD,289,466,-1,-1,1,1,176,0.57%,"2SHS4.STATE ASSEMBLY, DISTRICT 2.JIM WOOD"
000050 ,1,1,011 048 052 081 082 169 170 225 229 235 243,STATEASS2,KEN_ANTON,114,465,351,1,~  2SHS4,"STATE ASSEMBLY, DISTRIC",KEN ANTON,113,466,1,-1,1,1,176,0.57%,"2SHS4.STATE ASSEMBLY, DISTRICT 2.KEN ANTON"
000050 ,1,1,011 048 052 081 082 169 170 225 229 235 243,USREP,DALE_K_MENSING,116,465,349,1,~  2SHS4,US REPRESENTATIVE IN CO,DALE K. MENSING,115,466,1,-1,1,1,209,0.48%,"2SHS4.US REPRESENTATIVE IN CONGRESS, DISTRICT 2.DALE K. MENSING"
000050 ,1,1,011 048 052 081 082 169 170 225 229 235 243,USSEN,KAMALA_D_HARRIS,266,465,199,1,~  2SHS4,US SENATOR,KAMALA D. HARRIS,265,466,1,-1,1,1,131,0.76%,2SHS4.US SENATOR.KAMALA D. HARRIS
000051 ,2,3,012 052 084 170 171 225 235 236 243,MEAS_Q,YES,229,812,583,1,~  2SHS7,MEASURE Q HUMBOLDT COUN,YES,230,812,-1,0,1,0,210,0.48%,2SHS7.MEASURE Q HUMBOLDT COUNTY CREATION OF FINANCE DEPARTMENT MEASURE..YES
000051 ,2,3,012 052 084 170 171 225 235 236 243,MEAS_U,NO,343,812,469,1,~  2SHS7,MEASURE U LOCAL TRANSPO,NO,342,812,1,0,1,0,50,2.00%,2SHS7.MEASURE U LOCAL TRANSPORTATION AUTHORITY RETAIL TRANSACTIONS AND USE TAX..NO
000051 ,2,3,012 052 084 170 171 225 235 236 243,MEAS_U,YES,391,812,421,1,~  2SHS7,MEASURE U LOCAL TRANSPO,YES,392,812,-1,0,1,0,50,2.00%,2SHS7.MEASURE U LOCAL TRANSPORTATION AUTHORITY RETAIL TRANSACTIONS AND USE TAX..YES
000051 ,2,3,012 052 084 170 171 225 235 236 243,MEAS_V,NO,256,812,556,0,~  2SHS7,MEASURE V MOBILE HOME P,NO,255,812,1,0,1,0,235,0.43%,2SHS7.MEASURE V MOBILE HOME PARK SPACE RENT STABILIZATION..NO
000051 ,1,1,012 052 084 085 170 171 225 229 235 236 243,PRES,DONALD_J_TRUMP,157,813,656,0,~  2SHS7,PRESIDENT AND VICE PRES,DONALD J. TRUMP      ,156,812,1,1,1,1,305,0.33%,2SHS7.PRESIDENT AND VICE PRESIDENT.DONALD J. TRUMP      and MICHAEL R. PENCE
000051 ,1,1,012 052 084 085 170 171 225 229 235 236 243,PRES,HILLARY_CLINTON,462,813,351,3,~  2SHS7,PRESIDENT AND VICE PRES,HILLARY CLINTON      ,461,812,1,1,1,1,305,0.33%,2SHS7.PRESIDENT AND VICE PRESIDENT.HILLARY CLINTON      and TIM KAINE
000051 ,1,1,012 052 084 085 170 171 225 229 235 236 243,PRES,JILL_STEIN,128,813,685,1,~  2SHS7,PRESIDENT AND VICE PRES,JILL STEIN      and A,127,812,1,1,1,1,305,0.33%,2SHS7.PRESIDENT AND VICE PRESIDENT.JILL STEIN      and AJAMU BARAKA
000051 ,1,1,012 052 084 085 170 171 225 229 235 236 243,PROP_51,NO,335,813,478,0,~  2SHS7,PROPOSITION 51 SCHOOL B,NO,334,812,1,1,1,1,96,1.04%,2SHS7.PROPOSITION 51 SCHOOL BONDS. FUNDING FOR K-12 SCHOOL AND COMMUNITY COLLEGE FACILITIES. INITIATIVE.NO
000051 ,1,1,012 052 084 085 170 171 225 229 235 236 243,PROP_53,NO,429,813,384,2,~  2SHS7,PROPOSITION 53 REVENUE ,NO,428,812,1,1,1,1,114,0.88%,2SHS7.PROPOSITION 53 REVENUE BONDS. STATEWIDE VOTER APPROVAL. INITIATIVE CONSTITUTIONAL AMENDMENT..NO
000051 ,1,1,012 052 084 085 170 171 225 229 235 236 243,PROP_54,NO,244,813,569,1,~  2SHS7,PROPOSITION 54 LEGISLAT,NO,243,812,1,1,1,1,254,0.39%,2SHS7.PROPOSITION 54 LEGISLATURE. LEGISLATION AND PROCEEDINGS. INITIATIVE CONSTITUTIONAL AMENDMENT AND.NO
000051 ,1,1,012 052 084 085 170 171 225 229 235 236 243,PROP_54,YES,498,813,315,1,~  2SHS7,PROPOSITION 54 LEGISLAT,YES,497,812,1,1,1,1,254,0.39%,2SHS7.PROPOSITION 54 LEGISLATURE. LEGISLATION AND PROCEEDINGS. INITIATIVE CONSTITUTIONAL AMENDMENT AND.YES
000051 ,1,1,012 052 084 085 170 171 225 229 235 236 243,PROP_55,NO,181,813,632,1,~  2SHS7,PROPOSITION 55 TAX EXTE,NO,180,812,1,1,1,1,401,0.25%,2SHS7.PROPOSITION 55 TAX EXTENSION TO FUND EDUCATION AND HEALTHCARE. INITIATIVE CONSTITUTIONAL AMENDMENT..NO
000051 ,1,1,012 052 084 085 170 171 225 229 235 236 243,PROP_55,YES,582,813,231,1,~  2SHS7,PROPOSITION 55 TAX EXTE,YES,581,812,1,1,1,1,401,0.25%,2SHS7.PROPOSITION 55 TAX EXTENSION TO FUND EDUCATION AND HEALTHCARE. INITIATIVE CONSTITUTIONAL AMENDMENT..YES
000051 ,1,2,012 052 084 085 170 171 225 229 235 236 243,PROP_56,NO,319,804,485,2,~  2SHS7,PROPOSITION 56 CIGARETT,NO,320,812,-1,-8,1,8,131,0.76%,"2SHS7.PROPOSITION 56 CIGARETTE TAX TO FUND HEALTHCARE, TOBACCO USE PREVENTION, RESEARCH, AND.NO"
000051 ,1,2,012 052 084 085 170 171 225 229 235 236 243,PROP_57,NO,141,804,663,0,~  2SHS7,PROPOSITION 57 CRIMINAL,NO,142,812,-1,-8,1,8,459,0.22%,2SHS7.PROPOSITION 57 CRIMINAL SENTENCES. PAROLE. JUVENILE CRIMINAL PROCEEDINGS AND SENTENCING. INITIATIVE.NO
000051 ,1,2,012 052 084 085 170 171 225 229 235 236 243,PROP_58,NO,131,804,673,0,~  2SHS7,PROPOSITION 58 ENGLISH ,NO,132,812,-1,-8,1,8,479,0.21%,2SHS7.PROPOSITION 58 ENGLISH PROFICIENCY. MULTILINGUAL EDUCATION. INITIATIVE STATUTE..NO
000051 ,1,2,012 052 084 085 170 171 225 229 235 236 243,PROP_60,YES,259,804,545,2,~  2SHS7,PROPOSITION 60 ADULT FI,YES,258,812,1,-8,1,8,207,0.48%,2SHS7.PROPOSITION 60 ADULT FILMS. CONDOMS. HEALTH REQUIREMENTS. INITIATIVE STATUTE..YES
000051 ,1,2,012 052 084 085 170 171 225 229 235 236 243,PROP_63,NO,343,804,461,0,~  2SHS7,PROPOSITION 63 FIREARMS,NO,344,812,-1,-8,1,8,70,1.43%,2SHS7.PROPOSITION 63 FIREARMS. AMMUNITION SALES. INITIATIVE STATUTE..NO
000051 ,2,3,012 052 084 170 171 225 235 236 243,PROP_65,NO,445,812,367,5,~  2SHS7,PROPOSITION 65 CARRYOUT,NO,444,812,1,0,1,0,126,0.79%,2SHS7.PROPOSITION 65 CARRYOUT BAGS. CHARGES. INITIATIVE STATUTE..NO
000051 ,2,3,012 052 084 170 171 225 235 236 243,PROP_67,NO,210,812,602,2,~  2SHS7,PROPOSITION 67 BAN ON S,NO,209,812,1,0,1,0,360,0.28%,2SHS7.PROPOSITION 67 BAN ON SINGLE-USE PLASTIC BAGS. REFERENDUM..NO
000051 ,2,3,012 052 084 170 171 225 235 236 243,PROP_67,YES,568,812,244,2,~  2SHS7,PROPOSITION 67 BAN ON S,YES,569,812,-1,0,1,0,360,0.28%,2SHS7.PROPOSITION 67 BAN ON SINGLE-USE PLASTIC BAGS. REFERENDUM..YES
000051 ,1,1,012 052 084 085 170 171 225 229 235 236 243,STATEASS2,KEN_ANTON,170,813,643,0,~  2SHS7,"STATE ASSEMBLY, DISTRIC",KEN ANTON,169,812,1,1,1,1,353,0.28%,"2SHS7.STATE ASSEMBLY, DISTRICT 2.KEN ANTON"
000051 ,1,1,012 052 084 085 170 171 225 229 235 236 243,USREP,JARED_W_HUFFMAN,540,813,273,2,~  2SHS7,US REPRESENTATIVE IN CO,JARED W. HUFFMAN,539,812,1,1,1,1,312,0.32%,"2SHS7.US REPRESENTATIVE IN CONGRESS, DISTRICT 2.JARED W. HUFFMAN"
000052 ,2,3,035 217 223,MEAS_Q,NO,56,106,50,1,~  2SHVF,MEASURE Q HUMBOLDT COUN,NO,55,106,1,0,1,0,20,5.00%,2SHVF.MEASURE Q HUMBOLDT COUNTY CREATION OF FINANCE DEPARTMENT MEASURE..NO
000052 ,2,3,035 217 223,MEAS_V,NO,35,106,71,2,~  2SHVF,MEASURE V MOBILE HOME P,NO,34,106,1,0,1,0,27,3.70%,2SHVF.MEASURE V MOBILE HOME PARK SPACE RENT STABILIZATION..NO
000052 ,2,3,035 217 223,MEAS_V,YES,62,106,44,2,~  2SHVF,MEASURE V MOBILE HOME P,YES,61,106,1,0,1,0,27,3.70%,2SHVF.MEASURE V MOBILE HOME PARK SPACE RENT STABILIZATION..YES
000052 ,1,1,035 217 223,PROP_53,NO,51,106,55,1,~  2SHVF,PROPOSITION 53 REVENUE ,NO,50,106,1,0,1,0,1,100.00%,2SHVF.PROPOSITION 53 REVENUE BONDS. STATEWIDE VOTER APPROVAL. INITIATIVE CONSTITUTIONAL AMENDMENT..NO
000052 ,1,2,035 217 223,PROP_60,YES,39,106,67,1,~  2SHVF,PROPOSITION 60 ADULT FI,YES,38,106,1,0,1,0,17,5.88%,2SHVF.PROPOSITION 60 ADULT FILMS. CONDOMS. HEALTH REQUIREMENTS. INITIATIVE STATUTE..YES
000052 ,1,2,035 217 223,PROP_61,YES,67,106,39,1,~  2SHVF,PROPOSITION 61 STATE PR,YES,66,106,1,0,1,0,40,2.50%,2SHVF.PROPOSITION 61 STATE PRESCRIPTION DRUG PURCHASES. PRICING STANDARDS. INITIATIVE STATUTE..YES
000052 ,2,3,035 217 223,PROP_64,YES,28,106,78,1,~  2SHVF,PROPOSITION 64 MARIJUAN,YES,27,106,1,0,1,0,50,2.00%,2SHVF.PROPOSITION 64 MARIJUANA LEGALIZATION. INITIATIVE STATUTE..YES
000052 ,2,3,035 217 223,PROP_65,YES,44,106,62,1,~  2SHVF,PROPOSITION 65 CARRYOUT,YES,43,106,1,0,1,0,9,11.11%,2SHVF.PROPOSITION 65 CARRYOUT BAGS. CHARGES. INITIATIVE STATUTE..YES
000052 ,2,3,035 217 223,PROP_66,NO,58,106,48,1,~  2SHVF,PROPOSITION 66 DEATH PE,NO,57,106,1,0,1,0,23,4.35%,2SHVF.PROPOSITION 66 DEATH PENALTY. PROCEDURES. INITIATIVE STATUTE..NO
000052 ,2,3,035 217 223,PROP_66,YES,35,106,71,1,~  2SHVF,PROPOSITION 66 DEATH PE,YES,34,106,1,0,1,0,23,4.35%,2SHVF.PROPOSITION 66 DEATH PENALTY. PROCEDURES. INITIATIVE STATUTE..YES
000053 ,1,1,019 052 139 172 173 225 229 236,ARCATA_CC,MICHAEL_WINKLER,137,404,267,1,~  3A--1,ARCATA CITY COUNCILMEMB,MICHAEL WINKLER,136,405,1,-1,1,1,26,3.85%,3A--1.ARCATA CITY COUNCILMEMBER.MICHAEL WINKLER
000053 ,1,1,019 052 139 172 173 225 229 236,ARCATA_CC,PAUL_PITINO,198,404,206,1,~  3A--1,ARCATA CITY COUNCILMEMB,PAUL PITINO,199,405,-1,-1,1,1,26,3.85%,3A--1.ARCATA CITY COUNCILMEMBER.PAUL PITINO
000053 ,1,1,019 052 139 172 173 225 229 236,ARCATA_CC,SUSAN_ORNELAS,174,404,230,1,~  3A--1,ARCATA CITY COUNCILMEMB,SUSAN ORNELAS,173,405,1,-1,1,1,26,3.85%,3A--1.ARCATA CITY COUNCILMEMBER.SUSAN ORNELAS
000053 ,2,4,019 052 139 172 173 225 229 236,MEAS_F,NO,159,404,245,1,~  3A--1,MEASURE F CITY OF ARCAT,NO,160,405,-1,-1,1,1,7,14.29%,3A--1.MEASURE F CITY OF ARCATA UTILITY USERS TAX..NO
000053 ,2,4,019 052 139 172 173 225 229 236,MEAS_F,YES,168,404,236,1,~  3A--1,MEASURE F CITY OF ARCAT,YES,167,405,1,-1,1,1,7,14.29%,3A--1.MEASURE F CITY OF ARCATA UTILITY USERS TAX..YES
000053 ,2,3,019 052 139 172 173 225 229 236,MEAS_Q,NO,142,404,262,2,~  3A--1,MEASURE Q HUMBOLDT COUN,NO,141,405,1,-1,1,1,11,9.09%,3A--1.MEASURE Q HUMBOLDT COUNTY CREATION OF FINANCE DEPARTMENT MEASURE..NO
000053 ,2,3,019 052 139 172 173 225 229 236,MEAS_Q,YES,153,404,251,2,~  3A--1,MEASURE Q HUMBOLDT COUN,YES,152,405,1,-1,1,1,11,9.09%,3A--1.MEASURE Q HUMBOLDT COUNTY CREATION OF FINANCE DEPARTMENT MEASURE..YES
000053 ,2,3,019 052 139 172 173 225 229 236,MEAS_R,YES,176,404,228,0,~  3A--1,MEASURE R HUMBOLDT COUN,YES,177,405,-1,-1,1,1,58,1.72%,3A--1.MEASURE R HUMBOLDT COUNTY FINANCE DEPARTMENT ELECTIVE OFFICE MEASURE..YES
000053 ,2,3,019 052 139 172 173 225 229 236,MEAS_S,YES,277,404,127,2,~  3A--1,MEASURE S HUMBOLDT COUN,YES,278,405,-1,-1,1,1,194,0.52%,3A--1.MEASURE S HUMBOLDT COUNTY COMMERCIAL MARIJUANA CULTIVATION MEASURE..YES
000053 ,2,4,019 052 139 172 173 225 229 236,MEAS_U,NO,97,404,307,0,~  3A--1,MEASURE U LOCAL TRANSPO,NO,98,405,-1,-1,1,1,129,0.78%,3A--1.MEASURE U LOCAL TRANSPORTATION AUTHORITY RETAIL TRANSACTIONS AND USE TAX..NO
000053 ,2,4,019 052 139 172 173 225 229 236,MEAS_V,NO,88,404,316,1,~  3A--1,MEASURE V MOBILE HOME P,NO,89,405,-1,-1,1,1,148,0.68%,3A--1.MEASURE V MOBILE HOME PARK SPACE RENT STABILIZATION..NO
000053 ,1,1,019 052 139 172 173 225 229 236,PRES,HILLARY_CLINTON,294,404,110,0,~  3A--1,PRESIDENT AND VICE PRES,HILLARY CLINTON      ,295,405,-1,-1,1,1,249,0.40%,3A--1.PRESIDENT AND VICE PRESIDENT.HILLARY CLINTON      and TIM KAINE
000053 ,1,1,019 052 139 172 173 225 229 236,PROP_52,NO,63,404,341,1,~  3A--1,PROPOSITION 52 MEDI-CAL,NO,62,405,1,-1,1,1,237,0.42%,3A--1.PROPOSITION 52 MEDI-CAL HOSPITAL FEE PROGRAM. INITIATIVE CONSTITUTIONAL AMENDMENT AND STATUTE..NO
000053 ,1,1,019 052 139 172 173 225 229 236,PROP_53,NO,182,404,222,1,~  3A--1,PROPOSITION 53 REVENUE ,NO,183,405,-1,-1,1,1,20,5.00%,3A--1.PROPOSITION 53 REVENUE BONDS. STATEWIDE VOTER APPROVAL. INITIATIVE CONSTITUTIONAL AMENDMENT..NO
000053 ,1,1,019 052 139 172 173 225 229 236,PROP_54,NO,103,404,301,1,~  3A--1,PROPOSITION 54 LEGISLAT,NO,104,405,-1,-1,1,1,152,0.66%,3A--1.PROPOSITION 54 LEGISLATURE. LEGISLATION AND PROCEEDINGS. INITIATIVE CONSTITUTIONAL AMENDMENT AND.NO
000053 ,1,1,019 052 139 172 173 225 229 236,PROP_54,YES,257,404,147,1,~  3A--1,PROPOSITION 54 LEGISLAT,YES,256,405,1,-1,1,1,152,0.66%,3A--1.PROPOSITION 54 LEGISLATURE. LEGISLATION AND PROCEEDINGS. INITIATIVE CONSTITUTIONAL AMENDMENT AND.YES
000053 ,1,2,019 052 139 172 173 225 229 236,PROP_56,YES,274,404,130,2,~  3A--1,PROPOSITION 56 CIGARETT,YES,273,405,1,-1,1,1,166,0.60%,"3A--1.PROPOSITION 56 CIGARETTE TAX TO FUND HEALTHCARE, TOBACCO USE PREVENTION, RESEARCH, AND.YES"
000053 ,1,2,019 052 139 172 173 225 229 236,PROP_57,NO,38,404,366,1,~  3A--1,PROPOSITION 57 CRIMINAL,NO,37,405,1,-1,1,1,298,0.34%,3A--1.PROPOSITION 57 CRIMINAL SENTENCES. PAROLE. JUVENILE CRIMINAL PROCEEDINGS AND SENTENCING. INITIATIVE.NO
000053 ,1,2,019 052 139 172 173 225 229 236,PROP_57,YES,334,404,70,1,~  3A--1,PROPOSITION 57 CRIMINAL,YES,335,405,-1,-1,1,1,298,0.34%,3A--1.PROPOSITION 57 CRIMINAL SENTENCES. PAROLE. JUVENILE CRIMINAL PROCEEDINGS AND SENTENCING. INITIATIVE.YES
000053 ,1,2,019 052 139 172 173 225 229 236,PROP_58,YES,327,404,77,0,~  3A--1,PROPOSITION 58 ENGLISH ,YES,328,405,-1,-1,1,1,294,0.34%,3A--1.PROPOSITION 58 ENGLISH PROFICIENCY. MULTILINGUAL EDUCATION. INITIATIVE STATUTE..YES
000053 ,1,2,019 052 139 172 173 225 229 236,PROP_59,YES,292,404,112,0,~  3A--1,PROPOSITION 59 CORPORAT,YES,293,405,-1,-1,1,1,233,0.43%,3A--1.PROPOSITION 59 CORPORATIONS. POLITICAL SPENDING. FEDERAL CONSTITUTIONAL PROTECTIONS..YES
000053 ,1,2,019 052 139 172 173 225 229 236,PROP_61,NO,88,404,316,0,~  3A--1,PROPOSITION 61 STATE PR,NO,89,405,-1,-1,1,1,174,0.57%,3A--1.PROPOSITION 61 STATE PRESCRIPTION DRUG PURCHASES. PRICING STANDARDS. INITIATIVE STATUTE..NO
000053 ,1,2,019 052 139 172 173 225 229 236,PROP_61,YES,262,404,142,0,~  3A--1,PROPOSITION 61 STATE PR,YES,263,405,-1,-1,1,1,174,0.57%,3A--1.PROPOSITION 61 STATE PRESCRIPTION DRUG PURCHASES. PRICING STANDARDS. INITIATIVE STATUTE..YES
000053 ,1,2,019 052 139 172 173 225 229 236,PROP_62,YES,282,404,122,2,~  3A--1,PROPOSITION 62 DEATH PE,YES,283,405,-1,-1,1,1,196,0.51%,3A--1.PROPOSITION 62 DEATH PENALTY. INITIATIVE STATUTE..YES
000053 ,2,3,019 052 139 172 173 225 229 236,PROP_63,NO,80,404,324,1,~  3A--1,PROPOSITION 63 FIREARMS,NO,79,405,1,-1,1,1,219,0.46%,3A--1.PROPOSITION 63 FIREARMS. AMMUNITION SALES. INITIATIVE STATUTE..NO
000053 ,2,3,019 052 139 172 173 225 229 236,PROP_64,NO,90,404,314,1,~  3A--1,PROPOSITION 64 MARIJUAN,NO,89,405,1,-1,1,1,214,0.47%,3A--1.PROPOSITION 64 MARIJUANA LEGALIZATION. INITIATIVE STATUTE..NO
000053 ,2,3,019 052 139 172 173 225 229 236,PROP_65,NO,160,404,244,1,~  3A--1,PROPOSITION 65 CARRYOUT,NO,161,405,-1,-1,1,1,56,1.79%,3A--1.PROPOSITION 65 CARRYOUT BAGS. CHARGES. INITIATIVE STATUTE..NO
000053 ,2,3,019 052 139 172 173 225 229 236,PROP_65,YES,218,404,186,1,~  3A--1,PROPOSITION 65 CARRYOUT,YES,217,405,1,-1,1,1,56,1.79%,3A--1.PROPOSITION 65 CARRYOUT BAGS. CHARGES. INITIATIVE STATUTE..YES
000053 ,2,3,019 052 139 172 173 225 229 236,PROP_66,NO,229,404,175,1,~  3A--1,PROPOSITION 66 DEATH PE,NO,228,405,1,-1,1,1,111,0.90%,3A--1.PROPOSITION 66 DEATH PENALTY. PROCEDURES. INITIATIVE STATUTE..NO
000053 ,2,3,019 052 139 172 173 225 229 236,PROP_66,YES,116,404,288,1,~  3A--1,PROPOSITION 66 DEATH PE,YES,117,405,-1,-1,1,1,111,0.90%,3A--1.PROPOSITION 66 DEATH PENALTY. PROCEDURES. INITIATIVE STATUTE..YES
000053 ,2,3,019 052 139 172 173 225 229 236,PROP_67,NO,48,404,356,0,~  3A--1,PROPOSITION 67 BAN ON S,NO,49,405,-1,-1,1,1,284,0.35%,3A--1.PROPOSITION 67 BAN ON SINGLE-USE PLASTIC BAGS. REFERENDUM..NO
000053 ,1,1,019 052 139 172 173 225 229 236,STATEASS2,JIM_WOOD,270,404,134,0,~  3A--1,"STATE ASSEMBLY, DISTRIC",JIM WOOD,271,405,-1,-1,1,1,202,0.50%,"3A--1.STATE ASSEMBLY, DISTRICT 2.JIM WOOD"
000053 ,1,1,019 052 139 172 173 225 229 236,USREP,JARED_W_HUFFMAN,335,404,69,0,~  3A--1,US REPRESENTATIVE IN CO,JARED W. HUFFMAN,336,405,-1,-1,1,1,312,0.32%,"3A--1.US REPRESENTATIVE IN CONGRESS, DISTRICT 2.JARED W. HUFFMAN"
000053 ,1,1,019 052 139 172 173 225 229 236,USSEN,KAMALA_D_HARRIS,230,404,174,0,~  3A--1,US SENATOR,KAMALA D. HARRIS,231,405,-1,-1,1,1,117,0.85%,3A--1.US SENATOR.KAMALA D. HARRIS
000054 ,2,3,019 044 142 143 173 174 225 229 230 236,MEAS_I,BONDS_NO,158,648,490,0,~  3A--2,MEASURE I ARCATA SCHOOL,BONDS NO,157,647,1,1,1,1,246,0.41%,3A--2.MEASURE I ARCATA SCHOOL DISTRICT BOND MEASURE..BONDS NO
000054 ,2,3,019 044 142 143 173 174 225 229 230 236,MEAS_I,BONDS_YES,404,648,244,0,~  3A--2,MEASURE I ARCATA SCHOOL,BONDS YES,403,647,1,1,1,1,246,0.41%,3A--2.MEASURE I ARCATA SCHOOL DISTRICT BOND MEASURE..BONDS YES
000054 ,2,3,019 044 142 143 173 174 225 229 230 236,MEAS_Q,NO,252,648,396,3,~  3A--2,MEASURE Q HUMBOLDT COUN,NO,251,647,1,1,1,1,9,11.11%,3A--2.MEASURE Q HUMBOLDT COUNTY CREATION OF FINANCE DEPARTMENT MEASURE..NO
000054 ,2,3,019 044 142 143 173 174 225 229 230 236,MEAS_Q,YES,243,648,405,3,~  3A--2,MEASURE Q HUMBOLDT COUN,YES,242,647,1,1,1,1,9,11.11%,3A--2.MEASURE Q HUMBOLDT COUNTY CREATION OF FINANCE DEPARTMENT MEASURE..YES
000054 ,2,3,019 044 142 143 173 174 225 229 230 236,MEAS_S,NO,153,648,495,2,~  3A--2,MEASURE S HUMBOLDT COUN,NO,152,647,1,1,1,1,287,0.35%,3A--2.MEASURE S HUMBOLDT COUNTY COMMERCIAL MARIJUANA CULTIVATION MEASURE..NO
000054 ,2,4,019 044 142 143 173 174 225 229 230 236,MEAS_U,NO,208,648,440,1,~  3A--2,MEASURE U LOCAL TRANSPO,NO,207,647,1,1,1,1,155,0.65%,3A--2.MEASURE U LOCAL TRANSPORTATION AUTHORITY RETAIL TRANSACTIONS AND USE TAX..NO
000054 ,1,1,019 044 141 142 173 174 225 229 230 236,PRES,GARY_JOHNSON,18,647,629,1,~  3A--2,PRESIDENT AND VICE PRES,GARY JOHNSON      and,17,647,1,0,1,0,379,0.26%,3A--2.PRESIDENT AND VICE PRESIDENT.GARY JOHNSON      and BILL WELD
000054 ,1,1,019 044 141 142 173 174 225 229 230 236,PRES,HILLARY_CLINTON,459,647,188,2,~  3A--2,PRESIDENT AND VICE PRES,HILLARY CLINTON      ,458,647,1,0,1,0,379,0.26%,3A--2.PRESIDENT AND VICE PRESIDENT.HILLARY CLINTON      and TIM KAINE
000054 ,1,1,019 044 141 142 173 174 225 229 230 236,PRES,JILL_STEIN,53,647,594,1,~  3A--2,PRESIDENT AND VICE PRES,JILL STEIN      and A,52,647,1,0,1,0,379,0.26%,3A--2.PRESIDENT AND VICE PRESIDENT.JILL STEIN      and AJAMU BARAKA
000054 ,1,1,019 044 141 142 173 174 225 229 230 236,PROP_52,YES,464,647,183,3,~  3A--2,PROPOSITION 52 MEDI-CAL,YES,463,647,1,0,1,0,341,0.29%,3A--2.PROPOSITION 52 MEDI-CAL HOSPITAL FEE PROGRAM. INITIATIVE CONSTITUTIONAL AMENDMENT AND STATUTE..YES
000054 ,1,1,019 044 141 142 173 174 225 229 230 236,PROP_54,NO,226,647,421,1,~  3A--2,PROPOSITION 54 LEGISLAT,NO,227,647,-1,0,1,0,139,0.72%,3A--2.PROPOSITION 54 LEGISLATURE. LEGISLATION AND PROCEEDINGS. INITIATIVE CONSTITUTIONAL AMENDMENT AND.NO
000054 ,1,2,019 044 141 142 173 174 225 229 230 236,PROP_55,NO,111,646,535,1,~  3A--2,PROPOSITION 55 TAX EXTE,NO,110,647,1,-1,1,1,383,0.26%,3A--2.PROPOSITION 55 TAX EXTENSION TO FUND EDUCATION AND HEALTHCARE. INITIATIVE CONSTITUTIONAL AMENDMENT..NO
000054 ,1,2,019 044 141 142 173 174 225 229 230 236,PROP_55,YES,492,646,154,1,~  3A--2,PROPOSITION 55 TAX EXTE,YES,493,647,-1,-1,1,1,383,0.26%,3A--2.PROPOSITION 55 TAX EXTENSION TO FUND EDUCATION AND HEALTHCARE. INITIATIVE CONSTITUTIONAL AMENDMENT..YES
000054 ,1,2,019 044 141 142 173 174 225 229 230 236,PROP_57,NO,111,646,535,1,~  3A--2,PROPOSITION 57 CRIMINAL,NO,110,647,1,-1,1,1,384,0.26%,3A--2.PROPOSITION 57 CRIMINAL SENTENCES. PAROLE. JUVENILE CRIMINAL PROCEEDINGS AND SENTENCING. INITIATIVE.NO
000054 ,1,2,019 044 141 142 173 174 225 229 230 236,PROP_57,YES,493,646,153,1,~  3A--2,PROPOSITION 57 CRIMINAL,YES,494,647,-1,-1,1,1,384,0.26%,3A--2.PROPOSITION 57 CRIMINAL SENTENCES. PAROLE. JUVENILE CRIMINAL PROCEEDINGS AND SENTENCING. INITIATIVE.YES
000054 ,1,2,019 044 141 142 173 174 225 229 230 236,PROP_58,NO,79,646,567,0,~  3A--2,PROPOSITION 58 ENGLISH ,NO,80,647,-1,-1,1,1,433,0.23%,3A--2.PROPOSITION 58 ENGLISH PROFICIENCY. MULTILINGUAL EDUCATION. INITIATIVE STATUTE..NO
000054 ,1,2,019 044 141 142 173 174 225 229 230 236,PROP_59,NO,130,646,516,0,~  3A--2,PROPOSITION 59 CORPORAT,NO,131,647,-1,-1,1,1,315,0.32%,3A--2.PROPOSITION 59 CORPORATIONS. POLITICAL SPENDING. FEDERAL CONSTITUTIONAL PROTECTIONS..NO
000054 ,1,2,019 044 141 142 173 174 225 229 230 236,PROP_59,YES,445,646,201,0,~  3A--2,PROPOSITION 59 CORPORAT,YES,446,647,-1,-1,1,1,315,0.32%,3A--2.PROPOSITION 59 CORPORATIONS. POLITICAL SPENDING. FEDERAL CONSTITUTIONAL PROTECTIONS..YES
000054 ,1,2,019 044 141 142 173 174 225 229 230 236,PROP_60,NO,394,646,252,1,~  3A--2,PROPOSITION 60 ADULT FI,NO,393,647,1,-1,1,1,207,0.48%,3A--2.PROPOSITION 60 ADULT FILMS. CONDOMS. HEALTH REQUIREMENTS. INITIATIVE STATUTE..NO
000054 ,1,2,019 044 141 142 173 174 225 229 230 236,PROP_60,YES,185,646,461,1,~  3A--2,PROPOSITION 60 ADULT FI,YES,186,647,-1,-1,1,1,207,0.48%,3A--2.PROPOSITION 60 ADULT FILMS. CONDOMS. HEALTH REQUIREMENTS. INITIATIVE STATUTE..YES
000054 ,1,2,019 044 141 142 173 174 225 229 230 236,PROP_61,NO,208,646,438,2,~  3A--2,PROPOSITION 61 STATE PR,NO,207,647,1,-1,1,1,151,0.66%,3A--2.PROPOSITION 61 STATE PRESCRIPTION DRUG PURCHASES. PRICING STANDARDS. INITIATIVE STATUTE..NO
000054 ,1,2,019 044 141 142 173 174 225 229 230 236,PROP_61,YES,359,646,287,2,~  3A--2,PROPOSITION 61 STATE PR,YES,358,647,1,-1,1,1,151,0.66%,3A--2.PROPOSITION 61 STATE PRESCRIPTION DRUG PURCHASES. PRICING STANDARDS. INITIATIVE STATUTE..YES
000054 ,1,2,019 044 141 142 173 174 225 229 230 236,PROP_62,NO,180,646,466,3,~  3A--2,PROPOSITION 62 DEATH PE,NO,179,647,1,-1,1,1,243,0.41%,3A--2.PROPOSITION 62 DEATH PENALTY. INITIATIVE STATUTE..NO
000054 ,2,3,019 044 142 143 173 174 225 229 230 236,PROP_64,NO,179,648,469,2,~  3A--2,PROPOSITION 64 MARIJUAN,NO,180,647,-1,1,1,1,270,0.37%,3A--2.PROPOSITION 64 MARIJUANA LEGALIZATION. INITIATIVE STATUTE..NO
000054 ,2,3,019 044 142 143 173 174 225 229 230 236,PROP_65,YES,292,648,356,3,~  3A--2,PROPOSITION 65 CARRYOUT,YES,291,647,1,1,1,1,25,4.00%,3A--2.PROPOSITION 65 CARRYOUT BAGS. CHARGES. INITIATIVE STATUTE..YES
000054 ,1,1,019 044 141 142 173 174 225 229 230 236,USSEN,KAMALA_D_HARRIS,397,647,250,1,~  3A--2,US SENATOR,KAMALA D. HARRIS,398,647,-1,0,1,0,250,0.40%,3A--2.US SENATOR.KAMALA D. HARRIS
000055 ,1,1,018 019 045 140 141 174 175 225 229 230 236,ARCATA_CC,DANIEL_MURPHY,113,724,611,1,~  3A--3,ARCATA CITY COUNCILMEMB,DANIEL MURPHY,112,724,1,0,1,0,54,1.85%,3A--3.ARCATA CITY COUNCILMEMBER.DANIEL MURPHY
000055 ,1,1,018 019 045 140 141 174 175 225 229 230 236,ARCATA_CC,SUSAN_ORNELAS,433,724,291,1,~  3A--3,ARCATA CITY COUNCILMEMB,SUSAN ORNELAS,432,724,1,0,1,0,54,1.85%,3A--3.ARCATA CITY COUNCILMEMBER.SUSAN ORNELAS
000055 ,2,4,018 019 045 141 174 175 225 230 236,MEAS_F,NO,276,717,441,1,~  3A--3,MEASURE F CITY OF ARCAT,NO,275,724,1,-7,1,7,65,1.54%,3A--3.MEASURE F CITY OF ARCATA UTILITY USERS TAX..NO
000055 ,2,4,018 019 045 141 174 175 225 230 236,MEAS_F,YES,341,717,376,1,~  3A--3,MEASURE F CITY OF ARCAT,YES,340,724,1,-7,1,7,65,1.54%,3A--3.MEASURE F CITY OF ARCATA UTILITY USERS TAX..YES
000055 ,2,3,018 019 045 141 174 175 225 230 236,MEAS_Q,NO,271,717,446,2,~  3A--3,MEASURE Q HUMBOLDT COUN,NO,270,724,1,-7,1,7,0,--,3A--3.MEASURE Q HUMBOLDT COUNTY CREATION OF FINANCE DEPARTMENT MEASURE..NO
000055 ,2,3,018 019 045 141 174 175 225 230 236,MEAS_S,NO,186,717,531,3,~  3A--3,MEASURE S HUMBOLDT COUN,NO,185,724,1,-7,1,7,287,0.35%,3A--3.MEASURE S HUMBOLDT COUNTY COMMERCIAL MARIJUANA CULTIVATION MEASURE..NO
000055 ,2,4,018 019 045 141 174 175 225 230 236,MEAS_U,NO,211,717,506,1,~  3A--3,MEASURE U LOCAL TRANSPO,NO,210,724,1,-7,1,7,205,0.49%,3A--3.MEASURE U LOCAL TRANSPORTATION AUTHORITY RETAIL TRANSACTIONS AND USE TAX..NO
000055 ,2,4,018 019 045 141 174 175 225 230 236,MEAS_U,YES,416,717,301,1,~  3A--3,MEASURE U LOCAL TRANSPO,YES,415,724,1,-7,1,7,205,0.49%,3A--3.MEASURE U LOCAL TRANSPORTATION AUTHORITY RETAIL TRANSACTIONS AND USE TAX..YES
000055 ,1,1,018 019 045 140 141 174 175 225 229 230 236,PRES,GARY_JOHNSON,18,724,706,0,~  3A--3,PRESIDENT AND VICE PRES,GARY JOHNSON      and,17,724,1,0,1,0,454,0.22%,3A--3.PRESIDENT AND VICE PRESIDENT.GARY JOHNSON      and BILL WELD
000055 ,1,1,018 019 045 140 141 174 175 225 229 230 236,PRES,JILL_STEIN,69,724,655,0,~  3A--3,PRESIDENT AND VICE PRES,JILL STEIN      and A,70,724,-1,0,1,0,454,0.22%,3A--3.PRESIDENT AND VICE PRESIDENT.JILL STEIN      and AJAMU BARAKA
000055 ,1,1,018 019 045 140 141 174 175 225 229 230 236,PROP_53,NO,393,724,331,3,~  3A--3,PROPOSITION 53 REVENUE ,NO,392,724,1,0,1,0,145,0.69%,3A--3.PROPOSITION 53 REVENUE BONDS. STATEWIDE VOTER APPROVAL. INITIATIVE CONSTITUTIONAL AMENDMENT..NO
000055 ,1,1,018 019 045 140 141 174 175 225 229 230 236,PROP_54,YES,451,724,273,4,~  3A--3,PROPOSITION 54 LEGISLAT,YES,450,724,1,0,1,0,246,0.41%,3A--3.PROPOSITION 54 LEGISLATURE. LEGISLATION AND PROCEEDINGS. INITIATIVE CONSTITUTIONAL AMENDMENT AND.YES
000055 ,1,2,018 019 045 140 141 174 175 225 229 230 236,PROP_56,YES,506,723,217,0,~  3A--3,PROPOSITION 56 CIGARETT,YES,507,724,-1,-1,1,1,325,0.31%,"3A--3.PROPOSITION 56 CIGARETTE TAX TO FUND HEALTHCARE, TOBACCO USE PREVENTION, RESEARCH, AND.YES"
000055 ,1,2,018 019 045 140 141 174 175 225 229 230 236,PROP_57,YES,574,723,149,2,~  3A--3,PROPOSITION 57 CRIMINAL,YES,573,724,1,-1,1,1,470,0.21%,3A--3.PROPOSITION 57 CRIMINAL SENTENCES. PAROLE. JUVENILE CRIMINAL PROCEEDINGS AND SENTENCING. INITIATIVE.YES
000055 ,1,2,018 019 045 140 141 174 175 225 229 230 236,PROP_58,NO,93,723,630,1,~  3A--3,PROPOSITION 58 ENGLISH ,NO,92,724,1,-1,1,1,491,0.20%,3A--3.PROPOSITION 58 ENGLISH PROFICIENCY. MULTILINGUAL EDUCATION. INITIATIVE STATUTE..NO
000055 ,1,2,018 019 045 140 141 174 175 225 229 230 236,PROP_59,NO,141,723,582,1,~  3A--3,PROPOSITION 59 CORPORAT,NO,140,724,1,-1,1,1,376,0.27%,3A--3.PROPOSITION 59 CORPORATIONS. POLITICAL SPENDING. FEDERAL CONSTITUTIONAL PROTECTIONS..NO
000055 ,1,2,018 019 045 140 141 174 175 225 229 230 236,PROP_61,NO,213,723,510,0,~  3A--3,PROPOSITION 61 STATE PR,NO,214,724,-1,-1,1,1,215,0.47%,3A--3.PROPOSITION 61 STATE PRESCRIPTION DRUG PURCHASES. PRICING STANDARDS. INITIATIVE STATUTE..NO
000055 ,2,3,018 019 045 141 174 175 225 230 236,PROP_66,YES,200,717,517,1,~  3A--3,PROPOSITION 66 DEATH PE,YES,199,724,1,-7,1,7,233,0.43%,3A--3.PROPOSITION 66 DEATH PENALTY. PROCEDURES. INITIATIVE STATUTE..YES
000055 ,2,3,018 019 045 141 174 175 225 230 236,PROP_67,NO,113,717,604,1,~  3A--3,PROPOSITION 67 BAN ON S,NO,112,724,1,-7,1,7,464,0.22%,3A--3.PROPOSITION 67 BAN ON SINGLE-USE PLASTIC BAGS. REFERENDUM..NO
000056 ,2,4,018 022 045 140 171 172 225 230,MEAS_F,NO,224,579,355,0,~  3A--4,MEASURE F CITY OF ARCAT,NO,223,580,1,-1,1,1,47,2.13%,3A--4.MEASURE F CITY OF ARCATA UTILITY USERS TAX..NO
000056 ,2,3,018 022 045 140 171 172 225 230,MEAS_I,BONDS_YES,389,579,190,0,~  3A--4,MEASURE I ARCATA SCHOOL,BONDS YES,388,580,1,-1,1,1,283,0.35%,3A--4.MEASURE I ARCATA SCHOOL DISTRICT BOND MEASURE..BONDS YES
000056 ,2,3,018 022 045 140 171 172 225 230,MEAS_Q,NO,199,579,380,2,~  3A--4,MEASURE Q HUMBOLDT COUN,NO,198,580,1,-1,1,1,29,3.45%,3A--4.MEASURE Q HUMBOLDT COUNTY CREATION OF FINANCE DEPARTMENT MEASURE..NO
000056 ,2,3,018 022 045 140 171 172 225 230,MEAS_R,NO,166,579,413,0,~  3A--4,MEASURE R HUMBOLDT COUN,NO,167,580,-1,-1,1,1,99,1.01%,3A--4.MEASURE R HUMBOLDT COUNTY FINANCE DEPARTMENT ELECTIVE OFFICE MEASURE..NO
000056 ,2,3,018 022 045 140 171 172 225 230,MEAS_S,NO,142,579,437,1,~  3A--4,MEASURE S HUMBOLDT COUN,NO,141,580,1,-1,1,1,231,0.43%,3A--4.MEASURE S HUMBOLDT COUNTY COMMERCIAL MARIJUANA CULTIVATION MEASURE..NO
000056 ,2,4,018 022 045 140 171 172 225 230,MEAS_U,YES,347,579,232,0,~  3A--4,MEASURE U LOCAL TRANSPO,YES,346,580,1,-1,1,1,211,0.47%,3A--4.MEASURE U LOCAL TRANSPORTATION AUTHORITY RETAIL TRANSACTIONS AND USE TAX..YES
000056 ,1,1,018 022 045 139 140 171 172 225 229 230,PRES,GLORIA_ESTELA_LA_RIVA,8,580,572,0,~  3A--4,PRESIDENT AND VICE PRES,GLORIA ESTELA LA RIVA,7,580,1,0,1,0,391,0.26%,3A--4.PRESIDENT AND VICE PRESIDENT.GLORIA ESTELA LA RIVA      and DENNIS J. BANKS
000056 ,1,1,018 022 045 139 140 171 172 225 229 230,PROP_51,YES,349,580,231,1,~  3A--4,PROPOSITION 51 SCHOOL B,YES,348,580,1,0,1,0,164,0.61%,3A--4.PROPOSITION 51 SCHOOL BONDS. FUNDING FOR K-12 SCHOOL AND COMMUNITY COLLEGE FACILITIES. INITIATIVE.YES
000056 ,1,1,018 022 045 139 140 171 172 225 229 230,PROP_53,YES,222,580,358,1,~  3A--4,PROPOSITION 53 REVENUE ,YES,221,580,1,0,1,0,62,1.61%,3A--4.PROPOSITION 53 REVENUE BONDS. STATEWIDE VOTER APPROVAL. INITIATIVE CONSTITUTIONAL AMENDMENT..YES
000056 ,1,2,018 022 045 139 140 171 172 225 229 230,PROP_60,YES,192,580,388,0,~  3A--4,PROPOSITION 60 ADULT FI,YES,193,580,-1,0,1,0,139,0.72%,3A--4.PROPOSITION 60 ADULT FILMS. CONDOMS. HEALTH REQUIREMENTS. INITIATIVE STATUTE..YES
000056 ,1,2,018 022 045 139 140 171 172 225 229 230,PROP_61,YES,375,580,205,1,~  3A--4,PROPOSITION 61 STATE PR,YES,374,580,1,0,1,0,242,0.41%,3A--4.PROPOSITION 61 STATE PRESCRIPTION DRUG PURCHASES. PRICING STANDARDS. INITIATIVE STATUTE..YES
000056 ,2,3,018 022 045 140 171 172 225 230,PROP_63,NO,128,579,451,1,~  3A--4,PROPOSITION 63 FIREARMS,NO,127,580,1,-1,1,1,299,0.33%,3A--4.PROPOSITION 63 FIREARMS. AMMUNITION SALES. INITIATIVE STATUTE..NO
000056 ,1,1,018 022 045 139 140 171 172 225 229 230,USSEN,KAMALA_D_HARRIS,354,580,226,0,~  3A--4,US SENATOR,KAMALA D. HARRIS,355,580,-1,0,1,0,203,0.49%,3A--4.US SENATOR.KAMALA D. HARRIS
000056 ,1,1,018 022 045 139 140 171 172 225 229 230,USSEN,LORETTA_L_SANCHEZ,153,580,427,0,~  3A--4,US SENATOR,LORETTA L. SANCHEZ,152,580,1,0,1,0,203,0.49%,3A--4.US SENATOR.LORETTA L. SANCHEZ
000057 ,1,1,019 044 143 144 172 225 229 230 236,ARCATA_CC,MICHAEL_WINKLER,274,581,307,1,~  3A--7,ARCATA CITY COUNCILMEMB,MICHAEL WINKLER,273,581,1,0,1,0,19,5.26%,3A--7.ARCATA CITY COUNCILMEMBER.MICHAEL WINKLER
000057 ,2,3,019 044 144 145 172 225 230 236,MEAS_H,NO,103,580,477,0,~  3A--7,MEASURE H ARCATA SCHOOL,NO,104,581,-1,-1,1,1,311,0.32%,3A--7.MEASURE H ARCATA SCHOOL DISTRICT PARCEL TAX..NO
000057 ,2,3,019 044 144 145 172 225 230 236,MEAS_Q,YES,235,580,345,0,~  3A--7,MEASURE Q HUMBOLDT COUN,YES,236,581,-1,-1,1,1,11,9.09%,3A--7.MEASURE Q HUMBOLDT COUNTY CREATION OF FINANCE DEPARTMENT MEASURE..YES
000057 ,2,3,019 044 144 145 172 225 230 236,MEAS_R,YES,281,580,299,1,~  3A--7,MEASURE R HUMBOLDT COUN,YES,280,581,1,-1,1,1,80,1.25%,3A--7.MEASURE R HUMBOLDT COUNTY FINANCE DEPARTMENT ELECTIVE OFFICE MEASURE..YES
000057 ,2,3,019 044 144 145 172 225 230 236,MEAS_S,NO,153,580,427,2,~  3A--7,MEASURE S HUMBOLDT COUN,NO,152,581,1,-1,1,1,226,0.44%,3A--7.MEASURE S HUMBOLDT COUNTY COMMERCIAL MARIJUANA CULTIVATION MEASURE..NO
000057 ,2,3,019 044 144 145 172 225 230 236,MEAS_S,YES,379,580,201,2,~  3A--7,MEASURE S HUMBOLDT COUN,YES,378,581,1,-1,1,1,226,0.44%,3A--7.MEASURE S HUMBOLDT COUNTY COMMERCIAL MARIJUANA CULTIVATION MEASURE..YES
000057 ,2,4,019 044 144 145 172 225 230 236,MEAS_U,NO,154,580,426,1,~  3A--7,MEASURE U LOCAL TRANSPO,NO,153,581,1,-1,1,1,198,0.51%,3A--7.MEASURE U LOCAL TRANSPORTATION AUTHORITY RETAIL TRANSACTIONS AND USE TAX..NO
000057 ,1,1,019 044 143 144 172 225 229 230 236,PRES,JILL_STEIN,69,581,512,0,~  3A--7,PRESIDENT AND VICE PRES,JILL STEIN      and A,70,581,-1,0,1,0,326,0.31%,3A--7.PRESIDENT AND VICE PRESIDENT.JILL STEIN      and AJAMU BARAKA
000057 ,1,1,019 044 143 144 172 225 229 230 236,PROP_54,YES,351,581,230,1,~  3A--7,PROPOSITION 54 LEGISLAT,YES,352,581,-1,0,1,0,166,0.60%,3A--7.PROPOSITION 54 LEGISLATURE. LEGISLATION AND PROCEEDINGS. INITIATIVE CONSTITUTIONAL AMENDMENT AND.YES
000057 ,1,2,019 044 143 144 172 225 229 230 236,PROP_56,NO,164,581,417,0,~  3A--7,PROPOSITION 56 CIGARETT,NO,163,581,1,0,1,0,225,0.44%,"3A--7.PROPOSITION 56 CIGARETTE TAX TO FUND HEALTHCARE, TOBACCO USE PREVENTION, RESEARCH, AND.NO"
000057 ,1,2,019 044 143 144 172 225 229 230 236,PROP_58,YES,488,581,93,0,~  3A--7,PROPOSITION 58 ENGLISH ,YES,489,581,-1,0,1,0,435,0.23%,3A--7.PROPOSITION 58 ENGLISH PROFICIENCY. MULTILINGUAL EDUCATION. INITIATIVE STATUTE..YES
000057 ,1,2,019 044 143 144 172 225 229 230 236,PROP_60,NO,353,581,228,2,~  3A--7,PROPOSITION 60 ADULT FI,NO,352,581,1,0,1,0,170,0.59%,3A--7.PROPOSITION 60 ADULT FILMS. CONDOMS. HEALTH REQUIREMENTS. INITIATIVE STATUTE..NO
000057 ,1,2,019 044 143 144 172 225 229 230 236,PROP_62,NO,149,581,432,2,~  3A--7,PROPOSITION 62 DEATH PE,NO,148,581,1,0,1,0,253,0.40%,3A--7.PROPOSITION 62 DEATH PENALTY. INITIATIVE STATUTE..NO
000057 ,1,2,019 044 143 144 172 225 229 230 236,PROP_62,YES,402,581,179,2,~  3A--7,PROPOSITION 62 DEATH PE,YES,401,581,1,0,1,0,253,0.40%,3A--7.PROPOSITION 62 DEATH PENALTY. INITIATIVE STATUTE..YES
000057 ,2,3,019 044 144 145 172 225 230 236,PROP_64,YES,403,580,177,2,~  3A--7,PROPOSITION 64 MARIJUAN,YES,402,581,1,-1,1,1,235,0.43%,3A--7.PROPOSITION 64 MARIJUANA LEGALIZATION. INITIATIVE STATUTE..YES
000057 ,2,3,019 044 144 145 172 225 230 236,PROP_66,YES,184,580,396,1,~  3A--7,PROPOSITION 66 DEATH PE,YES,183,581,1,-1,1,1,151,0.66%,3A--7.PROPOSITION 66 DEATH PENALTY. PROCEDURES. INITIATIVE STATUTE..YES
000057 ,2,3,019 044 144 145 172 225 230 236,PROP_67,NO,89,580,491,1,~  3A--7,PROPOSITION 67 BAN ON S,NO,88,581,1,-1,1,1,388,0.26%,3A--7.PROPOSITION 67 BAN ON SINGLE-USE PLASTIC BAGS. REFERENDUM..NO
000057 ,2,3,019 044 144 145 172 225 230 236,PROP_67,YES,477,580,103,1,~  3A--7,PROPOSITION 67 BAN ON S,YES,476,581,1,-1,1,1,388,0.26%,3A--7.PROPOSITION 67 BAN ON SINGLE-USE PLASTIC BAGS. REFERENDUM..YES
000057 ,1,1,019 044 143 144 172 225 229 230 236,USREP,JARED_W_HUFFMAN,479,581,102,0,~  3A--7,US REPRESENTATIVE IN CO,JARED W. HUFFMAN,480,581,-1,0,1,0,423,0.24%,"3A--7.US REPRESENTATIVE IN CONGRESS, DISTRICT 2.JARED W. HUFFMAN"
000058 ,1,1,019 044 045 143 175 176 225 229 230 243,ARCATA_CC,VALERIE_ROSE-CAMPBELL,180,747,567,1,~  3A--9,ARCATA CITY COUNCILMEMB,VALERIE ROSE-CAMPBELL,179,747,1,0,1,0,28,3.57%,3A--9.ARCATA CITY COUNCILMEMBER.VALERIE ROSE-CAMPBELL
000058 ,2,4,019 044 045 143 144 175 176 225 230,MEAS_F,YES,319,744,425,0,~  3A--9,MEASURE F CITY OF ARCAT,YES,320,747,-1,-3,1,3,21,4.76%,3A--9.MEASURE F CITY OF ARCATA UTILITY USERS TAX..YES
000058 ,2,3,019 044 045 143 144 175 176 225 230 243,MEAS_H,YES,517,745,228,1,~  3A--9,MEASURE H ARCATA SCHOOL,YES,516,747,1,-2,1,2,352,0.28%,3A--9.MEASURE H ARCATA SCHOOL DISTRICT PARCEL TAX..YES
000058 ,2,3,019 044 045 143 144 175 176 225 230 243,MEAS_I,BONDS_NO,184,745,561,0,~  3A--9,MEASURE I ARCATA SCHOOL,BONDS NO,185,747,-1,-2,1,2,306,0.33%,3A--9.MEASURE I ARCATA SCHOOL DISTRICT BOND MEASURE..BONDS NO
000058 ,2,4,019 044 045 143 144 175 176 225 230,MEAS_U,YES,426,744,318,1,~  3A--9,MEASURE U LOCAL TRANSPO,YES,425,747,1,-3,1,3,193,0.52%,3A--9.MEASURE U LOCAL TRANSPORTATION AUTHORITY RETAIL TRANSACTIONS AND USE TAX..YES
000058 ,1,1,019 044 045 143 175 176 225 229 230 243,PRES,Write_in,18,747,729,1,~  3A--9,PRESIDENT AND VICE PRES,Write_in,17,747,1,0,1,0,430,0.23%,3A--9.PRESIDENT AND VICE PRESIDENT.Write_in
000058 ,1,1,019 044 045 143 175 176 225 229 230 243,PROP_51,NO,268,747,479,1,~  3A--9,PROPOSITION 51 SCHOOL B,NO,267,747,1,0,1,0,179,0.56%,3A--9.PROPOSITION 51 SCHOOL BONDS. FUNDING FOR K-12 SCHOOL AND COMMUNITY COLLEGE FACILITIES. INITIATIVE.NO
000058 ,1,1,019 044 045 143 175 176 225 229 230 243,PROP_53,NO,376,747,371,1,~  3A--9,PROPOSITION 53 REVENUE ,NO,375,747,1,0,1,0,74,1.35%,3A--9.PROPOSITION 53 REVENUE BONDS. STATEWIDE VOTER APPROVAL. INITIATIVE CONSTITUTIONAL AMENDMENT..NO
000058 ,1,1,019 044 045 143 175 176 225 229 230 243,PROP_54,NO,251,747,496,3,~  3A--9,PROPOSITION 54 LEGISLAT,NO,250,747,1,0,1,0,196,0.51%,3A--9.PROPOSITION 54 LEGISLATURE. LEGISLATION AND PROCEEDINGS. INITIATIVE CONSTITUTIONAL AMENDMENT AND.NO
000058 ,1,2,019 044 045 143 175 176 225 229 230,PROP_57,NO,114,745,631,1,~  3A--9,PROPOSITION 57 CRIMINAL,NO,115,747,-1,-2,1,2,479,0.21%,3A--9.PROPOSITION 57 CRIMINAL SENTENCES. PAROLE. JUVENILE CRIMINAL PROCEEDINGS AND SENTENCING. INITIATIVE.NO
000058 ,1,2,019 044 045 143 175 176 225 229 230,PROP_58,NO,94,745,651,1,~  3A--9,PROPOSITION 58 ENGLISH ,NO,93,747,1,-2,1,2,511,0.20%,3A--9.PROPOSITION 58 ENGLISH PROFICIENCY. MULTILINGUAL EDUCATION. INITIATIVE STATUTE..NO
000058 ,1,2,019 044 045 143 175 176 225 229 230,PROP_58,YES,603,745,142,1,~  3A--9,PROPOSITION 58 ENGLISH ,YES,604,747,-1,-2,1,2,511,0.20%,3A--9.PROPOSITION 58 ENGLISH PROFICIENCY. MULTILINGUAL EDUCATION. INITIATIVE STATUTE..YES
000058 ,1,2,019 044 045 143 175 176 225 229 230,PROP_59,NO,177,745,568,3,~  3A--9,PROPOSITION 59 CORPORAT,NO,176,747,1,-2,1,2,321,0.31%,3A--9.PROPOSITION 59 CORPORATIONS. POLITICAL SPENDING. FEDERAL CONSTITUTIONAL PROTECTIONS..NO
000058 ,1,2,019 044 045 143 175 176 225 229 230,PROP_59,YES,498,745,247,3,~  3A--9,PROPOSITION 59 CORPORAT,YES,497,747,1,-2,1,2,321,0.31%,3A--9.PROPOSITION 59 CORPORATIONS. POLITICAL SPENDING. FEDERAL CONSTITUTIONAL PROTECTIONS..YES
000058 ,1,2,019 044 045 143 175 176 225 229 230,PROP_60,YES,267,745,478,0,~  3A--9,PROPOSITION 60 ADULT FI,YES,268,747,-1,-2,1,2,152,0.66%,3A--9.PROPOSITION 60 ADULT FILMS. CONDOMS. HEALTH REQUIREMENTS. INITIATIVE STATUTE..YES
000058 ,1,2,019 044 045 143 175 176 225 229 230,PROP_61,NO,256,745,489,1,~  3A--9,PROPOSITION 61 STATE PR,NO,255,747,1,-2,1,2,160,0.62%,3A--9.PROPOSITION 61 STATE PRESCRIPTION DRUG PURCHASES. PRICING STANDARDS. INITIATIVE STATUTE..NO
000058 ,2,3,019 044 045 143 144 175 176 225 230 243,PROP_63,NO,215,745,530,2,~  3A--9,PROPOSITION 63 FIREARMS,NO,214,747,1,-2,1,2,289,0.35%,3A--9.PROPOSITION 63 FIREARMS. AMMUNITION SALES. INITIATIVE STATUTE..NO
000058 ,2,3,019 044 045 143 144 175 176 225 230 243,PROP_63,YES,504,745,241,2,~  3A--9,PROPOSITION 63 FIREARMS,YES,503,747,1,-2,1,2,289,0.35%,3A--9.PROPOSITION 63 FIREARMS. AMMUNITION SALES. INITIATIVE STATUTE..YES
000058 ,2,3,019 044 045 143 144 175 176 225 230 243,PROP_67,YES,558,745,187,3,~  3A--9,PROPOSITION 67 BAN ON S,YES,557,747,1,-2,1,2,391,0.26%,3A--9.PROPOSITION 67 BAN ON SINGLE-USE PLASTIC BAGS. REFERENDUM..YES
000058 ,1,1,019 044 045 143 175 176 225 229 230 243,STATEASS2,JIM_WOOD,524,747,223,1,~  3A--9,"STATE ASSEMBLY, DISTRIC",JIM WOOD,523,747,1,0,1,0,398,0.25%,"3A--9.STATE ASSEMBLY, DISTRICT 2.JIM WOOD"
000058 ,1,1,019 044 045 143 175 176 225 229 230 243,STATEASS2,KEN_ANTON,126,747,621,1,~  3A--9,"STATE ASSEMBLY, DISTRIC",KEN ANTON,125,747,1,0,1,0,398,0.25%,"3A--9.STATE ASSEMBLY, DISTRICT 2.KEN ANTON"
000058 ,1,1,019 044 045 143 175 176 225 229 230 243,USREP,DALE_K_MENSING,93,747,654,1,~  3A--9,US REPRESENTATIVE IN CO,DALE K. MENSING,92,747,1,0,1,0,509,0.20%,"3A--9.US REPRESENTATIVE IN CONGRESS, DISTRICT 2.DALE K. MENSING"
000058 ,1,1,019 044 045 143 175 176 225 229 230 243,USREP,JARED_W_HUFFMAN,602,747,145,1,~  3A--9,US REPRESENTATIVE IN CO,JARED W. HUFFMAN,601,747,1,0,1,0,509,0.20%,"3A--9.US REPRESENTATIVE IN CONGRESS, DISTRICT 2.JARED W. HUFFMAN"
000058 ,1,1,019 044 045 143 175 176 225 229 230 243,USSEN,KAMALA_D_HARRIS,460,747,287,1,~  3A--9,US SENATOR,KAMALA D. HARRIS,461,747,-1,0,1,0,277,0.36%,3A--9.US SENATOR.KAMALA D. HARRIS
000058 ,1,1,019 044 045 143 175 176 225 229 230 243,USSEN,LORETTA_L_SANCHEZ,185,747,562,1,~  3A--9,US SENATOR,LORETTA L. SANCHEZ,184,747,1,0,1,0,277,0.36%,3A--9.US SENATOR.LORETTA L. SANCHEZ
000059 ,1,1,019 020 052 138 139 176 225 229 230 231 243,ARCATA_CC,MICHAEL_WINKLER,340,808,468,0,~  3A-10,ARCATA CITY COUNCILMEMB,MICHAEL WINKLER,341,809,-1,-1,1,1,63,1.59%,3A-10.ARCATA CITY COUNCILMEMBER.MICHAEL WINKLER
000059 ,1,1,019 020 052 138 139 176 225 229 230 231 243,ARCATA_CC,Write_in,18,2424,2406,0,~  3A-10,ARCATA CITY COUNCILMEMB,Write_in,17,809,1,1615,1,1615,63,1.59%,3A-10.ARCATA CITY COUNCILMEMBER.Write_in
000059 ,2,3,019 020 052 137 138 176 225 229 230 231 243,MEAS_I,BONDS_NO,161,808,647,2,~  3A-10,MEASURE I ARCATA SCHOOL,BONDS NO,160,809,1,-1,1,1,377,0.27%,3A-10.MEASURE I ARCATA SCHOOL DISTRICT BOND MEASURE..BONDS NO
000059 ,2,3,019 020 052 137 138 176 225 229 230 231 243,MEAS_I,BONDS_YES,538,808,270,2,~  3A-10,MEASURE I ARCATA SCHOOL,BONDS YES,537,809,1,-1,1,1,377,0.27%,3A-10.MEASURE I ARCATA SCHOOL DISTRICT BOND MEASURE..BONDS YES
000059 ,2,3,019 020 052 137 138 176 225 229 230 231 243,MEAS_Q,NO,315,808,493,6,~  3A-10,MEASURE Q HUMBOLDT COUN,NO,314,809,1,-1,1,1,4,25.00%,3A-10.MEASURE Q HUMBOLDT COUNTY CREATION OF FINANCE DEPARTMENT MEASURE..NO
000059 ,2,3,019 020 052 137 138 176 225 229 230 231 243,MEAS_R,YES,378,808,430,2,~  3A-10,MEASURE R HUMBOLDT COUN,YES,377,809,1,-1,1,1,126,0.79%,3A-10.MEASURE R HUMBOLDT COUNTY FINANCE DEPARTMENT ELECTIVE OFFICE MEASURE..YES
000059 ,2,4,019 020 052 137 138 176 225 229 230 231 243,MEAS_U,YES,457,807,350,1,~  3A-10,MEASURE U LOCAL TRANSPO,YES,458,809,-1,-2,1,2,224,0.45%,3A-10.MEASURE U LOCAL TRANSPORTATION AUTHORITY RETAIL TRANSACTIONS AND USE TAX..YES
000059 ,1,1,019 020 052 138 139 176 225 229 230 231 243,PRES,GARY_JOHNSON,21,808,787,1,~  3A-10,PRESIDENT AND VICE PRES,GARY JOHNSON      and,20,809,1,-1,1,1,475,0.21%,3A-10.PRESIDENT AND VICE PRESIDENT.GARY JOHNSON      and BILL WELD
000059 ,1,1,019 020 052 138 139 176 225 229 230 231 243,PRES,GLORIA_ESTELA_LA_RIVA,8,808,800,0,~  3A-10,PRESIDENT AND VICE PRES,GLORIA ESTELA LA RIVA,9,809,-1,-1,1,1,475,0.21%,3A-10.PRESIDENT AND VICE PRESIDENT.GLORIA ESTELA LA RIVA      and DENNIS J. BANKS
000059 ,1,1,019 020 052 138 139 176 225 229 230 231 243,PROP_51,NO,289,808,519,2,~  3A-10,PROPOSITION 51 SCHOOL B,NO,290,809,-1,-1,1,1,187,0.53%,3A-10.PROPOSITION 51 SCHOOL BONDS. FUNDING FOR K-12 SCHOOL AND COMMUNITY COLLEGE FACILITIES. INITIATIVE.NO
000059 ,1,1,019 020 052 138 139 176 225 229 230 231 243,PROP_52,YES,603,808,205,4,~  3A-10,PROPOSITION 52 MEDI-CAL,YES,604,809,-1,-1,1,1,458,0.22%,3A-10.PROPOSITION 52 MEDI-CAL HOSPITAL FEE PROGRAM. INITIATIVE CONSTITUTIONAL AMENDMENT AND STATUTE..YES
000059 ,1,1,019 020 052 138 139 176 225 229 230 231 243,PROP_54,NO,230,808,578,1,~  3A-10,PROPOSITION 54 LEGISLAT,NO,229,809,1,-1,1,1,281,0.36%,3A-10.PROPOSITION 54 LEGISLATURE. LEGISLATION AND PROCEEDINGS. INITIATIVE CONSTITUTIONAL AMENDMENT AND.NO
000059 ,1,2,019 020 052 138 139 176 225 229 230 231 243,PROP_55,NO,121,804,683,1,~  3A-10,PROPOSITION 55 TAX EXTE,NO,120,809,1,-5,1,5,520,0.19%,3A-10.PROPOSITION 55 TAX EXTENSION TO FUND EDUCATION AND HEALTHCARE. INITIATIVE CONSTITUTIONAL AMENDMENT..NO
000059 ,1,2,019 020 052 138 139 176 225 229 230 231 243,PROP_56,NO,254,804,550,1,~  3A-10,PROPOSITION 56 CIGARETT,NO,253,809,1,-5,1,5,275,0.36%,"3A-10.PROPOSITION 56 CIGARETTE TAX TO FUND HEALTHCARE, TOBACCO USE PREVENTION, RESEARCH, AND.NO"
000059 ,1,2,019 020 052 138 139 176 225 229 230 231 243,PROP_60,YES,293,804,511,4,~  3A-10,PROPOSITION 60 ADULT FI,YES,292,809,1,-5,1,5,155,0.65%,3A-10.PROPOSITION 60 ADULT FILMS. CONDOMS. HEALTH REQUIREMENTS. INITIATIVE STATUTE..YES
000059 ,1,2,019 020 052 138 139 176 225 229 230 231 243,PROP_62,NO,242,804,562,5,~  3A-10,PROPOSITION 62 DEATH PE,NO,241,809,1,-5,1,5,285,0.35%,3A-10.PROPOSITION 62 DEATH PENALTY. INITIATIVE STATUTE..NO
000059 ,1,2,019 020 052 138 139 176 225 229 230 231 243,PROP_62,YES,527,804,277,5,~  3A-10,PROPOSITION 62 DEATH PE,YES,526,809,1,-5,1,5,285,0.35%,3A-10.PROPOSITION 62 DEATH PENALTY. INITIATIVE STATUTE..YES
000059 ,2,3,019 020 052 137 138 176 225 229 230 231 243,PROP_63,NO,233,808,575,2,~  3A-10,PROPOSITION 63 FIREARMS,NO,232,809,1,-1,1,1,312,0.32%,3A-10.PROPOSITION 63 FIREARMS. AMMUNITION SALES. INITIATIVE STATUTE..NO
000059 ,2,3,019 020 052 137 138 176 225 229 230 231 243,PROP_63,YES,545,808,263,2,~  3A-10,PROPOSITION 63 FIREARMS,YES,544,809,1,-1,1,1,312,0.32%,3A-10.PROPOSITION 63 FIREARMS. AMMUNITION SALES. INITIATIVE STATUTE..YES
000059 ,2,3,019 020 052 137 138 176 225 229 230 231 243,PROP_64,NO,231,808,577,2,~  3A-10,PROPOSITION 64 MARIJUAN,NO,230,809,1,-1,1,1,333,0.30%,3A-10.PROPOSITION 64 MARIJUANA LEGALIZATION. INITIATIVE STATUTE..NO
000059 ,2,3,019 020 052 137 138 176 225 229 230 231 243,PROP_66,YES,240,808,568,1,~  3A-10,PROPOSITION 66 DEATH PE,YES,239,809,1,-1,1,1,226,0.44%,3A-10.PROPOSITION 66 DEATH PENALTY. PROCEDURES. INITIATIVE STATUTE..YES
000059 ,1,1,019 020 052 138 139 176 225 229 230 231 243,STATEASS2,JIM_WOOD,570,808,238,1,~  3A-10,"STATE ASSEMBLY, DISTRIC",JIM WOOD,569,809,1,-1,1,1,430,0.23%,"3A-10.STATE ASSEMBLY, DISTRICT 2.JIM WOOD"
000059 ,1,1,019 020 052 138 139 176 225 229 230 231 243,USSEN,LORETTA_L_SANCHEZ,255,808,553,1,~  3A-10,US SENATOR,LORETTA L. SANCHEZ,256,809,-1,-1,1,1,189,0.53%,3A-10.US SENATOR.LORETTA L. SANCHEZ
000060 ,1,1,020 044 128 129 176 177 178 225 229 231 236,ARCATA_CC,DANIEL_MURPHY,161,837,676,1,~  3A-11,ARCATA CITY COUNCILMEMB,DANIEL MURPHY,160,837,1,0,1,0,52,1.92%,3A-11.ARCATA CITY COUNCILMEMBER.DANIEL MURPHY
000060 ,1,1,020 044 128 129 176 177 178 225 229 231 236,ARCATA_CC,MICHAEL_WINKLER,372,837,465,2,~  3A-11,ARCATA CITY COUNCILMEMB,MICHAEL WINKLER,371,837,1,0,1,0,52,1.92%,3A-11.ARCATA CITY COUNCILMEMBER.MICHAEL WINKLER
000060 ,1,1,020 044 128 129 176 177 178 225 229 231 236,ARCATA_CC,PAUL_PITINO,395,837,442,2,~  3A-11,ARCATA CITY COUNCILMEMB,PAUL PITINO,394,837,1,0,1,0,52,1.92%,3A-11.ARCATA CITY COUNCILMEMBER.PAUL PITINO
000060 ,1,1,020 044 128 129 176 177 178 225 229 231 236,ARCATA_CC,SUSAN_ORNELAS,447,837,390,2,~  3A-11,ARCATA CITY COUNCILMEMB,SUSAN ORNELAS,446,837,1,0,1,0,52,1.92%,3A-11.ARCATA CITY COUNCILMEMBER.SUSAN ORNELAS
000060 ,1,1,020 044 128 129 176 177 178 225 229 231 236,ARCATA_CC,VALERIE_ROSE-CAMPBELL,199,837,638,1,~  3A-11,ARCATA CITY COUNCILMEMB,VALERIE ROSE-CAMPBELL,200,837,-1,0,1,0,52,1.92%,3A-11.ARCATA CITY COUNCILMEMBER.VALERIE ROSE-CAMPBELL
000060 ,1,1,020 044 128 129 176 177 178 225 229 231 236,ARCATA_CC,Write_in,16,2511,2495,0,~  3A-11,ARCATA CITY COUNCILMEMB,Write_in,15,837,1,1674,1,1674,52,1.92%,3A-11.ARCATA CITY COUNCILMEMBER.Write_in
000060 ,2,4,020 044 129 176 177 178 225 231 236,MEAS_F,YES,388,834,446,0,~  3A-11,MEASURE F CITY OF ARCAT,YES,389,837,-1,-3,1,3,71,1.41%,3A-11.MEASURE F CITY OF ARCATA UTILITY USERS TAX..YES
000060 ,2,3,020 044 129 176 177 178 225 231 236,MEAS_H,YES,614,833,219,1,~  3A-11,MEASURE H ARCATA SCHOOL,YES,615,837,-1,-4,1,4,505,0.20%,3A-11.MEASURE H ARCATA SCHOOL DISTRICT PARCEL TAX..YES
000060 ,2,3,020 044 129 176 177 178 225 231 236,MEAS_I,BONDS_YES,541,833,292,2,~  3A-11,MEASURE I ARCATA SCHOOL,BONDS YES,542,837,-1,-4,1,4,382,0.26%,3A-11.MEASURE I ARCATA SCHOOL DISTRICT BOND MEASURE..BONDS YES
000060 ,2,3,020 044 129 176 177 178 225 231 236,MEAS_Q,NO,267,833,566,1,~  3A-11,MEASURE Q HUMBOLDT COUN,NO,268,837,-1,-4,1,4,77,1.30%,3A-11.MEASURE Q HUMBOLDT COUNTY CREATION OF FINANCE DEPARTMENT MEASURE..NO
000060 ,2,3,020 044 129 176 177 178 225 231 236,MEAS_Q,YES,346,833,487,1,~  3A-11,MEASURE Q HUMBOLDT COUN,YES,345,837,1,-4,1,4,77,1.30%,3A-11.MEASURE Q HUMBOLDT COUNTY CREATION OF FINANCE DEPARTMENT MEASURE..YES
000060 ,2,3,020 044 129 176 177 178 225 231 236,MEAS_R,NO,220,833,613,1,~  3A-11,MEASURE R HUMBOLDT COUN,NO,219,837,1,-4,1,4,188,0.53%,3A-11.MEASURE R HUMBOLDT COUNTY FINANCE DEPARTMENT ELECTIVE OFFICE MEASURE..NO
000060 ,2,3,020 044 129 176 177 178 225 231 236,MEAS_R,YES,408,833,425,1,~  3A-11,MEASURE R HUMBOLDT COUN,YES,407,837,1,-4,1,4,188,0.53%,3A-11.MEASURE R HUMBOLDT COUNTY FINANCE DEPARTMENT ELECTIVE OFFICE MEASURE..YES
000060 ,2,3,020 044 129 176 177 178 225 231 236,MEAS_S,NO,192,833,641,0,~  3A-11,MEASURE S HUMBOLDT COUN,NO,193,837,-1,-4,1,4,377,0.27%,3A-11.MEASURE S HUMBOLDT COUNTY COMMERCIAL MARIJUANA CULTIVATION MEASURE..NO
000060 ,2,3,020 044 129 176 177 178 225 231 236,MEAS_S,YES,569,833,264,0,~  3A-11,MEASURE S HUMBOLDT COUN,YES,570,837,-1,-4,1,4,377,0.27%,3A-11.MEASURE S HUMBOLDT COUNTY COMMERCIAL MARIJUANA CULTIVATION MEASURE..YES
000060 ,2,4,020 044 129 176 177 178 225 231 236,MEAS_U,NO,207,834,627,1,~  3A-11,MEASURE U LOCAL TRANSPO,NO,206,837,1,-3,1,3,287,0.35%,3A-11.MEASURE U LOCAL TRANSPORTATION AUTHORITY RETAIL TRANSACTIONS AND USE TAX..NO
000060 ,1,1,020 044 128 129 176 177 178 225 229 231 236,PRES,Write_in,34,837,803,1,~  3A-11,PRESIDENT AND VICE PRES,Write_in,33,837,1,0,1,0,537,0.19%,3A-11.PRESIDENT AND VICE PRESIDENT.Write_in
000060 ,1,1,020 044 128 129 176 177 178 225 229 231 236,PROP_51,NO,270,837,567,2,~  3A-11,PROPOSITION 51 SCHOOL B,NO,269,837,1,0,1,0,249,0.40%,3A-11.PROPOSITION 51 SCHOOL BONDS. FUNDING FOR K-12 SCHOOL AND COMMUNITY COLLEGE FACILITIES. INITIATIVE.NO
000060 ,1,1,020 044 128 129 176 177 178 225 229 231 236,PROP_51,YES,519,837,318,2,~  3A-11,PROPOSITION 51 SCHOOL B,YES,518,837,1,0,1,0,249,0.40%,3A-11.PROPOSITION 51 SCHOOL BONDS. FUNDING FOR K-12 SCHOOL AND COMMUNITY COLLEGE FACILITIES. INITIATIVE.YES
000060 ,1,1,020 044 128 129 176 177 178 225 229 231 236,PROP_52,NO,133,837,704,2,~  3A-11,PROPOSITION 52 MEDI-CAL,NO,132,837,1,0,1,0,499,0.20%,3A-11.PROPOSITION 52 MEDI-CAL HOSPITAL FEE PROGRAM. INITIATIVE CONSTITUTIONAL AMENDMENT AND STATUTE..NO
000060 ,1,1,020 044 128 129 176 177 178 225 229 231 236,PROP_53,NO,399,837,438,5,~  3A-11,PROPOSITION 53 REVENUE ,NO,398,837,1,0,1,0,63,1.59%,3A-11.PROPOSITION 53 REVENUE BONDS. STATEWIDE VOTER APPROVAL. INITIATIVE CONSTITUTIONAL AMENDMENT..NO
000060 ,1,1,020 044 128 129 176 177 178 225 229 231 236,PROP_54,NO,207,837,630,1,~  3A-11,PROPOSITION 54 LEGISLAT,NO,206,837,1,0,1,0,342,0.29%,3A-11.PROPOSITION 54 LEGISLATURE. LEGISLATION AND PROCEEDINGS. INITIATIVE CONSTITUTIONAL AMENDMENT AND.NO
000060 ,1,2,020 044 128 129 176 177 178 225 229 231 236,PROP_55,NO,86,835,749,0,~  3A-11,PROPOSITION 55 TAX EXTE,NO,87,837,-1,-2,1,2,607,0.16%,3A-11.PROPOSITION 55 TAX EXTENSION TO FUND EDUCATION AND HEALTHCARE. INITIATIVE CONSTITUTIONAL AMENDMENT..NO
000060 ,1,2,020 044 128 129 176 177 178 225 229 231 236,PROP_57,NO,91,835,744,1,~  3A-11,PROPOSITION 57 CRIMINAL,NO,92,837,-1,-2,1,2,602,0.17%,3A-11.PROPOSITION 57 CRIMINAL SENTENCES. PAROLE. JUVENILE CRIMINAL PROCEEDINGS AND SENTENCING. INITIATIVE.NO
000060 ,1,2,020 044 128 129 176 177 178 225 229 231 236,PROP_57,YES,693,835,142,1,~  3A-11,PROPOSITION 57 CRIMINAL,YES,694,837,-1,-2,1,2,602,0.17%,3A-11.PROPOSITION 57 CRIMINAL SENTENCES. PAROLE. JUVENILE CRIMINAL PROCEEDINGS AND SENTENCING. INITIATIVE.YES
000060 ,1,2,020 044 128 129 176 177 178 225 229 231 236,PROP_60,NO,483,835,352,0,~  3A-11,PROPOSITION 60 ADULT FI,NO,484,837,-1,-2,1,2,193,0.52%,3A-11.PROPOSITION 60 ADULT FILMS. CONDOMS. HEALTH REQUIREMENTS. INITIATIVE STATUTE..NO
000060 ,1,2,020 044 128 129 176 177 178 225 229 231 236,PROP_61,YES,489,835,346,1,~  3A-11,PROPOSITION 61 STATE PR,YES,490,837,-1,-2,1,2,248,0.40%,3A-11.PROPOSITION 61 STATE PRESCRIPTION DRUG PURCHASES. PRICING STANDARDS. INITIATIVE STATUTE..YES
000060 ,2,3,020 044 129 176 177 178 225 231 236,PROP_64,YES,563,833,270,2,~  3A-11,PROPOSITION 64 MARIJUAN,YES,564,837,-1,-4,1,4,319,0.31%,3A-11.PROPOSITION 64 MARIJUANA LEGALIZATION. INITIATIVE STATUTE..YES
000060 ,2,3,020 044 129 176 177 178 225 231 236,PROP_66,NO,509,833,324,2,~  3A-11,PROPOSITION 66 DEATH PE,NO,510,837,-1,-4,1,4,304,0.33%,3A-11.PROPOSITION 66 DEATH PENALTY. PROCEDURES. INITIATIVE STATUTE..NO
000060 ,1,1,020 044 128 129 176 177 178 225 229 231 236,STATEASS2,KEN_ANTON,136,837,701,1,~  3A-11,"STATE ASSEMBLY, DISTRIC",KEN ANTON,135,837,1,0,1,0,452,0.22%,"3A-11.STATE ASSEMBLY, DISTRICT 2.KEN ANTON"
000060 ,1,1,020 044 128 129 176 177 178 225 229 231 236,USSEN,LORETTA_L_SANCHEZ,232,837,605,1,~  3A-11,US SENATOR,LORETTA L. SANCHEZ,231,837,1,0,1,0,260,0.38%,3A-11.US SENATOR.LORETTA L. SANCHEZ
000061 ,2,4,020 052 145 146 178 225 231 232 236 237,MEAS_F,NO,179,469,290,1,~  3A-12,MEASURE F CITY OF ARCAT,NO,178,470,1,-1,1,1,16,6.25%,3A-12.MEASURE F CITY OF ARCATA UTILITY USERS TAX..NO
000061 ,2,4,020 052 145 146 178 225 231 232 236 237,MEAS_F,YES,163,469,306,1,~  3A-12,MEASURE F CITY OF ARCAT,YES,162,470,1,-1,1,1,16,6.25%,3A-12.MEASURE F CITY OF ARCATA UTILITY USERS TAX..YES
000061 ,2,3,020 052 145 146 178 225 231 232 236 237,MEAS_H,NO,28,469,441,1,~  3A-12,MEASURE H ARCATA SCHOOL,NO,27,470,1,-1,1,1,306,0.33%,3A-12.MEASURE H ARCATA SCHOOL DISTRICT PARCEL TAX..NO
000061 ,2,3,020 052 145 146 178 225 231 232 236 237,MEAS_H,YES,334,469,135,1,~  3A-12,MEASURE H ARCATA SCHOOL,YES,333,470,1,-1,1,1,306,0.33%,3A-12.MEASURE H ARCATA SCHOOL DISTRICT PARCEL TAX..YES
000061 ,2,3,020 052 145 146 178 225 231 232 236 237,MEAS_I,BONDS_NO,58,469,411,1,~  3A-12,MEASURE I ARCATA SCHOOL,BONDS NO,57,470,1,-1,1,1,239,0.42%,3A-12.MEASURE I ARCATA SCHOOL DISTRICT BOND MEASURE..BONDS NO
000061 ,2,3,020 052 145 146 178 225 231 232 236 237,MEAS_Q,NO,105,469,364,1,~  3A-12,MEASURE Q HUMBOLDT COUN,NO,104,470,1,-1,1,1,113,0.88%,3A-12.MEASURE Q HUMBOLDT COUNTY CREATION OF FINANCE DEPARTMENT MEASURE..NO
000061 ,2,3,020 052 145 146 178 225 231 232 236 237,MEAS_R,YES,284,469,185,1,~  3A-12,MEASURE R HUMBOLDT COUN,YES,283,470,1,-1,1,1,234,0.43%,3A-12.MEASURE R HUMBOLDT COUNTY FINANCE DEPARTMENT ELECTIVE OFFICE MEASURE..YES
000061 ,2,3,020 052 145 146 178 225 231 232 236 237,MEAS_S,YES,294,469,175,0,~  3A-12,MEASURE S HUMBOLDT COUN,YES,295,470,-1,-1,1,1,193,0.52%,3A-12.MEASURE S HUMBOLDT COUNTY COMMERCIAL MARIJUANA CULTIVATION MEASURE..YES
000061 ,1,1,020 052 145 146 178 225 229 231 232 236 237,PRES,GARY_JOHNSON,19,470,451,1,~  3A-12,PRESIDENT AND VICE PRES,GARY JOHNSON      and,18,470,1,0,1,0,330,0.30%,3A-12.PRESIDENT AND VICE PRESIDENT.GARY JOHNSON      and BILL WELD
000061 ,1,1,020 052 145 146 178 225 229 231 232 236 237,PRES,JILL_STEIN,32,470,438,1,~  3A-12,PRESIDENT AND VICE PRES,JILL STEIN      and A,31,470,1,0,1,0,330,0.30%,3A-12.PRESIDENT AND VICE PRESIDENT.JILL STEIN      and AJAMU BARAKA
000061 ,1,1,020 052 145 146 178 225 229 231 232 236 237,PRES,Write_in,17,470,453,1,~  3A-12,PRESIDENT AND VICE PRES,Write_in,16,470,1,0,1,0,330,0.30%,3A-12.PRESIDENT AND VICE PRESIDENT.Write_in
000061 ,1,1,020 052 145 146 178 225 229 231 232 236 237,PROP_51,YES,319,470,151,2,~  3A-12,PROPOSITION 51 SCHOOL B,YES,318,470,1,0,1,0,198,0.51%,3A-12.PROPOSITION 51 SCHOOL BONDS. FUNDING FOR K-12 SCHOOL AND COMMUNITY COLLEGE FACILITIES. INITIATIVE.YES
000061 ,1,1,020 052 145 146 178 225 229 231 232 236 237,PROP_52,NO,91,470,379,1,~  3A-12,PROPOSITION 52 MEDI-CAL,NO,90,470,1,0,1,0,247,0.40%,3A-12.PROPOSITION 52 MEDI-CAL HOSPITAL FEE PROGRAM. INITIATIVE CONSTITUTIONAL AMENDMENT AND STATUTE..NO
000061 ,1,1,020 052 145 146 178 225 229 231 232 236 237,PROP_53,NO,164,470,306,1,~  3A-12,PROPOSITION 53 REVENUE ,NO,163,470,1,0,1,0,84,1.19%,3A-12.PROPOSITION 53 REVENUE BONDS. STATEWIDE VOTER APPROVAL. INITIATIVE CONSTITUTIONAL AMENDMENT..NO
000061 ,1,1,020 052 145 146 178 225 229 231 232 236 237,PROP_53,YES,248,470,222,1,~  3A-12,PROPOSITION 53 REVENUE ,YES,247,470,1,0,1,0,84,1.19%,3A-12.PROPOSITION 53 REVENUE BONDS. STATEWIDE VOTER APPROVAL. INITIATIVE CONSTITUTIONAL AMENDMENT..YES
000061 ,1,1,020 052 145 146 178 225 229 231 232 236 237,PROP_54,NO,86,470,384,1,~  3A-12,PROPOSITION 54 LEGISLAT,NO,85,470,1,0,1,0,255,0.39%,3A-12.PROPOSITION 54 LEGISLATURE. LEGISLATION AND PROCEEDINGS. INITIATIVE CONSTITUTIONAL AMENDMENT AND.NO
000061 ,1,1,020 052 145 146 178 225 229 231 232 236 237,PROP_54,YES,341,470,129,1,~  3A-12,PROPOSITION 54 LEGISLAT,YES,340,470,1,0,1,0,255,0.39%,3A-12.PROPOSITION 54 LEGISLATURE. LEGISLATION AND PROCEEDINGS. INITIATIVE CONSTITUTIONAL AMENDMENT AND.YES
000061 ,1,2,020 052 145 146 178 225 229 231 232 236 237,PROP_60,NO,201,470,269,1,~  3A-12,PROPOSITION 60 ADULT FI,NO,200,470,1,0,1,0,40,2.50%,3A-12.PROPOSITION 60 ADULT FILMS. CONDOMS. HEALTH REQUIREMENTS. INITIATIVE STATUTE..NO
000061 ,1,2,020 052 145 146 178 225 229 231 232 236 237,PROP_60,YES,241,470,229,1,~  3A-12,PROPOSITION 60 ADULT FI,YES,240,470,1,0,1,0,40,2.50%,3A-12.PROPOSITION 60 ADULT FILMS. CONDOMS. HEALTH REQUIREMENTS. INITIATIVE STATUTE..YES
000061 ,1,2,020 052 145 146 178 225 229 231 232 236 237,PROP_62,YES,285,470,185,2,~  3A-12,PROPOSITION 62 DEATH PE,YES,284,470,1,0,1,0,125,0.80%,3A-12.PROPOSITION 62 DEATH PENALTY. INITIATIVE STATUTE..YES
000061 ,2,3,020 052 145 146 178 225 231 232 236 237,PROP_65,YES,336,469,133,1,~  3A-12,PROPOSITION 65 CARRYOUT,YES,335,470,1,-1,1,1,226,0.44%,3A-12.PROPOSITION 65 CARRYOUT BAGS. CHARGES. INITIATIVE STATUTE..YES
000061 ,2,3,020 052 145 146 178 225 231 232 236 237,PROP_66,NO,221,469,248,1,~  3A-12,PROPOSITION 66 DEATH PE,NO,222,470,-1,-1,1,1,37,2.70%,3A-12.PROPOSITION 66 DEATH PENALTY. PROCEDURES. INITIATIVE STATUTE..NO
000061 ,2,3,020 052 145 146 178 225 231 232 236 237,PROP_66,YES,186,469,283,1,~  3A-12,PROPOSITION 66 DEATH PE,YES,185,470,1,-1,1,1,37,2.70%,3A-12.PROPOSITION 66 DEATH PENALTY. PROCEDURES. INITIATIVE STATUTE..YES
000061 ,1,1,020 052 145 146 178 225 229 231 232 236 237,STATEASS2,JIM_WOOD,280,470,190,1,~  3A-12,"STATE ASSEMBLY, DISTRIC",JIM WOOD,279,470,1,0,1,0,174,0.57%,"3A-12.STATE ASSEMBLY, DISTRICT 2.JIM WOOD"
000061 ,1,1,020 052 145 146 178 225 229 231 232 236 237,USREP,DALE_K_MENSING,31,470,439,1,~  3A-12,US REPRESENTATIVE IN CO,DALE K. MENSING,30,470,1,0,1,0,347,0.29%,"3A-12.US REPRESENTATIVE IN CONGRESS, DISTRICT 2.DALE K. MENSING"
000062 ,1,1,021 044 129 130 178 179 225 229 232 236 243,ARCATA_CC,DANIEL_MURPHY,171,908,737,0,~  3A-13,ARCATA CITY COUNCILMEMB,DANIEL MURPHY,172,910,-1,-2,1,2,56,1.79%,3A-13.ARCATA CITY COUNCILMEMBER.DANIEL MURPHY
000062 ,1,1,021 044 129 130 178 179 225 229 232 236 243,ARCATA_CC,PAUL_PITINO,388,908,520,1,~  3A-13,ARCATA CITY COUNCILMEMB,PAUL PITINO,389,910,-1,-2,1,2,56,1.79%,3A-13.ARCATA CITY COUNCILMEMBER.PAUL PITINO
000062 ,1,1,021 044 129 130 178 179 225 229 232 236 243,ARCATA_CC,VALERIE_ROSE-CAMPBELL,213,908,695,0,~  3A-13,ARCATA CITY COUNCILMEMB,VALERIE ROSE-CAMPBELL,214,910,-1,-2,1,2,56,1.79%,3A-13.ARCATA CITY COUNCILMEMBER.VALERIE ROSE-CAMPBELL
000062 ,1,1,021 044 129 130 178 179 225 229 232 236 243,ARCATA_CC,Write_in,32,2724,2692,1,~  3A-13,ARCATA CITY COUNCILMEMB,Write_in,31,910,1,1814,1,1814,56,1.79%,3A-13.ARCATA CITY COUNCILMEMBER.Write_in
000062 ,2,4,021 044 130 131 178 179 225 226 232 236 243,MEAS_F,YES,398,907,509,1,~  3A-13,MEASURE F CITY OF ARCAT,YES,399,910,-1,-3,1,3,40,2.50%,3A-13.MEASURE F CITY OF ARCATA UTILITY USERS TAX..YES
000062 ,2,3,021 044 130 131 178 179 225 226 232 236 243,MEAS_H,NO,153,905,752,0,~  3A-13,MEASURE H ARCATA SCHOOL,NO,154,910,-1,-5,1,5,473,0.21%,3A-13.MEASURE H ARCATA SCHOOL DISTRICT PARCEL TAX..NO
000062 ,2,3,021 044 130 131 178 179 225 226 232 236 243,MEAS_I,BONDS_NO,177,905,728,2,~  3A-13,MEASURE I ARCATA SCHOOL,BONDS NO,178,910,-1,-5,1,5,410,0.24%,3A-13.MEASURE I ARCATA SCHOOL DISTRICT BOND MEASURE..BONDS NO
000062 ,2,3,021 044 130 131 178 179 225 226 232 236 243,MEAS_Q,NO,309,905,596,3,~  3A-13,MEASURE Q HUMBOLDT COUN,NO,310,910,-1,-5,1,5,59,1.69%,3A-13.MEASURE Q HUMBOLDT COUNTY CREATION OF FINANCE DEPARTMENT MEASURE..NO
000062 ,2,3,021 044 130 131 178 179 225 226 232 236 243,MEAS_Q,YES,370,905,535,3,~  3A-13,MEASURE Q HUMBOLDT COUN,YES,369,910,1,-5,1,5,59,1.69%,3A-13.MEASURE Q HUMBOLDT COUNTY CREATION OF FINANCE DEPARTMENT MEASURE..YES
000062 ,2,3,021 044 130 131 178 179 225 226 232 236 243,MEAS_R,NO,264,905,641,2,~  3A-13,MEASURE R HUMBOLDT COUN,NO,265,910,-1,-5,1,5,150,0.67%,3A-13.MEASURE R HUMBOLDT COUNTY FINANCE DEPARTMENT ELECTIVE OFFICE MEASURE..NO
000062 ,2,3,021 044 130 131 178 179 225 226 232 236 243,MEAS_S,YES,626,905,279,3,~  3A-13,MEASURE S HUMBOLDT COUN,YES,627,910,-1,-5,1,5,449,0.22%,3A-13.MEASURE S HUMBOLDT COUNTY COMMERCIAL MARIJUANA CULTIVATION MEASURE..YES
000062 ,2,4,021 044 130 131 178 179 225 226 232 236 243,MEAS_U,NO,246,907,661,0,~  3A-13,MEASURE U LOCAL TRANSPO,NO,245,910,1,-3,1,3,272,0.37%,3A-13.MEASURE U LOCAL TRANSPORTATION AUTHORITY RETAIL TRANSACTIONS AND USE TAX..NO
000062 ,2,4,021 044 130 131 178 179 225 226 232 236 243,MEAS_V,NO,268,907,639,2,~  3A-13,MEASURE V MOBILE HOME P,NO,267,910,1,-3,1,3,207,0.48%,3A-13.MEASURE V MOBILE HOME PARK SPACE RENT STABILIZATION..NO
000062 ,1,1,021 044 129 130 178 179 225 229 232 236 243,PRES,GLORIA_ESTELA_LA_RIVA,11,908,897,0,~  3A-13,PRESIDENT AND VICE PRES,GLORIA ESTELA LA RIVA,12,910,-1,-2,1,2,511,0.20%,3A-13.PRESIDENT AND VICE PRESIDENT.GLORIA ESTELA LA RIVA      and DENNIS J. BANKS
000062 ,1,1,021 044 129 130 178 179 225 229 232 236 243,PRES,HILLARY_CLINTON,615,908,293,1,~  3A-13,PRESIDENT AND VICE PRES,HILLARY CLINTON      ,614,910,1,-2,1,2,511,0.20%,3A-13.PRESIDENT AND VICE PRESIDENT.HILLARY CLINTON      and TIM KAINE
000062 ,1,1,021 044 129 130 178 179 225 229 232 236 243,PROP_51,NO,281,908,627,3,~  3A-13,PROPOSITION 51 SCHOOL B,NO,280,910,1,-2,1,2,293,0.34%,3A-13.PROPOSITION 51 SCHOOL BONDS. FUNDING FOR K-12 SCHOOL AND COMMUNITY COLLEGE FACILITIES. INITIATIVE.NO
000062 ,1,1,021 044 129 130 178 179 225 229 232 236 243,PROP_51,YES,572,908,336,3,~  3A-13,PROPOSITION 51 SCHOOL B,YES,573,910,-1,-2,1,2,293,0.34%,3A-13.PROPOSITION 51 SCHOOL BONDS. FUNDING FOR K-12 SCHOOL AND COMMUNITY COLLEGE FACILITIES. INITIATIVE.YES
000062 ,1,1,021 044 129 130 178 179 225 229 232 236 243,PROP_52,YES,649,908,259,2,~  3A-13,PROPOSITION 52 MEDI-CAL,YES,648,910,1,-2,1,2,487,0.21%,3A-13.PROPOSITION 52 MEDI-CAL HOSPITAL FEE PROGRAM. INITIATIVE CONSTITUTIONAL AMENDMENT AND STATUTE..YES
000062 ,1,1,021 044 129 130 178 179 225 229 232 236 243,PROP_53,NO,449,908,459,2,~  3A-13,PROPOSITION 53 REVENUE ,NO,448,910,1,-2,1,2,83,1.20%,3A-13.PROPOSITION 53 REVENUE BONDS. STATEWIDE VOTER APPROVAL. INITIATIVE CONSTITUTIONAL AMENDMENT..NO
000062 ,1,1,021 044 129 130 178 179 225 229 232 236 243,PROP_54,NO,255,908,653,1,~  3A-13,PROPOSITION 54 LEGISLAT,NO,254,910,1,-2,1,2,320,0.31%,3A-13.PROPOSITION 54 LEGISLATURE. LEGISLATION AND PROCEEDINGS. INITIATIVE CONSTITUTIONAL AMENDMENT AND.NO
000062 ,1,1,021 044 129 130 178 179 225 229 232 236 243,PROP_54,YES,573,908,335,1,~  3A-13,PROPOSITION 54 LEGISLAT,YES,574,910,-1,-2,1,2,320,0.31%,3A-13.PROPOSITION 54 LEGISLATURE. LEGISLATION AND PROCEEDINGS. INITIATIVE CONSTITUTIONAL AMENDMENT AND.YES
000062 ,1,2,021 044 129 130 178 179 225 229 232 236 243,PROP_55,NO,157,906,749,2,~  3A-13,PROPOSITION 55 TAX EXTE,NO,156,910,1,-4,1,4,536,0.19%,3A-13.PROPOSITION 55 TAX EXTENSION TO FUND EDUCATION AND HEALTHCARE. INITIATIVE CONSTITUTIONAL AMENDMENT..NO
000062 ,1,2,021 044 129 130 178 179 225 229 232 236 243,PROP_56,NO,214,906,692,0,~  3A-13,PROPOSITION 56 CIGARETT,NO,215,910,-1,-4,1,4,439,0.23%,"3A-13.PROPOSITION 56 CIGARETTE TAX TO FUND HEALTHCARE, TOBACCO USE PREVENTION, RESEARCH, AND.NO"
000062 ,1,2,021 044 129 130 178 179 225 229 232 236 243,PROP_57,NO,130,906,776,0,~  3A-13,PROPOSITION 57 CRIMINAL,NO,131,910,-1,-4,1,4,588,0.17%,3A-13.PROPOSITION 57 CRIMINAL SENTENCES. PAROLE. JUVENILE CRIMINAL PROCEEDINGS AND SENTENCING. INITIATIVE.NO
000062 ,1,2,021 044 129 130 178 179 225 229 232 236 243,PROP_60,YES,321,906,585,1,~  3A-13,PROPOSITION 60 ADULT FI,YES,322,910,-1,-4,1,4,177,0.56%,3A-13.PROPOSITION 60 ADULT FILMS. CONDOMS. HEALTH REQUIREMENTS. INITIATIVE STATUTE..YES
000062 ,1,2,021 044 129 130 178 179 225 229 232 236 243,PROP_61,YES,499,906,407,0,~  3A-13,PROPOSITION 61 STATE PR,YES,500,910,-1,-4,1,4,212,0.47%,3A-13.PROPOSITION 61 STATE PRESCRIPTION DRUG PURCHASES. PRICING STANDARDS. INITIATIVE STATUTE..YES
000062 ,1,2,021 044 129 130 178 179 225 229 232 236 243,PROP_62,NO,239,906,667,3,~  3A-13,PROPOSITION 62 DEATH PE,NO,240,910,-1,-4,1,4,354,0.28%,3A-13.PROPOSITION 62 DEATH PENALTY. INITIATIVE STATUTE..NO
000062 ,2,3,021 044 130 131 178 179 225 226 232 236 243,PROP_64,NO,267,905,638,3,~  3A-13,PROPOSITION 64 MARIJUAN,NO,268,910,-1,-5,1,5,348,0.29%,3A-13.PROPOSITION 64 MARIJUANA LEGALIZATION. INITIATIVE STATUTE..NO
000062 ,2,3,021 044 130 131 178 179 225 226 232 236 243,PROP_64,YES,617,905,288,3,~  3A-13,PROPOSITION 64 MARIJUAN,YES,616,910,1,-5,1,5,348,0.29%,3A-13.PROPOSITION 64 MARIJUANA LEGALIZATION. INITIATIVE STATUTE..YES
000062 ,2,3,021 044 130 131 178 179 225 226 232 236 243,PROP_66,NO,509,905,396,4,~  3A-13,PROPOSITION 66 DEATH PE,NO,510,910,-1,-5,1,5,233,0.43%,3A-13.PROPOSITION 66 DEATH PENALTY. PROCEDURES. INITIATIVE STATUTE..NO
000062 ,2,3,021 044 130 131 178 179 225 226 232 236 243,PROP_67,NO,145,905,760,1,~  3A-13,PROPOSITION 67 BAN ON S,NO,144,910,1,-5,1,5,585,0.17%,3A-13.PROPOSITION 67 BAN ON SINGLE-USE PLASTIC BAGS. REFERENDUM..NO
000062 ,1,1,021 044 129 130 178 179 225 229 232 236 243,STATEASS2,JIM_WOOD,602,908,306,1,~  3A-13,"STATE ASSEMBLY, DISTRIC",JIM WOOD,603,910,-1,-2,1,2,440,0.23%,"3A-13.STATE ASSEMBLY, DISTRICT 2.JIM WOOD"
000062 ,1,1,021 044 129 130 178 179 225 229 232 236 243,USREP,DALE_K_MENSING,92,908,816,1,~  3A-13,US REPRESENTATIVE IN CO,DALE K. MENSING,91,910,1,-2,1,2,623,0.16%,"3A-13.US REPRESENTATIVE IN CONGRESS, DISTRICT 2.DALE K. MENSING"
000062 ,1,1,021 044 129 130 178 179 225 229 232 236 243,USREP,JARED_W_HUFFMAN,713,908,195,1,~  3A-13,US REPRESENTATIVE IN CO,JARED W. HUFFMAN,714,910,-1,-2,1,2,623,0.16%,"3A-13.US REPRESENTATIVE IN CONGRESS, DISTRICT 2.JARED W. HUFFMAN"
000062 ,1,1,021 044 129 130 178 179 225 229 232 236 243,USSEN,LORETTA_L_SANCHEZ,240,908,668,2,~  3A-13,US SENATOR,LORETTA L. SANCHEZ,241,910,-1,-2,1,2,281,0.36%,3A-13.US SENATOR.LORETTA L. SANCHEZ
000063 ,1,1,020 021 048 131 132 177 179 180 226 229 236,ARCATA_CC,DANIEL_MURPHY,91,593,502,1,~  3A-J1,ARCATA CITY COUNCILMEMB,DANIEL MURPHY,90,593,1,0,1,0,26,3.85%,3A-J1.ARCATA CITY COUNCILMEMBER.DANIEL MURPHY
000063 ,1,1,020 021 048 131 132 177 179 180 226 229 236,ARCATA_CC,PAUL_PITINO,295,593,298,2,~  3A-J1,ARCATA CITY COUNCILMEMB,PAUL PITINO,294,593,1,0,1,0,26,3.85%,3A-J1.ARCATA CITY COUNCILMEMBER.PAUL PITINO
000063 ,2,3,020 021 048 131 177 179 180 226 236,MEAS_Q,NO,269,589,320,1,~  3A-J1,MEASURE Q HUMBOLDT COUN,NO,268,593,1,-4,1,4,47,2.13%,3A-J1.MEASURE Q HUMBOLDT COUNTY CREATION OF FINANCE DEPARTMENT MEASURE..NO
000063 ,2,3,020 021 048 131 177 179 180 226 236,MEAS_R,YES,242,589,347,1,~  3A-J1,MEASURE R HUMBOLDT COUN,YES,241,593,1,-4,1,4,1,100.00%,3A-J1.MEASURE R HUMBOLDT COUNTY FINANCE DEPARTMENT ELECTIVE OFFICE MEASURE..YES
000063 ,2,3,020 021 048 131 177 179 180 226 236,MEAS_S,YES,413,589,176,1,~  3A-J1,MEASURE S HUMBOLDT COUN,YES,412,593,1,-4,1,4,277,0.36%,3A-J1.MEASURE S HUMBOLDT COUNTY COMMERCIAL MARIJUANA CULTIVATION MEASURE..YES
000063 ,2,3,020 021 048 131 177 179 180 226 236,MEAS_U,YES,360,589,229,1,~  3A-J1,MEASURE U LOCAL TRANSPO,YES,359,593,1,-4,1,4,180,0.56%,3A-J1.MEASURE U LOCAL TRANSPORTATION AUTHORITY RETAIL TRANSACTIONS AND USE TAX..YES
000063 ,2,4,020 021 048 131 177 179 180 226 236,MEAS_V,NO,183,589,406,1,~  3A-J1,MEASURE V MOBILE HOME P,NO,182,593,1,-4,1,4,162,0.62%,3A-J1.MEASURE V MOBILE HOME PARK SPACE RENT STABILIZATION..NO
000063 ,1,1,020 021 048 131 132 177 179 180 226 229 236,PRES,DONALD_J_TRUMP,66,593,527,1,~  3A-J1,PRESIDENT AND VICE PRES,DONALD J. TRUMP      ,65,593,1,0,1,0,402,0.25%,3A-J1.PRESIDENT AND VICE PRESIDENT.DONALD J. TRUMP      and MICHAEL R. PENCE
000063 ,1,1,020 021 048 131 132 177 179 180 226 229 236,PRES,GARY_JOHNSON,11,593,582,1,~  3A-J1,PRESIDENT AND VICE PRES,GARY JOHNSON      and,10,593,1,0,1,0,402,0.25%,3A-J1.PRESIDENT AND VICE PRESIDENT.GARY JOHNSON      and BILL WELD
000063 ,1,1,020 021 048 131 132 177 179 180 226 229 236,PRES,GLORIA_ESTELA_LA_RIVA,3,593,590,1,~  3A-J1,PRESIDENT AND VICE PRES,GLORIA ESTELA LA RIVA,2,593,1,0,1,0,402,0.25%,3A-J1.PRESIDENT AND VICE PRESIDENT.GLORIA ESTELA LA RIVA      and DENNIS J. BANKS
000063 ,1,1,020 021 048 131 132 177 179 180 226 229 236,PRES,HILLARY_CLINTON,468,593,125,1,~  3A-J1,PRESIDENT AND VICE PRES,HILLARY CLINTON      ,467,593,1,0,1,0,402,0.25%,3A-J1.PRESIDENT AND VICE PRESIDENT.HILLARY CLINTON      and TIM KAINE
000063 ,1,1,020 021 048 131 132 177 179 180 226 229 236,PRES,Write_in,11,593,582,1,~  3A-J1,PRESIDENT AND VICE PRES,Write_in,10,593,1,0,1,0,402,0.25%,3A-J1.PRESIDENT AND VICE PRESIDENT.Write_in
000063 ,1,1,020 021 048 131 132 177 179 180 226 229 236,PROP_54,YES,314,593,279,1,~  3A-J1,PROPOSITION 54 LEGISLAT,YES,313,593,1,0,1,0,74,1.35%,3A-J1.PROPOSITION 54 LEGISLATURE. LEGISLATION AND PROCEEDINGS. INITIATIVE CONSTITUTIONAL AMENDMENT AND.YES
000063 ,1,2,020 021 048 131 132 177 179 180 226 229 236,PROP_56,NO,130,593,463,1,~  3A-J1,PROPOSITION 56 CIGARETT,NO,129,593,1,0,1,0,312,0.32%,"3A-J1.PROPOSITION 56 CIGARETTE TAX TO FUND HEALTHCARE, TOBACCO USE PREVENTION, RESEARCH, AND.NO"
000063 ,1,2,020 021 048 131 132 177 179 180 226 229 236,PROP_58,NO,66,593,527,1,~  3A-J1,PROPOSITION 58 ENGLISH ,NO,65,593,1,0,1,0,425,0.24%,3A-J1.PROPOSITION 58 ENGLISH PROFICIENCY. MULTILINGUAL EDUCATION. INITIATIVE STATUTE..NO
000063 ,1,2,020 021 048 131 132 177 179 180 226 229 236,PROP_59,NO,112,593,481,1,~  3A-J1,PROPOSITION 59 CORPORAT,NO,111,593,1,0,1,0,325,0.31%,3A-J1.PROPOSITION 59 CORPORATIONS. POLITICAL SPENDING. FEDERAL CONSTITUTIONAL PROTECTIONS..NO
000063 ,1,2,020 021 048 131 132 177 179 180 226 229 236,PROP_61,YES,342,593,251,0,~  3A-J1,PROPOSITION 61 STATE PR,YES,343,593,-1,0,1,0,143,0.70%,3A-J1.PROPOSITION 61 STATE PRESCRIPTION DRUG PURCHASES. PRICING STANDARDS. INITIATIVE STATUTE..YES
000063 ,1,2,020 021 048 131 132 177 179 180 226 229 236,PROP_62,NO,137,593,456,1,~  3A-J1,PROPOSITION 62 DEATH PE,NO,136,593,1,0,1,0,292,0.34%,3A-J1.PROPOSITION 62 DEATH PENALTY. INITIATIVE STATUTE..NO
000063 ,2,3,020 021 048 131 177 179 180 226 236,PROP_63,YES,421,589,168,1,~  3A-J1,PROPOSITION 63 FIREARMS,YES,420,593,1,-4,1,4,272,0.37%,3A-J1.PROPOSITION 63 FIREARMS. AMMUNITION SALES. INITIATIVE STATUTE..YES
000063 ,2,3,020 021 048 131 177 179 180 226 236,PROP_66,NO,382,589,207,6,~  3A-J1,PROPOSITION 66 DEATH PE,NO,381,593,1,-4,1,4,240,0.42%,3A-J1.PROPOSITION 66 DEATH PENALTY. PROCEDURES. INITIATIVE STATUTE..NO
000063 ,2,3,020 021 048 131 177 179 180 226 236,PROP_67,NO,102,589,487,1,~  3A-J1,PROPOSITION 67 BAN ON S,NO,101,593,1,-4,1,4,366,0.27%,3A-J1.PROPOSITION 67 BAN ON SINGLE-USE PLASTIC BAGS. REFERENDUM..NO
000064 ,1,1,020 050 133 134 180 181 182 183 226 229 236 243,ARCATA_CC,PAUL_PITINO,352,814,462,0,~  3A-P2,ARCATA CITY COUNCILMEMB,PAUL PITINO,353,815,-1,-1,1,1,14,7.14%,3A-P2.ARCATA CITY COUNCILMEMBER.PAUL PITINO
000064 ,1,1,020 050 133 134 180 181 182 183 226 229 236 243,ARCATA_CC,SUSAN_ORNELAS,424,814,390,0,~  3A-P2,ARCATA CITY COUNCILMEMB,SUSAN ORNELAS,425,815,-1,-1,1,1,14,7.14%,3A-P2.ARCATA CITY COUNCILMEMBER.SUSAN ORNELAS
000064 ,2,4,020 050 134 180 181 182 183 226 229 236 243,MEAS_F,YES,343,812,469,1,~  3A-P2,MEASURE F CITY OF ARCAT,YES,344,815,-1,-3,1,3,15,6.67%,3A-P2.MEASURE F CITY OF ARCATA UTILITY USERS TAX..YES
000064 ,2,3,020 050 134 180 181 182 183 226 229 236 243,MEAS_Q,YES,311,813,502,1,~  3A-P2,MEASURE Q HUMBOLDT COUN,YES,310,815,1,-2,1,2,30,3.33%,3A-P2.MEASURE Q HUMBOLDT COUNTY CREATION OF FINANCE DEPARTMENT MEASURE..YES
000064 ,2,3,020 050 134 180 181 182 183 226 229 236 243,MEAS_R,NO,305,813,508,2,~  3A-P2,MEASURE R HUMBOLDT COUN,NO,304,815,1,-2,1,2,45,2.22%,3A-P2.MEASURE R HUMBOLDT COUNTY FINANCE DEPARTMENT ELECTIVE OFFICE MEASURE..NO
000064 ,2,3,020 050 134 180 181 182 183 226 229 236 243,MEAS_R,YES,350,813,463,2,~  3A-P2,MEASURE R HUMBOLDT COUN,YES,349,815,1,-2,1,2,45,2.22%,3A-P2.MEASURE R HUMBOLDT COUNTY FINANCE DEPARTMENT ELECTIVE OFFICE MEASURE..YES
000064 ,2,3,020 050 134 180 181 182 183 226 229 236 243,MEAS_V,NO,254,813,559,1,~  3A-P2,MEASURE V MOBILE HOME P,NO,255,815,-1,-2,1,2,212,0.47%,3A-P2.MEASURE V MOBILE HOME PARK SPACE RENT STABILIZATION..NO
000064 ,2,3,020 050 134 180 181 182 183 226 229 236 243,MEAS_V,YES,468,813,345,1,~  3A-P2,MEASURE V MOBILE HOME P,YES,467,815,1,-2,1,2,212,0.47%,3A-P2.MEASURE V MOBILE HOME PARK SPACE RENT STABILIZATION..YES
000064 ,1,1,020 050 133 134 180 181 182 183 226 229 236 243,PRES,HILLARY_CLINTON,515,814,299,1,~  3A-P2,PRESIDENT AND VICE PRES,HILLARY CLINTON      ,514,815,1,-1,1,1,373,0.27%,3A-P2.PRESIDENT AND VICE PRESIDENT.HILLARY CLINTON      and TIM KAINE
000064 ,1,1,020 050 133 134 180 181 182 183 226 229 236 243,PROP_51,YES,469,814,345,0,~  3A-P2,PROPOSITION 51 SCHOOL B,YES,470,815,-1,-1,1,1,177,0.56%,3A-P2.PROPOSITION 51 SCHOOL BONDS. FUNDING FOR K-12 SCHOOL AND COMMUNITY COLLEGE FACILITIES. INITIATIVE.YES
000064 ,1,1,020 050 133 134 180 181 182 183 226 229 236 243,PROP_52,YES,588,814,226,2,~  3A-P2,PROPOSITION 52 MEDI-CAL,YES,587,815,1,-1,1,1,417,0.24%,3A-P2.PROPOSITION 52 MEDI-CAL HOSPITAL FEE PROGRAM. INITIATIVE CONSTITUTIONAL AMENDMENT AND STATUTE..YES
000064 ,1,1,020 050 133 134 180 181 182 183 226 229 236 243,PROP_53,NO,422,814,392,1,~  3A-P2,PROPOSITION 53 REVENUE ,NO,421,815,1,-1,1,1,122,0.82%,3A-P2.PROPOSITION 53 REVENUE BONDS. STATEWIDE VOTER APPROVAL. INITIATIVE CONSTITUTIONAL AMENDMENT..NO
000064 ,1,1,020 050 133 134 180 181 182 183 226 229 236 243,PROP_54,YES,519,814,295,1,~  3A-P2,PROPOSITION 54 LEGISLAT,YES,518,815,1,-1,1,1,291,0.34%,3A-P2.PROPOSITION 54 LEGISLATURE. LEGISLATION AND PROCEEDINGS. INITIATIVE CONSTITUTIONAL AMENDMENT AND.YES
000064 ,1,2,020 050 133 134 180 181 182 183 226 229 236 243,PROP_55,NO,169,813,644,2,~  3A-P2,PROPOSITION 55 TAX EXTE,NO,168,815,1,-2,1,2,421,0.24%,3A-P2.PROPOSITION 55 TAX EXTENSION TO FUND EDUCATION AND HEALTHCARE. INITIATIVE CONSTITUTIONAL AMENDMENT..NO
000064 ,1,2,020 050 133 134 180 181 182 183 226 229 236 243,PROP_56,YES,513,813,300,0,~  3A-P2,PROPOSITION 56 CIGARETT,YES,514,815,-1,-2,1,2,241,0.41%,"3A-P2.PROPOSITION 56 CIGARETTE TAX TO FUND HEALTHCARE, TOBACCO USE PREVENTION, RESEARCH, AND.YES"
000064 ,1,2,020 050 133 134 180 181 182 183 226 229 236 243,PROP_57,NO,176,813,637,1,~  3A-P2,PROPOSITION 57 CRIMINAL,NO,175,815,1,-2,1,2,410,0.24%,3A-P2.PROPOSITION 57 CRIMINAL SENTENCES. PAROLE. JUVENILE CRIMINAL PROCEEDINGS AND SENTENCING. INITIATIVE.NO
000064 ,1,2,020 050 133 134 180 181 182 183 226 229 236 243,PROP_57,YES,584,813,229,1,~  3A-P2,PROPOSITION 57 CRIMINAL,YES,585,815,-1,-2,1,2,410,0.24%,3A-P2.PROPOSITION 57 CRIMINAL SENTENCES. PAROLE. JUVENILE CRIMINAL PROCEEDINGS AND SENTENCING. INITIATIVE.YES
000064 ,1,2,020 050 133 134 180 181 182 183 226 229 236 243,PROP_58,YES,622,813,191,0,~  3A-P2,PROPOSITION 58 ENGLISH ,YES,623,815,-1,-2,1,2,492,0.20%,3A-P2.PROPOSITION 58 ENGLISH PROFICIENCY. MULTILINGUAL EDUCATION. INITIATIVE STATUTE..YES
000064 ,1,2,020 050 133 134 180 181 182 183 226 229 236 243,PROP_59,YES,517,813,296,0,~  3A-P2,PROPOSITION 59 CORPORAT,YES,518,815,-1,-2,1,2,315,0.32%,3A-P2.PROPOSITION 59 CORPORATIONS. POLITICAL SPENDING. FEDERAL CONSTITUTIONAL PROTECTIONS..YES
000064 ,1,2,020 050 133 134 180 181 182 183 226 229 236 243,PROP_60,NO,457,813,356,2,~  3A-P2,PROPOSITION 60 ADULT FI,NO,456,815,1,-2,1,2,168,0.60%,3A-P2.PROPOSITION 60 ADULT FILMS. CONDOMS. HEALTH REQUIREMENTS. INITIATIVE STATUTE..NO
000064 ,1,2,020 050 133 134 180 181 182 183 226 229 236 243,PROP_61,NO,288,813,525,2,~  3A-P2,PROPOSITION 61 STATE PR,NO,287,815,1,-2,1,2,133,0.75%,3A-P2.PROPOSITION 61 STATE PRESCRIPTION DRUG PURCHASES. PRICING STANDARDS. INITIATIVE STATUTE..NO
000064 ,1,2,020 050 133 134 180 181 182 183 226 229 236 243,PROP_61,YES,421,813,392,2,~  3A-P2,PROPOSITION 61 STATE PR,YES,420,815,1,-2,1,2,133,0.75%,3A-P2.PROPOSITION 61 STATE PRESCRIPTION DRUG PURCHASES. PRICING STANDARDS. INITIATIVE STATUTE..YES
000064 ,1,2,020 050 133 134 180 181 182 183 226 229 236 243,PROP_62,NO,279,813,534,2,~  3A-P2,PROPOSITION 62 DEATH PE,NO,278,815,1,-2,1,2,204,0.49%,3A-P2.PROPOSITION 62 DEATH PENALTY. INITIATIVE STATUTE..NO
000064 ,2,3,020 050 134 180 181 182 183 226 229 236 243,PROP_65,NO,395,813,418,1,~  3A-P2,PROPOSITION 65 CARRYOUT,NO,394,815,1,-2,1,2,29,3.45%,3A-P2.PROPOSITION 65 CARRYOUT BAGS. CHARGES. INITIATIVE STATUTE..NO
000064 ,2,3,020 050 134 180 181 182 183 226 229 236 243,PROP_65,YES,366,813,447,1,~  3A-P2,PROPOSITION 65 CARRYOUT,YES,365,815,1,-2,1,2,29,3.45%,3A-P2.PROPOSITION 65 CARRYOUT BAGS. CHARGES. INITIATIVE STATUTE..YES
000064 ,1,1,020 050 133 134 180 181 182 183 226 229 236 243,STATEASS2,JIM_WOOD,534,814,280,0,~  3A-P2,"STATE ASSEMBLY, DISTRIC",JIM WOOD,535,815,-1,-1,1,1,375,0.27%,"3A-P2.STATE ASSEMBLY, DISTRICT 2.JIM WOOD"
000064 ,1,1,243,USREP,JARED_W__HUFFMAN,1,1,0,0,,,,0,0,1,1,1,1,,,
000064 ,1,1,020 050 133 134 180 181 182 183 226 229 236 243,USSEN,LORETTA_L_SANCHEZ,206,814,608,0,~  3A-P2,US SENATOR,LORETTA L. SANCHEZ,205,815,1,-1,1,1,258,0.39%,3A-P2.US SENATOR.LORETTA L. SANCHEZ
000065 ,1,1,021 022 043 044 124 132 183 184 226 229 236,ARCATA_CC,MICHAEL_WINKLER,356,838,482,1,~  3A-P4,ARCATA CITY COUNCILMEMB,MICHAEL WINKLER,357,839,-1,-1,1,1,39,2.56%,3A-P4.ARCATA CITY COUNCILMEMBER.MICHAEL WINKLER
000065 ,1,1,021 022 043 044 124 132 183 184 226 229 236,ARCATA_CC,PAUL_PITINO,349,838,489,3,~  3A-P4,ARCATA CITY COUNCILMEMB,PAUL PITINO,348,839,1,-1,1,1,39,2.56%,3A-P4.ARCATA CITY COUNCILMEMBER.PAUL PITINO
000065 ,1,1,021 022 043 044 124 132 183 184 226 229 236,ARCATA_CC,VALERIE_ROSE-CAMPBELL,218,838,620,2,~  3A-P4,ARCATA CITY COUNCILMEMB,VALERIE ROSE-CAMPBELL,217,839,1,-1,1,1,39,2.56%,3A-P4.ARCATA CITY COUNCILMEMBER.VALERIE ROSE-CAMPBELL
000065 ,2,3,021 022 043 044 132 133 183 184 226 236,MEAS_Q,NO,371,837,466,2,~  3A-P4,MEASURE Q HUMBOLDT COUN,NO,370,839,1,-2,1,2,43,2.33%,3A-P4.MEASURE Q HUMBOLDT COUNTY CREATION OF FINANCE DEPARTMENT MEASURE..NO
000065 ,2,3,021 022 043 044 132 133 183 184 226 236,MEAS_R,NO,311,837,526,2,~  3A-P4,MEASURE R HUMBOLDT COUN,NO,310,839,1,-2,1,2,74,1.35%,3A-P4.MEASURE R HUMBOLDT COUNTY FINANCE DEPARTMENT ELECTIVE OFFICE MEASURE..NO
000065 ,2,3,021 022 043 044 132 133 183 184 226 236,MEAS_S,NO,245,837,592,0,~  3A-P4,MEASURE S HUMBOLDT COUN,NO,246,839,-1,-2,1,2,287,0.35%,3A-P4.MEASURE S HUMBOLDT COUNTY COMMERCIAL MARIJUANA CULTIVATION MEASURE..NO
000065 ,2,3,021 022 043 044 132 133 183 184 226 236,MEAS_S,YES,532,836,304,0,~  3A-P4,MEASURE S HUMBOLDT COUN,YES,533,839,-1,-3,1,3,287,0.35%,3A-P4.MEASURE S HUMBOLDT COUNTY COMMERCIAL MARIJUANA CULTIVATION MEASURE..YES
000065 ,2,3,021 022 043 044 132 133 183 184 226 236,MEAS_V,NO,251,835,584,3,~  3A-P4,MEASURE V MOBILE HOME P,NO,250,839,1,-4,1,4,274,0.36%,3A-P4.MEASURE V MOBILE HOME PARK SPACE RENT STABILIZATION..NO
000065 ,2,3,021 022 043 044 132 133 183 184 226 236,MEAS_V,YES,523,835,312,3,~  3A-P4,MEASURE V MOBILE HOME P,YES,524,839,-1,-4,1,4,274,0.36%,3A-P4.MEASURE V MOBILE HOME PARK SPACE RENT STABILIZATION..YES
000065 ,1,1,021 022 043 044 124 132 183 184 226 229 236,PRES,GLORIA_ESTELA_LA_RIVA,7,838,831,1,~  3A-P4,PRESIDENT AND VICE PRES,GLORIA ESTELA LA RIVA,6,839,1,-1,1,1,332,0.30%,3A-P4.PRESIDENT AND VICE PRESIDENT.GLORIA ESTELA LA RIVA      and DENNIS J. BANKS
000065 ,1,1,021 022 043 044 124 132 183 184 226 229 236,PRES,Write_in,36,838,802,0,~  3A-P4,PRESIDENT AND VICE PRES,Write_in,37,839,-1,-1,1,1,332,0.30%,3A-P4.PRESIDENT AND VICE PRESIDENT.Write_in
000065 ,1,1,021 022 043 044 124 132 183 184 226 229 236,PROP_51,NO,324,838,514,2,~  3A-P4,PROPOSITION 51 SCHOOL B,NO,323,839,1,-1,1,1,142,0.70%,3A-P4.PROPOSITION 51 SCHOOL BONDS. FUNDING FOR K-12 SCHOOL AND COMMUNITY COLLEGE FACILITIES. INITIATIVE.NO
000065 ,1,1,021 022 043 044 124 132 183 184 226 229 236,PROP_54,YES,515,838,323,1,~  3A-P4,PROPOSITION 54 LEGISLAT,YES,514,839,1,-1,1,1,249,0.40%,3A-P4.PROPOSITION 54 LEGISLATURE. LEGISLATION AND PROCEEDINGS. INITIATIVE CONSTITUTIONAL AMENDMENT AND.YES
000065 ,2,3,021 022 043 044 132 133 183 184 226 236,PROP_63,YES,524,837,313,1,~  3A-P4,PROPOSITION 63 FIREARMS,YES,525,839,-1,-2,1,2,241,0.41%,3A-P4.PROPOSITION 63 FIREARMS. AMMUNITION SALES. INITIATIVE STATUTE..YES
000065 ,2,3,021 022 043 044 132 133 183 184 226 236,PROP_65,NO,384,837,453,3,~  3A-P4,PROPOSITION 65 CARRYOUT,NO,385,839,-1,-2,1,2,26,3.85%,3A-P4.PROPOSITION 65 CARRYOUT BAGS. CHARGES. INITIATIVE STATUTE..NO
000065 ,2,3,021 022 043 044 132 133 183 184 226 236,PROP_65,YES,412,836,424,3,~  3A-P4,PROPOSITION 65 CARRYOUT,YES,411,839,1,-3,1,3,26,3.85%,3A-P4.PROPOSITION 65 CARRYOUT BAGS. CHARGES. INITIATIVE STATUTE..YES
000065 ,2,3,021 022 043 044 132 133 183 184 226 236,PROP_66,NO,443,836,393,5,~  3A-P4,PROPOSITION 66 DEATH PE,NO,442,839,1,-3,1,3,141,0.71%,3A-P4.PROPOSITION 66 DEATH PENALTY. PROCEDURES. INITIATIVE STATUTE..NO
000065 ,1,1,021 022 043 044 124 132 183 184 226 229 236,STATEASS2,JIM_WOOD,521,838,317,1,~  3A-P4,"STATE ASSEMBLY, DISTRIC",JIM WOOD,520,839,1,-1,1,1,334,0.30%,"3A-P4.STATE ASSEMBLY, DISTRICT 2.JIM WOOD"
000065 ,1,1,021 022 043 044 124 132 183 184 226 229 236,STATEASS2,KEN_ANTON,187,838,651,1,~  3A-P4,"STATE ASSEMBLY, DISTRIC",KEN ANTON,186,839,1,-1,1,1,334,0.30%,"3A-P4.STATE ASSEMBLY, DISTRICT 2.KEN ANTON"
000065 ,1,1,021 022 043 044 124 132 183 184 226 229 236,USREP,DALE_K_MENSING,169,838,669,1,~  3A-P4,US REPRESENTATIVE IN CO,DALE K. MENSING,168,839,1,-1,1,1,431,0.23%,"3A-P4.US REPRESENTATIVE IN CONGRESS, DISTRICT 2.DALE K. MENSING"
000065 ,1,1,021 022 043 044 124 132 183 184 226 229 236,USSEN,KAMALA_D_HARRIS,461,838,377,3,~  3A-P4,US SENATOR,KAMALA D. HARRIS,460,839,1,-1,1,1,226,0.44%,3A-P4.US SENATOR.KAMALA D. HARRIS
000065 ,2,3,236,MEAS_C,NO,1,2,1,0,,,,0,0,1,2,1,2,,,
000065 ,2,3,236,MEAS_C,YES,1,2,1,0,,,,0,0,1,2,1,2,,,
000066 ,2,3,035 219 223,MEAS_Q,NO,51,142,91,1,~  3AS-1,MEASURE Q HUMBOLDT COUN,NO,50,142,1,0,1,0,15,6.67%,3AS-1.MEASURE Q HUMBOLDT COUNTY CREATION OF FINANCE DEPARTMENT MEASURE..NO
000066 ,2,3,035 219 223,MEAS_R,NO,56,142,86,1,~  3AS-1,MEASURE R HUMBOLDT COUN,NO,55,142,1,0,1,0,6,16.67%,3AS-1.MEASURE R HUMBOLDT COUNTY FINANCE DEPARTMENT ELECTIVE OFFICE MEASURE..NO
000066 ,1,1,035 219 223,PROP_52,YES,94,142,48,1,~  3AS-1,PROPOSITION 52 MEDI-CAL,YES,93,142,1,0,1,0,55,1.82%,3AS-1.PROPOSITION 52 MEDI-CAL HOSPITAL FEE PROGRAM. INITIATIVE CONSTITUTIONAL AMENDMENT AND STATUTE..YES
000066 ,1,2,035 219 223,PROP_58,NO,24,142,118,1,~  3AS-1,PROPOSITION 58 ENGLISH ,NO,23,142,1,0,1,0,83,1.20%,3AS-1.PROPOSITION 58 ENGLISH PROFICIENCY. MULTILINGUAL EDUCATION. INITIATIVE STATUTE..NO
000066 ,1,2,035 219 223,PROP_59,NO,40,142,102,1,~  3AS-1,PROPOSITION 59 CORPORAT,NO,39,142,1,0,1,0,44,2.27%,3AS-1.PROPOSITION 59 CORPORATIONS. POLITICAL SPENDING. FEDERAL CONSTITUTIONAL PROTECTIONS..NO
000066 ,2,3,035 219 223,PROP_65,YES,48,142,94,1,~  3AS-1,PROPOSITION 65 CARRYOUT,YES,47,142,1,0,1,0,34,2.94%,3AS-1.PROPOSITION 65 CARRYOUT BAGS. CHARGES. INITIATIVE STATUTE..YES
000067 ,2,3,036 219 223,MEAS_S,YES,72,111,39,1,~  3AS-9,MEASURE S HUMBOLDT COUN,YES,71,112,1,-1,1,1,40,2.50%,3AS-9.MEASURE S HUMBOLDT COUNTY COMMERCIAL MARIJUANA CULTIVATION MEASURE..YES
000067 ,2,4,036 219 223,MEAS_V,YES,60,111,51,0,~  3AS-9,MEASURE V MOBILE HOME P,YES,59,112,1,-1,1,1,18,5.56%,3AS-9.MEASURE V MOBILE HOME PARK SPACE RENT STABILIZATION..YES
000067 ,1,1,036 219 223 229,PROP_52,YES,72,112,40,1,~  3AS-9,PROPOSITION 52 MEDI-CAL,YES,71,112,1,0,1,0,40,2.50%,3AS-9.PROPOSITION 52 MEDI-CAL HOSPITAL FEE PROGRAM. INITIATIVE CONSTITUTIONAL AMENDMENT AND STATUTE..YES
000067 ,1,1,036 219 223 229,PROP_53,YES,35,112,77,1,~  3AS-9,PROPOSITION 53 REVENUE ,YES,34,112,1,0,1,0,29,3.45%,3AS-9.PROPOSITION 53 REVENUE BONDS. STATEWIDE VOTER APPROVAL. INITIATIVE CONSTITUTIONAL AMENDMENT..YES
000067 ,1,1,036 219 223 229,PROP_54,YES,54,112,58,1,~  3AS-9,PROPOSITION 54 LEGISLAT,YES,53,112,1,0,1,0,9,11.11%,3AS-9.PROPOSITION 54 LEGISLATURE. LEGISLATION AND PROCEEDINGS. INITIATIVE CONSTITUTIONAL AMENDMENT AND.YES
000067 ,1,2,036 219 223 229,PROP_61,YES,50,112,62,1,~  3AS-9,PROPOSITION 61 STATE PR,YES,49,112,1,0,1,0,1,100.00%,3AS-9.PROPOSITION 61 STATE PRESCRIPTION DRUG PURCHASES. PRICING STANDARDS. INITIATIVE STATUTE..YES
000067 ,1,1,036 219 223 229,USREP,DALE_K_MENSING,28,112,84,1,~  3AS-9,US REPRESENTATIVE IN CO,DALE K. MENSING,27,112,1,0,1,0,54,1.85%,"3AS-9.US REPRESENTATIVE IN CONGRESS, DISTRICT 2.DALE K. MENSING"
000068 ,1,1,021 050 137 181 226 229 236,BL_CC,ADELENE_NONES,436,675,239,0,~  3B--1,BLUE LAKE CITY COUNCILM,ADELENE JONES,437,677,-1,-2,1,2,34,2.94%,3B--1.BLUE LAKE CITY COUNCILMEMBER.ADELENE JONES
000068 ,2,3,021 050 136 137 181 226 236,MEAS_Q,YES,233,674,441,0,~  3B--1,MEASURE Q HUMBOLDT COUN,YES,234,677,-1,-3,1,3,99,1.01%,3B--1.MEASURE Q HUMBOLDT COUNTY CREATION OF FINANCE DEPARTMENT MEASURE..YES
000068 ,2,3,021 050 136 137 181 226 236,MEAS_R,YES,325,674,349,0,~  3B--1,MEASURE R HUMBOLDT COUN,YES,326,677,-1,-3,1,3,83,1.20%,3B--1.MEASURE R HUMBOLDT COUNTY FINANCE DEPARTMENT ELECTIVE OFFICE MEASURE..YES
000068 ,2,3,021 050 136 137 181 226 236,MEAS_S,YES,431,674,243,4,~  3B--1,MEASURE S HUMBOLDT COUN,YES,432,677,-1,-3,1,3,225,0.44%,3B--1.MEASURE S HUMBOLDT COUNTY COMMERCIAL MARIJUANA CULTIVATION MEASURE..YES
000068 ,2,3,021 050 136 137 181 226 236,MEAS_V,NO,223,674,451,2,~  3B--1,MEASURE V MOBILE HOME P,NO,222,677,1,-3,1,3,169,0.59%,3B--1.MEASURE V MOBILE HOME PARK SPACE RENT STABILIZATION..NO
000068 ,1,1,021 050 137 181 226 229 236,PRES,HILLARY_CLINTON,402,675,273,1,~  3B--1,PRESIDENT AND VICE PRES,HILLARY CLINTON      ,403,677,-1,-2,1,2,239,0.42%,3B--1.PRESIDENT AND VICE PRESIDENT.HILLARY CLINTON      and TIM KAINE
000068 ,1,1,021 050 137 181 226 229 236,PRES,Write_in,26,675,649,0,~  3B--1,PRESIDENT AND VICE PRES,Write_in,25,677,1,-2,1,2,239,0.42%,3B--1.PRESIDENT AND VICE PRESIDENT.Write_in
000068 ,1,1,021 050 137 181 226 229 236,PROP_51,NO,305,675,370,3,~  3B--1,PROPOSITION 51 SCHOOL B,NO,306,677,-1,-2,1,2,29,3.45%,3B--1.PROPOSITION 51 SCHOOL BONDS. FUNDING FOR K-12 SCHOOL AND COMMUNITY COLLEGE FACILITIES. INITIATIVE.NO
000068 ,1,1,021 050 137 181 226 229 236,PROP_52,YES,456,675,219,1,~  3B--1,PROPOSITION 52 MEDI-CAL,YES,457,677,-1,-2,1,2,278,0.36%,3B--1.PROPOSITION 52 MEDI-CAL HOSPITAL FEE PROGRAM. INITIATIVE CONSTITUTIONAL AMENDMENT AND STATUTE..YES
000068 ,1,1,021 050 137 181 226 229 236,PROP_53,YES,253,675,422,1,~  3B--1,PROPOSITION 53 REVENUE ,YES,254,677,-1,-2,1,2,114,0.88%,3B--1.PROPOSITION 53 REVENUE BONDS. STATEWIDE VOTER APPROVAL. INITIATIVE CONSTITUTIONAL AMENDMENT..YES
000068 ,1,1,021 050 137 181 226 229 236,PROP_54,NO,231,675,444,1,~  3B--1,PROPOSITION 54 LEGISLAT,NO,232,677,-1,-2,1,2,161,0.62%,3B--1.PROPOSITION 54 LEGISLATURE. LEGISLATION AND PROCEEDINGS. INITIATIVE CONSTITUTIONAL AMENDMENT AND.NO
000068 ,1,1,021 050 137 181 226 229 236,PROP_54,YES,394,675,281,1,~  3B--1,PROPOSITION 54 LEGISLAT,YES,393,677,1,-2,1,2,161,0.62%,3B--1.PROPOSITION 54 LEGISLATURE. LEGISLATION AND PROCEEDINGS. INITIATIVE CONSTITUTIONAL AMENDMENT AND.YES
000068 ,1,2,021 050 137 181 226 229 236,PROP_55,NO,162,674,512,0,~  3B--1,PROPOSITION 55 TAX EXTE,NO,163,677,-1,-3,1,3,308,0.32%,3B--1.PROPOSITION 55 TAX EXTENSION TO FUND EDUCATION AND HEALTHCARE. INITIATIVE CONSTITUTIONAL AMENDMENT..NO
000068 ,1,2,021 050 137 181 226 229 236,PROP_55,YES,470,674,204,0,~  3B--1,PROPOSITION 55 TAX EXTE,YES,471,677,-1,-3,1,3,308,0.32%,3B--1.PROPOSITION 55 TAX EXTENSION TO FUND EDUCATION AND HEALTHCARE. INITIATIVE CONSTITUTIONAL AMENDMENT..YES
000068 ,1,2,021 050 137 181 226 229 236,PROP_56,NO,237,674,437,1,~  3B--1,PROPOSITION 56 CIGARETT,NO,236,677,1,-3,1,3,171,0.58%,"3B--1.PROPOSITION 56 CIGARETTE TAX TO FUND HEALTHCARE, TOBACCO USE PREVENTION, RESEARCH, AND.NO"
000068 ,1,2,021 050 137 181 226 229 236,PROP_58,NO,130,674,544,0,~  3B--1,PROPOSITION 58 ENGLISH ,NO,131,677,-1,-3,1,3,367,0.27%,3B--1.PROPOSITION 58 ENGLISH PROFICIENCY. MULTILINGUAL EDUCATION. INITIATIVE STATUTE..NO
000068 ,1,2,021 050 137 181 226 229 236,PROP_59,NO,214,674,460,0,~  3B--1,PROPOSITION 59 CORPORAT,NO,215,677,-1,-3,1,3,186,0.54%,3B--1.PROPOSITION 59 CORPORATIONS. POLITICAL SPENDING. FEDERAL CONSTITUTIONAL PROTECTIONS..NO
000068 ,1,2,021 050 137 181 226 229 236,PROP_60,NO,398,674,276,0,~  3B--1,PROPOSITION 60 ADULT FI,NO,399,677,-1,-3,1,3,190,0.53%,3B--1.PROPOSITION 60 ADULT FILMS. CONDOMS. HEALTH REQUIREMENTS. INITIATIVE STATUTE..NO
000068 ,1,2,021 050 137 181 226 229 236,PROP_61,NO,241,674,433,1,~  3B--1,PROPOSITION 61 STATE PR,NO,242,677,-1,-3,1,3,122,0.82%,3B--1.PROPOSITION 61 STATE PRESCRIPTION DRUG PURCHASES. PRICING STANDARDS. INITIATIVE STATUTE..NO
000068 ,2,3,021 050 136 137 181 226 236,PROP_63,YES,382,674,292,2,~  3B--1,PROPOSITION 63 FIREARMS,YES,381,677,1,-3,1,3,116,0.86%,3B--1.PROPOSITION 63 FIREARMS. AMMUNITION SALES. INITIATIVE STATUTE..YES
000068 ,2,3,021 050 136 137 181 226 236,PROP_64,YES,431,674,243,0,~  3B--1,PROPOSITION 64 MARIJUAN,YES,432,677,-1,-3,1,3,204,0.49%,3B--1.PROPOSITION 64 MARIJUANA LEGALIZATION. INITIATIVE STATUTE..YES
000068 ,2,3,021 050 136 137 181 226 236,PROP_65,YES,239,674,435,0,~  3B--1,PROPOSITION 65 CARRYOUT,YES,240,677,-1,-3,1,3,161,0.62%,3B--1.PROPOSITION 65 CARRYOUT BAGS. CHARGES. INITIATIVE STATUTE..YES
000068 ,2,3,021 050 136 137 181 226 236,PROP_66,NO,373,674,301,0,~  3B--1,PROPOSITION 66 DEATH PE,NO,374,677,-1,-3,1,3,151,0.66%,3B--1.PROPOSITION 66 DEATH PENALTY. PROCEDURES. INITIATIVE STATUTE..NO
000068 ,2,3,021 050 136 137 181 226 236,PROP_66,YES,222,674,452,0,~  3B--1,PROPOSITION 66 DEATH PE,YES,223,677,-1,-3,1,3,151,0.66%,3B--1.PROPOSITION 66 DEATH PENALTY. PROCEDURES. INITIATIVE STATUTE..YES
000068 ,2,3,021 050 136 137 181 226 236,PROP_67,YES,454,674,220,3,~  3B--1,PROPOSITION 67 BAN ON S,YES,455,677,-1,-3,1,3,262,0.38%,3B--1.PROPOSITION 67 BAN ON SINGLE-USE PLASTIC BAGS. REFERENDUM..YES
000068 ,1,1,021 050 137 181 226 229 236,USREP,DALE_K_MENSING,145,675,530,1,~  3B--1,US REPRESENTATIVE IN CO,DALE K. MENSING,144,677,1,-2,1,2,342,0.29%,"3B--1.US REPRESENTATIVE IN CONGRESS, DISTRICT 2.DALE K. MENSING"
000068 ,1,1,021 050 137 181 226 229 236,USREP,JARED_W_HUFFMAN,485,675,190,1,~  3B--1,US REPRESENTATIVE IN CO,JARED W. HUFFMAN,486,677,-1,-2,1,2,342,0.29%,"3B--1.US REPRESENTATIVE IN CONGRESS, DISTRICT 2.JARED W. HUFFMAN"
000068 ,1,1,021 050 137 181 226 229 236,USSEN,KAMALA_D_HARRIS,380,675,295,2,~  3B--1,US SENATOR,KAMALA D. HARRIS,381,677,-1,-2,1,2,217,0.46%,3B--1.US SENATOR.KAMALA D. HARRIS
000071 ,2,3,022 023 052 053 134 135 181 182 226 236 237,MEAS_Q,YES,154,427,273,1,~  3ES-6,MEASURE Q HUMBOLDT COUN,YES,153,431,1,-4,1,4,75,1.33%,3ES-6.MEASURE Q HUMBOLDT COUNTY CREATION OF FINANCE DEPARTMENT MEASURE..YES
000071 ,2,3,022 023 052 053 134 135 181 182 226 236 237,MEAS_R,NO,219,427,208,0,~  3ES-6,MEASURE R HUMBOLDT COUN,NO,218,431,1,-4,1,4,59,1.69%,3ES-6.MEASURE R HUMBOLDT COUNTY FINANCE DEPARTMENT ELECTIVE OFFICE MEASURE..NO
000071 ,2,3,022 023 052 053 134 135 181 182 226 236 237,MEAS_U,YES,192,427,235,1,~  3ES-6,MEASURE U LOCAL TRANSPO,YES,191,431,1,-4,1,4,21,4.76%,3ES-6.MEASURE U LOCAL TRANSPORTATION AUTHORITY RETAIL TRANSACTIONS AND USE TAX..YES
000071 ,1,1,022 023 052 053 134 135 181 182 226 229 236 237,PROP_55,NO,176,431,255,1,~  3ES-6,PROPOSITION 55 TAX EXTE,NO,175,431,1,0,1,0,63,1.59%,3ES-6.PROPOSITION 55 TAX EXTENSION TO FUND EDUCATION AND HEALTHCARE. INITIATIVE CONSTITUTIONAL AMENDMENT..NO
000071 ,1,2,022 023 052 053 134 135 181 182 226 229 236 237,PROP_56,NO,194,431,237,1,~  3ES-6,PROPOSITION 56 CIGARETT,NO,193,431,1,0,1,0,32,3.12%,"3ES-6.PROPOSITION 56 CIGARETTE TAX TO FUND HEALTHCARE, TOBACCO USE PREVENTION, RESEARCH, AND.NO"
000071 ,1,2,022 023 052 053 134 135 181 182 226 229 236 237,PROP_56,YES,226,431,205,1,~  3ES-6,PROPOSITION 56 CIGARETT,YES,225,431,1,0,1,0,32,3.12%,"3ES-6.PROPOSITION 56 CIGARETTE TAX TO FUND HEALTHCARE, TOBACCO USE PREVENTION, RESEARCH, AND.YES"
000071 ,1,2,022 023 052 053 134 135 181 182 226 229 236 237,PROP_59,NO,179,431,252,0,~  3ES-6,PROPOSITION 59 CORPORAT,NO,178,431,1,0,1,0,32,3.12%,3ES-6.PROPOSITION 59 CORPORATIONS. POLITICAL SPENDING. FEDERAL CONSTITUTIONAL PROTECTIONS..NO
000071 ,2,3,022 023 052 053 134 135 181 182 226 236 237,PROP_65,YES,107,427,320,1,~  3ES-6,PROPOSITION 65 CARRYOUT,YES,106,431,1,-4,1,4,191,0.52%,3ES-6.PROPOSITION 65 CARRYOUT BAGS. CHARGES. INITIATIVE STATUTE..YES
000071 ,2,3,022 023 052 053 134 135 181 182 226 236 237,PROP_66,NO,250,427,177,1,~  3ES-6,PROPOSITION 66 DEATH PE,NO,249,431,1,-4,1,4,110,0.91%,3ES-6.PROPOSITION 66 DEATH PENALTY. PROCEDURES. INITIATIVE STATUTE..NO
000071 ,2,3,022 023 052 053 134 135 181 182 226 236 237,PROP_67,YES,213,427,214,1,~  3ES-6,PROPOSITION 67 BAN ON S,YES,212,431,1,-4,1,4,17,5.88%,3ES-6.PROPOSITION 67 BAN ON SINGLE-USE PLASTIC BAGS. REFERENDUM..YES
000071 ,1,1,022 023 052 053 134 135 181 182 226 229 236 237,USREP,DALE_K_MENSING,139,431,292,1,~  3ES-6,US REPRESENTATIVE IN CO,DALE K. MENSING,138,431,1,0,1,0,130,0.77%,"3ES-6.US REPRESENTATIVE IN CONGRESS, DISTRICT 2.DALE K. MENSING"
000071 ,1,1,022 023 052 053 134 135 181 182 226 229 236 237,USREP,JARED_W_HUFFMAN,269,431,162,1,~  3ES-6,US REPRESENTATIVE IN CO,JARED W. HUFFMAN,268,431,1,0,1,0,130,0.77%,"3ES-6.US REPRESENTATIVE IN CONGRESS, DISTRICT 2.JARED W. HUFFMAN"
000072 ,2,3,022 043 136 184 185 226 237,MEAS_V,YES,409,791,382,2,~  3FW,MEASURE V MOBILE HOME P,YES,408,796,1,-5,1,5,86,1.16%,3FW.MEASURE V MOBILE HOME PARK SPACE RENT STABILIZATION..YES
000072 ,1,1,022 043 135 136 184 185 226 229 237,PROP_51,NO,384,796,412,2,~  3FW,PROPOSITION 51 SCHOOL B,NO,383,796,1,0,1,0,9,11.11%,3FW.PROPOSITION 51 SCHOOL BONDS. FUNDING FOR K-12 SCHOOL AND COMMUNITY COLLEGE FACILITIES. INITIATIVE.NO
000072 ,1,1,022 043 135 136 184 185 226 229 237,PROP_51,YES,375,796,421,2,~  3FW,PROPOSITION 51 SCHOOL B,YES,374,796,1,0,1,0,9,11.11%,3FW.PROPOSITION 51 SCHOOL BONDS. FUNDING FOR K-12 SCHOOL AND COMMUNITY COLLEGE FACILITIES. INITIATIVE.YES
000072 ,1,1,022 043 135 136 184 185 226 229 237,PROP_52,NO,215,796,581,1,~  3FW,PROPOSITION 52 MEDI-CAL,NO,214,796,1,0,1,0,306,0.33%,3FW.PROPOSITION 52 MEDI-CAL HOSPITAL FEE PROGRAM. INITIATIVE CONSTITUTIONAL AMENDMENT AND STATUTE..NO
000072 ,1,2,022 043 135 136 184 185 226 229 237,PROP_57,NO,214,796,582,1,~  3FW,PROPOSITION 57 CRIMINAL,NO,213,796,1,0,1,0,321,0.31%,3FW.PROPOSITION 57 CRIMINAL SENTENCES. PAROLE. JUVENILE CRIMINAL PROCEEDINGS AND SENTENCING. INITIATIVE.NO
000072 ,1,2,022 043 135 136 184 185 226 229 237,PROP_58,YES,591,796,205,3,~  3FW,PROPOSITION 58 ENGLISH ,YES,590,796,1,0,1,0,433,0.23%,3FW.PROPOSITION 58 ENGLISH PROFICIENCY. MULTILINGUAL EDUCATION. INITIATIVE STATUTE..YES
000072 ,1,2,022 043 135 136 184 185 226 229 237,PROP_60,YES,276,796,520,1,~  3FW,PROPOSITION 60 ADULT FI,YES,275,796,1,0,1,0,174,0.57%,3FW.PROPOSITION 60 ADULT FILMS. CONDOMS. HEALTH REQUIREMENTS. INITIATIVE STATUTE..YES
000072 ,1,2,022 043 135 136 184 185 226 229 237,PROP_61,NO,297,796,499,3,~  3FW,PROPOSITION 61 STATE PR,NO,296,796,1,0,1,0,126,0.79%,3FW.PROPOSITION 61 STATE PRESCRIPTION DRUG PURCHASES. PRICING STANDARDS. INITIATIVE STATUTE..NO
000072 ,1,2,022 043 135 136 184 185 226 229 237,PROP_61,YES,423,796,373,3,~  3FW,PROPOSITION 61 STATE PR,YES,422,796,1,0,1,0,126,0.79%,3FW.PROPOSITION 61 STATE PRESCRIPTION DRUG PURCHASES. PRICING STANDARDS. INITIATIVE STATUTE..YES
000072 ,2,3,022 043 136 184 185 226 237,PROP_64,NO,288,791,503,2,~  3FW,PROPOSITION 64 MARIJUAN,NO,287,796,1,-5,1,5,201,0.50%,3FW.PROPOSITION 64 MARIJUANA LEGALIZATION. INITIATIVE STATUTE..NO
000072 ,2,3,022 043 136 184 185 226 237,PROP_64,YES,489,791,302,2,~  3FW,PROPOSITION 64 MARIJUAN,YES,488,796,1,-5,1,5,201,0.50%,3FW.PROPOSITION 64 MARIJUANA LEGALIZATION. INITIATIVE STATUTE..YES
000072 ,2,3,022 043 136 184 185 226 237,PROP_66,YES,267,791,524,3,~  3FW,PROPOSITION 66 DEATH PE,YES,266,796,1,-5,1,5,180,0.56%,3FW.PROPOSITION 66 DEATH PENALTY. PROCEDURES. INITIATIVE STATUTE..YES
000072 ,2,3,022 043 136 184 185 226 237,PROP_67,YES,497,791,294,4,~  3FW,PROPOSITION 67 BAN ON S,YES,496,796,1,-5,1,5,231,0.43%,3FW.PROPOSITION 67 BAN ON SINGLE-USE PLASTIC BAGS. REFERENDUM..YES
000072 ,1,1,022 043 135 136 184 185 226 229 237,STATEASS2,KEN_ANTON,179,796,617,1,~  3FW,"STATE ASSEMBLY, DISTRIC",KEN ANTON,178,796,1,0,1,0,346,0.29%,"3FW.STATE ASSEMBLY, DISTRICT 2.KEN ANTON"
000072 ,1,1,022 043 135 136 184 185 226 229 237,USREP,DALE_K_MENSING,174,796,622,1,~  3FW,US REPRESENTATIVE IN CO,DALE K. MENSING,173,796,1,0,1,0,401,0.25%,"3FW.US REPRESENTATIVE IN CONGRESS, DISTRICT 2.DALE K. MENSING"
000072 ,1,1,022 043 135 136 184 185 226 229 237,USSEN,KAMALA_D_HARRIS,454,796,342,2,~  3FW,US SENATOR,KAMALA D. HARRIS,455,796,-1,0,1,0,264,0.38%,3FW.US SENATOR.KAMALA D. HARRIS
000073 ,1,1,023 045 046 127 128 184 186 187 226 229 237,PRES,GARY_JOHNSON,30,786,756,1,~  3FWS,PRESIDENT AND VICE PRES,GARY JOHNSON      and,29,786,1,0,1,0,193,0.52%,3FWS.PRESIDENT AND VICE PRESIDENT.GARY JOHNSON      and BILL WELD
000073 ,1,1,023 045 046 127 128 184 186 187 226 229 237,PRES,HILLARY_CLINTON,433,786,353,0,~  3FWS,PRESIDENT AND VICE PRES,HILLARY CLINTON      ,434,786,-1,0,1,0,193,0.52%,3FWS.PRESIDENT AND VICE PRESIDENT.HILLARY CLINTON      and TIM KAINE
000073 ,1,1,023 045 046 127 128 184 186 187 226 229 237,PROP_52,NO,249,786,537,2,~  3FWS,PROPOSITION 52 MEDI-CAL,NO,248,786,1,0,1,0,240,0.42%,3FWS.PROPOSITION 52 MEDI-CAL HOSPITAL FEE PROGRAM. INITIATIVE CONSTITUTIONAL AMENDMENT AND STATUTE..NO
000073 ,1,1,023 045 046 127 128 184 186 187 226 229 237,PROP_52,YES,489,786,297,2,~  3FWS,PROPOSITION 52 MEDI-CAL,YES,488,786,1,0,1,0,240,0.42%,3FWS.PROPOSITION 52 MEDI-CAL HOSPITAL FEE PROGRAM. INITIATIVE CONSTITUTIONAL AMENDMENT AND STATUTE..YES
000073 ,1,1,023 045 046 127 128 184 186 187 226 229 237,PROP_54,NO,273,786,513,0,~  3FWS,PROPOSITION 54 LEGISLAT,NO,274,786,-1,0,1,0,188,0.53%,3FWS.PROPOSITION 54 LEGISLATURE. LEGISLATION AND PROCEEDINGS. INITIATIVE CONSTITUTIONAL AMENDMENT AND.NO
000073 ,1,1,023 045 046 127 128 184 186 187 226 229 237,PROP_55,YES,484,786,302,3,~  3FWS,PROPOSITION 55 TAX EXTE,YES,483,786,1,0,1,0,215,0.47%,3FWS.PROPOSITION 55 TAX EXTENSION TO FUND EDUCATION AND HEALTHCARE. INITIATIVE CONSTITUTIONAL AMENDMENT..YES
000073 ,1,2,023 045 046 127 128 184 186 187 226 229 237,PROP_58,NO,186,783,597,0,~  3FWS,PROPOSITION 58 ENGLISH ,NO,187,786,-1,-3,1,3,362,0.28%,3FWS.PROPOSITION 58 ENGLISH PROFICIENCY. MULTILINGUAL EDUCATION. INITIATIVE STATUTE..NO
000073 ,1,2,023 045 046 127 128 184 186 187 226 229 237,PROP_59,NO,282,783,501,0,~  3FWS,PROPOSITION 59 CORPORAT,NO,283,786,-1,-3,1,3,146,0.68%,3FWS.PROPOSITION 59 CORPORATIONS. POLITICAL SPENDING. FEDERAL CONSTITUTIONAL PROTECTIONS..NO
000073 ,1,2,023 045 046 127 128 184 186 187 226 229 237,PROP_60,NO,462,783,321,1,~  3FWS,PROPOSITION 60 ADULT FI,NO,463,786,-1,-3,1,3,204,0.49%,3FWS.PROPOSITION 60 ADULT FILMS. CONDOMS. HEALTH REQUIREMENTS. INITIATIVE STATUTE..NO
000073 ,1,2,023 045 046 127 128 184 186 187 226 229 237,PROP_60,YES,258,783,525,1,~  3FWS,PROPOSITION 60 ADULT FI,YES,259,786,-1,-3,1,3,204,0.49%,3FWS.PROPOSITION 60 ADULT FILMS. CONDOMS. HEALTH REQUIREMENTS. INITIATIVE STATUTE..YES
000073 ,1,2,023 045 046 127 128 184 186 187 226 229 237,PROP_61,NO,305,783,478,1,~  3FWS,PROPOSITION 61 STATE PR,NO,306,786,-1,-3,1,3,98,1.02%,3FWS.PROPOSITION 61 STATE PRESCRIPTION DRUG PURCHASES. PRICING STANDARDS. INITIATIVE STATUTE..NO
000073 ,1,2,023 045 046 127 128 184 186 187 226 229 237,PROP_61,YES,403,783,380,1,~  3FWS,PROPOSITION 61 STATE PR,YES,404,786,-1,-3,1,3,98,1.02%,3FWS.PROPOSITION 61 STATE PRESCRIPTION DRUG PURCHASES. PRICING STANDARDS. INITIATIVE STATUTE..YES
000073 ,1,2,023 045 046 127 128 184 186 187 226 229 237,PROP_62,YES,384,783,399,0,~  3FWS,PROPOSITION 62 DEATH PE,YES,385,786,-1,-3,1,3,34,2.94%,3FWS.PROPOSITION 62 DEATH PENALTY. INITIATIVE STATUTE..YES
000073 ,1,2,023 045 046 127 128 184 186 187 226 229 237,PROP_63,NO,350,783,433,4,~  3FWS,PROPOSITION 63 FIREARMS,NO,351,786,-1,-3,1,3,46,2.17%,3FWS.PROPOSITION 63 FIREARMS. AMMUNITION SALES. INITIATIVE STATUTE..NO
000073 ,2,3,023 045 046 127 184 186 187 226 237 243,PROP_64,NO,297,784,487,3,~  3FWS,PROPOSITION 64 MARIJUAN,NO,296,786,1,-2,1,2,176,0.57%,3FWS.PROPOSITION 64 MARIJUANA LEGALIZATION. INITIATIVE STATUTE..NO
000073 ,2,3,023 045 046 127 184 186 187 226 237 243,PROP_65,YES,264,784,520,0,~  3FWS,PROPOSITION 65 CARRYOUT,YES,265,786,-1,-2,1,2,211,0.47%,3FWS.PROPOSITION 65 CARRYOUT BAGS. CHARGES. INITIATIVE STATUTE..YES
000073 ,2,3,023 045 046 127 184 186 187 226 237 243,PROP_66,NO,415,784,369,0,~  3FWS,PROPOSITION 66 DEATH PE,NO,416,786,-1,-2,1,2,129,0.78%,3FWS.PROPOSITION 66 DEATH PENALTY. PROCEDURES. INITIATIVE STATUTE..NO
000073 ,2,3,023 045 046 127 184 186 187 226 237 243,PROP_66,YES,286,784,498,0,~  3FWS,PROPOSITION 66 DEATH PE,YES,287,786,-1,-2,1,2,129,0.78%,3FWS.PROPOSITION 66 DEATH PENALTY. PROCEDURES. INITIATIVE STATUTE..YES
000073 ,1,1,023 045 046 127 128 184 186 187 226 229 237,USREP,DALE_K_MENSING,216,786,570,1,~  3FWS,US REPRESENTATIVE IN CO,DALE K. MENSING,215,786,1,0,1,0,318,0.31%,"3FWS.US REPRESENTATIVE IN CONGRESS, DISTRICT 2.DALE K. MENSING"
000073 ,1,1,023 045 046 127 128 184 186 187 226 229 237,USSEN,LORETTA_L_SANCHEZ,166,786,620,0,~  3FWS,US SENATOR,LORETTA L. SANCHEZ,167,786,-1,0,1,0,285,0.35%,3FWS.US SENATOR.LORETTA L. SANCHEZ
000074 ,2,3,023 045 125 185 186 226 237,MEAS_K,BONDS_YES,297,523,226,1,~  3JCFR,MEASURE K JACOBY CREEK ,BONDS YES,296,520,1,3,1,3,93,1.08%,3JCFR.MEASURE K JACOBY CREEK SCHOOL BOND MEASURE..BONDS YES
000074 ,2,3,023 045 125 185 186 226 237,MEAS_R,YES,222,523,301,3,~  3JCFR,MEASURE R HUMBOLDT COUN,YES,221,520,1,3,1,3,2,50.00%,3JCFR.MEASURE R HUMBOLDT COUNTY FINANCE DEPARTMENT ELECTIVE OFFICE MEASURE..YES
000074 ,2,3,023 045 125 185 186 226 237,MEAS_S,YES,328,523,195,2,~  3JCFR,MEASURE S HUMBOLDT COUN,YES,327,520,1,3,1,3,166,0.60%,3JCFR.MEASURE S HUMBOLDT COUNTY COMMERCIAL MARIJUANA CULTIVATION MEASURE..YES
000074 ,2,3,023 045 125 185 186 226 237,MEAS_V,NO,203,523,320,1,~  3JCFR,MEASURE V MOBILE HOME P,NO,202,520,1,3,1,3,73,1.37%,3JCFR.MEASURE V MOBILE HOME PARK SPACE RENT STABILIZATION..NO
000074 ,2,3,023 045 125 185 186 226 237,MEAS_V,YES,276,523,247,1,~  3JCFR,MEASURE V MOBILE HOME P,YES,275,520,1,3,1,3,73,1.37%,3JCFR.MEASURE V MOBILE HOME PARK SPACE RENT STABILIZATION..YES
000074 ,1,1,023 045 124 125 185 186 226 237,PRES,GLORIA_ESTELA_LA_RIVA,3,520,517,1,~  3JCFR,PRESIDENT AND VICE PRES,GLORIA ESTELA LA RIVA,2,520,1,0,1,0,213,0.47%,3JCFR.PRESIDENT AND VICE PRESIDENT.GLORIA ESTELA LA RIVA      and DENNIS J. BANKS
000074 ,1,1,023 045 124 125 185 186 226 237,PRES,HILLARY_CLINTON,326,520,194,1,~  3JCFR,PRESIDENT AND VICE PRES,HILLARY CLINTON      ,325,520,1,0,1,0,213,0.47%,3JCFR.PRESIDENT AND VICE PRESIDENT.HILLARY CLINTON      and TIM KAINE
000074 ,1,1,023 045 124 125 185 186 226 237,PROP_53,NO,281,520,239,2,~  3JCFR,PROPOSITION 53 REVENUE ,NO,280,520,1,0,1,0,90,1.11%,3JCFR.PROPOSITION 53 REVENUE BONDS. STATEWIDE VOTER APPROVAL. INITIATIVE CONSTITUTIONAL AMENDMENT..NO
000074 ,1,1,023 045 124 125 185 186 226 237,PROP_53,YES,191,520,329,2,~  3JCFR,PROPOSITION 53 REVENUE ,YES,190,520,1,0,1,0,90,1.11%,3JCFR.PROPOSITION 53 REVENUE BONDS. STATEWIDE VOTER APPROVAL. INITIATIVE CONSTITUTIONAL AMENDMENT..YES
000074 ,1,2,023 045 124 125 185 186 226 237,PROP_56,NO,157,520,363,2,~  3JCFR,PROPOSITION 56 CIGARETT,NO,156,520,1,0,1,0,195,0.51%,"3JCFR.PROPOSITION 56 CIGARETTE TAX TO FUND HEALTHCARE, TOBACCO USE PREVENTION, RESEARCH, AND.NO"
000074 ,1,2,023 045 124 125 185 186 226 237,PROP_56,YES,352,520,168,2,~  3JCFR,PROPOSITION 56 CIGARETT,YES,351,520,1,0,1,0,195,0.51%,"3JCFR.PROPOSITION 56 CIGARETTE TAX TO FUND HEALTHCARE, TOBACCO USE PREVENTION, RESEARCH, AND.YES"
000074 ,1,2,023 045 124 125 185 186 226 237,PROP_57,YES,390,520,130,0,~  3JCFR,PROPOSITION 57 CRIMINAL,YES,391,520,-1,0,1,0,294,0.34%,3JCFR.PROPOSITION 57 CRIMINAL SENTENCES. PAROLE. JUVENILE CRIMINAL PROCEEDINGS AND SENTENCING. INITIATIVE.YES
000074 ,1,2,023 045 124 125 185 186 226 237,PROP_58,YES,423,520,97,1,~  3JCFR,PROPOSITION 58 ENGLISH ,YES,422,520,1,0,1,0,352,0.28%,3JCFR.PROPOSITION 58 ENGLISH PROFICIENCY. MULTILINGUAL EDUCATION. INITIATIVE STATUTE..YES
000074 ,1,2,023 045 124 125 185 186 226 237,PROP_61,NO,194,520,326,1,~  3JCFR,PROPOSITION 61 STATE PR,NO,193,520,1,0,1,0,73,1.37%,3JCFR.PROPOSITION 61 STATE PRESCRIPTION DRUG PURCHASES. PRICING STANDARDS. INITIATIVE STATUTE..NO
000074 ,1,2,023 045 124 125 185 186 226 237,PROP_61,YES,267,520,253,1,~  3JCFR,PROPOSITION 61 STATE PR,YES,266,520,1,0,1,0,73,1.37%,3JCFR.PROPOSITION 61 STATE PRESCRIPTION DRUG PURCHASES. PRICING STANDARDS. INITIATIVE STATUTE..YES
000074 ,2,3,023 045 125 185 186 226 237,PROP_64,YES,325,523,198,2,~  3JCFR,PROPOSITION 64 MARIJUAN,YES,324,520,1,3,1,3,140,0.71%,3JCFR.PROPOSITION 64 MARIJUANA LEGALIZATION. INITIATIVE STATUTE..YES
000074 ,1,1,023 045 124 125 185 186 226 237,USREP,DALE_K_MENSING,99,520,421,1,~  3JCFR,US REPRESENTATIVE IN CO,DALE K. MENSING,98,520,1,0,1,0,293,0.34%,"3JCFR.US REPRESENTATIVE IN CONGRESS, DISTRICT 2.DALE K. MENSING"
000075 ,2,3,024 045 126 127 185 191 192 226 237,MEAS_Q,NO,295,650,355,2,~  3JCWR,MEASURE Q HUMBOLDT COUN,NO,296,653,-1,-3,1,3,45,2.22%,3JCWR.MEASURE Q HUMBOLDT COUNTY CREATION OF FINANCE DEPARTMENT MEASURE..NO
000075 ,2,3,024 045 126 127 185 191 192 226 237,MEAS_Q,YES,252,650,398,2,~  3JCWR,MEASURE Q HUMBOLDT COUN,YES,251,653,1,-3,1,3,45,2.22%,3JCWR.MEASURE Q HUMBOLDT COUNTY CREATION OF FINANCE DEPARTMENT MEASURE..YES
000075 ,2,3,024 045 126 127 185 191 192 226 237,MEAS_S,NO,167,650,483,1,~  3JCWR,MEASURE S HUMBOLDT COUN,NO,168,653,-1,-3,1,3,282,0.35%,3JCWR.MEASURE S HUMBOLDT COUNTY COMMERCIAL MARIJUANA CULTIVATION MEASURE..NO
000075 ,2,3,024 045 126 127 185 191 192 226 237,MEAS_S,YES,449,650,201,1,~  3JCWR,MEASURE S HUMBOLDT COUN,YES,450,653,-1,-3,1,3,282,0.35%,3JCWR.MEASURE S HUMBOLDT COUNTY COMMERCIAL MARIJUANA CULTIVATION MEASURE..YES
000075 ,1,1,024 045 126 185 191 192 226 229 237,PROP_51,NO,310,654,344,3,~  3JCWR,PROPOSITION 51 SCHOOL B,NO,309,653,1,1,1,1,2,50.00%,3JCWR.PROPOSITION 51 SCHOOL BONDS. FUNDING FOR K-12 SCHOOL AND COMMUNITY COLLEGE FACILITIES. INITIATIVE.NO
000075 ,1,1,024 045 126 185 191 192 226 229 237,PROP_52,NO,169,654,485,0,~  3JCWR,PROPOSITION 52 MEDI-CAL,NO,170,653,-1,1,1,1,271,0.37%,3JCWR.PROPOSITION 52 MEDI-CAL HOSPITAL FEE PROGRAM. INITIATIVE CONSTITUTIONAL AMENDMENT AND STATUTE..NO
000075 ,1,1,024 045 126 185 191 192 226 229 237,PROP_52,YES,442,654,212,0,~  3JCWR,PROPOSITION 52 MEDI-CAL,YES,441,653,1,1,1,1,271,0.37%,3JCWR.PROPOSITION 52 MEDI-CAL HOSPITAL FEE PROGRAM. INITIATIVE CONSTITUTIONAL AMENDMENT AND STATUTE..YES
000075 ,1,2,024 045 126 185 191 192 226 229 237,PROP_59,YES,401,654,253,0,~  3JCWR,PROPOSITION 59 CORPORAT,YES,400,653,1,1,1,1,216,0.46%,3JCWR.PROPOSITION 59 CORPORATIONS. POLITICAL SPENDING. FEDERAL CONSTITUTIONAL PROTECTIONS..YES
000075 ,1,2,024 045 126 185 191 192 226 229 237,PROP_60,NO,426,654,228,0,~  3JCWR,PROPOSITION 60 ADULT FI,NO,425,653,1,1,1,1,248,0.40%,3JCWR.PROPOSITION 60 ADULT FILMS. CONDOMS. HEALTH REQUIREMENTS. INITIATIVE STATUTE..NO
000075 ,1,2,024 045 126 185 191 192 226 229 237,PROP_61,NO,253,654,401,3,~  3JCWR,PROPOSITION 61 STATE PR,NO,252,653,1,1,1,1,82,1.22%,3JCWR.PROPOSITION 61 STATE PRESCRIPTION DRUG PURCHASES. PRICING STANDARDS. INITIATIVE STATUTE..NO
000075 ,1,2,024 045 126 185 191 192 226 229 237,PROP_62,NO,217,654,437,2,~  3JCWR,PROPOSITION 62 DEATH PE,NO,216,653,1,1,1,1,178,0.56%,3JCWR.PROPOSITION 62 DEATH PENALTY. INITIATIVE STATUTE..NO
000075 ,2,3,024 045 126 127 185 191 192 226 237,PROP_64,YES,422,650,228,4,~  3JCWR,PROPOSITION 64 MARIJUAN,YES,421,653,1,-3,1,3,199,0.50%,3JCWR.PROPOSITION 64 MARIJUANA LEGALIZATION. INITIATIVE STATUTE..YES
000075 ,2,3,024 045 126 127 185 191 192 226 237,PROP_65,NO,408,650,242,5,~  3JCWR,PROPOSITION 65 CARRYOUT,NO,409,653,-1,-3,1,3,197,0.51%,3JCWR.PROPOSITION 65 CARRYOUT BAGS. CHARGES. INITIATIVE STATUTE..NO
000075 ,2,3,024 045 126 127 185 191 192 226 237,PROP_67,NO,159,650,491,1,~  3JCWR,PROPOSITION 67 BAN ON S,NO,158,653,1,-3,1,3,312,0.32%,3JCWR.PROPOSITION 67 BAN ON SINGLE-USE PLASTIC BAGS. REFERENDUM..NO
000075 ,1,1,024 045 126 185 191 192 226 229 237,STATEASS2,JIM_WOOD,444,654,210,0,~  3JCWR,"STATE ASSEMBLY, DISTRIC",JIM WOOD,443,653,1,1,1,1,310,0.32%,"3JCWR.STATE ASSEMBLY, DISTRICT 2.JIM WOOD"
000075 ,1,1,024 045 126 185 191 192 226 229 237,USREP,JARED_W_HUFFMAN,491,654,163,0,~  3JCWR,US REPRESENTATIVE IN CO,JARED W. HUFFMAN,490,653,1,1,1,1,365,0.27%,"3JCWR.US REPRESENTATIVE IN CONGRESS, DISTRICT 2.JARED W. HUFFMAN"
000076 ,1,1,036 218 219 223 229 243,PROP_52,YES,29,52,23,1,~  3KL,PROPOSITION 52 MEDI-CAL,YES,28,52,1,0,1,0,9,11.11%,3KL.PROPOSITION 52 MEDI-CAL HOSPITAL FEE PROGRAM. INITIATIVE CONSTITUTIONAL AMENDMENT AND STATUTE..YES
000076 ,1,1,036 218 219 223 229 243,PROP_53,YES,19,52,33,1,~  3KL,PROPOSITION 53 REVENUE ,YES,18,52,1,0,1,0,10,10.00%,3KL.PROPOSITION 53 REVENUE BONDS. STATEWIDE VOTER APPROVAL. INITIATIVE CONSTITUTIONAL AMENDMENT..YES
000076 ,1,2,036 218 219 223 229 243,PROP_57,YES,32,52,20,1,~  3KL,PROPOSITION 57 CRIMINAL,YES,31,52,1,0,1,0,16,6.25%,3KL.PROPOSITION 57 CRIMINAL SENTENCES. PAROLE. JUVENILE CRIMINAL PROCEEDINGS AND SENTENCING. INITIATIVE.YES
000076 ,1,2,036 218 219 223 229 243,PROP_58,YES,34,52,18,1,~  3KL,PROPOSITION 58 ENGLISH ,YES,33,52,1,0,1,0,22,4.55%,3KL.PROPOSITION 58 ENGLISH PROFICIENCY. MULTILINGUAL EDUCATION. INITIATIVE STATUTE..YES
000076 ,2,3,036 218 219 223 243,PROP_65,NO,30,51,21,2,~  3KL,PROPOSITION 65 CARRYOUT,NO,29,52,1,-1,1,1,12,8.33%,3KL.PROPOSITION 65 CARRYOUT BAGS. CHARGES. INITIATIVE STATUTE..NO
000076 ,2,3,036 218 219 223 243,PROP_65,YES,18,51,33,2,~  3KL,PROPOSITION 65 CARRYOUT,YES,17,52,1,-1,1,1,12,8.33%,3KL.PROPOSITION 65 CARRYOUT BAGS. CHARGES. INITIATIVE STATUTE..YES
000076 ,2,3,036 218 219 223 243,PROP_66,YES,18,51,33,1,~  3KL,PROPOSITION 66 DEATH PE,YES,17,52,1,-1,1,1,5,20.00%,3KL.PROPOSITION 66 DEATH PENALTY. PROCEDURES. INITIATIVE STATUTE..YES
000077 ,2,3,036 221 223,MEAS_Q,NO,84,167,83,1,~  3KL-1,MEASURE Q HUMBOLDT COUN,NO,85,170,-1,-3,1,3,25,4.00%,3KL-1.MEASURE Q HUMBOLDT COUNTY CREATION OF FINANCE DEPARTMENT MEASURE..NO
000077 ,2,3,036 221 223,MEAS_Q,YES,61,167,106,1,~  3KL-1,MEASURE Q HUMBOLDT COUN,YES,60,170,1,-3,1,3,25,4.00%,3KL-1.MEASURE Q HUMBOLDT COUNTY CREATION OF FINANCE DEPARTMENT MEASURE..YES
000077 ,2,3,036 221 223,MEAS_S,YES,105,167,62,1,~  3KL-1,MEASURE S HUMBOLDT COUN,YES,104,170,1,-3,1,3,47,2.13%,3KL-1.MEASURE S HUMBOLDT COUNTY COMMERCIAL MARIJUANA CULTIVATION MEASURE..YES
000077 ,2,3,036 221 223,MEAS_U,NO,94,167,73,0,~  3KL-1,MEASURE U LOCAL TRANSPO,NO,95,170,-1,-3,1,3,29,3.45%,3KL-1.MEASURE U LOCAL TRANSPORTATION AUTHORITY RETAIL TRANSACTIONS AND USE TAX..NO
000077 ,1,1,036 221 223 229,PRES,JILL_STEIN,4,169,165,1,~  3KL-1,PRESIDENT AND VICE PRES,JILL STEIN      and A,3,170,1,-1,1,1,4,25.00%,3KL-1.PRESIDENT AND VICE PRESIDENT.JILL STEIN      and AJAMU BARAKA
000077 ,1,1,036 221 223 229,PROP_51,NO,102,169,67,2,~  3KL-1,PROPOSITION 51 SCHOOL B,NO,101,170,1,-1,1,1,39,2.56%,3KL-1.PROPOSITION 51 SCHOOL BONDS. FUNDING FOR K-12 SCHOOL AND COMMUNITY COLLEGE FACILITIES. INITIATIVE.NO
000077 ,1,1,036 221 223 229,PROP_52,NO,67,169,102,1,~  3KL-1,PROPOSITION 52 MEDI-CAL,NO,66,170,1,-1,1,1,26,3.85%,3KL-1.PROPOSITION 52 MEDI-CAL HOSPITAL FEE PROGRAM. INITIATIVE CONSTITUTIONAL AMENDMENT AND STATUTE..NO
000077 ,1,1,036 221 223 229,PROP_53,NO,78,169,91,1,~  3KL-1,PROPOSITION 53 REVENUE ,NO,79,170,-1,-1,1,1,2,50.00%,3KL-1.PROPOSITION 53 REVENUE BONDS. STATEWIDE VOTER APPROVAL. INITIATIVE CONSTITUTIONAL AMENDMENT..NO
000077 ,1,1,036 221 223 229,PROP_53,YES,82,169,87,1,~  3KL-1,PROPOSITION 53 REVENUE ,YES,81,170,1,-1,1,1,2,50.00%,3KL-1.PROPOSITION 53 REVENUE BONDS. STATEWIDE VOTER APPROVAL. INITIATIVE CONSTITUTIONAL AMENDMENT..YES
000077 ,1,1,036 221 223 229,PROP_55,NO,75,169,94,0,~  3KL-1,PROPOSITION 55 TAX EXTE,NO,76,170,-1,-1,1,1,15,6.67%,3KL-1.PROPOSITION 55 TAX EXTENSION TO FUND EDUCATION AND HEALTHCARE. INITIATIVE CONSTITUTIONAL AMENDMENT..NO
000077 ,1,1,036 221 223 229,PROP_55,YES,90,169,79,0,~  3KL-1,PROPOSITION 55 TAX EXTE,YES,91,170,-1,-1,1,1,15,6.67%,3KL-1.PROPOSITION 55 TAX EXTENSION TO FUND EDUCATION AND HEALTHCARE. INITIATIVE CONSTITUTIONAL AMENDMENT..YES
000077 ,1,2,036 221 223 229,PROP_56,YES,80,169,89,0,~  3KL-1,PROPOSITION 56 CIGARETT,YES,81,170,-1,-1,1,1,0,--,"3KL-1.PROPOSITION 56 CIGARETTE TAX TO FUND HEALTHCARE, TOBACCO USE PREVENTION, RESEARCH, AND.YES"
000077 ,1,2,036 221 223 229,PROP_57,YES,90,169,79,0,~  3KL-1,PROPOSITION 57 CRIMINAL,YES,91,170,-1,-1,1,1,23,4.35%,3KL-1.PROPOSITION 57 CRIMINAL SENTENCES. PAROLE. JUVENILE CRIMINAL PROCEEDINGS AND SENTENCING. INITIATIVE.YES
000077 ,1,2,036 221 223 229,PROP_58,YES,117,169,52,0,~  3KL-1,PROPOSITION 58 ENGLISH ,YES,118,170,-1,-1,1,1,79,1.27%,3KL-1.PROPOSITION 58 ENGLISH PROFICIENCY. MULTILINGUAL EDUCATION. INITIATIVE STATUTE..YES
000077 ,1,2,036 221 223 229,PROP_59,YES,86,169,83,0,~  3KL-1,PROPOSITION 59 CORPORAT,YES,87,170,-1,-1,1,1,20,5.00%,3KL-1.PROPOSITION 59 CORPORATIONS. POLITICAL SPENDING. FEDERAL CONSTITUTIONAL PROTECTIONS..YES
000077 ,1,2,036 221 223 229,PROP_60,YES,48,169,121,0,~  3KL-1,PROPOSITION 60 ADULT FI,YES,49,170,-1,-1,1,1,57,1.75%,3KL-1.PROPOSITION 60 ADULT FILMS. CONDOMS. HEALTH REQUIREMENTS. INITIATIVE STATUTE..YES
000077 ,1,2,036 221 223 229,PROP_62,NO,88,169,81,1,~  3KL-1,PROPOSITION 62 DEATH PE,NO,87,170,1,-1,1,1,15,6.67%,3KL-1.PROPOSITION 62 DEATH PENALTY. INITIATIVE STATUTE..NO
000077 ,1,2,036 221 223 229,PROP_62,YES,71,169,98,1,~  3KL-1,PROPOSITION 62 DEATH PE,YES,72,170,-1,-1,1,1,15,6.67%,3KL-1.PROPOSITION 62 DEATH PENALTY. INITIATIVE STATUTE..YES
000077 ,1,2,036 221 223 229,PROP_63,YES,54,169,115,0,~  3KL-1,PROPOSITION 63 FIREARMS,YES,55,170,-1,-1,1,1,50,2.00%,3KL-1.PROPOSITION 63 FIREARMS. AMMUNITION SALES. INITIATIVE STATUTE..YES
000077 ,1,1,036 221 223 229,STATEASS2,JIM_WOOD,95,169,74,1,~  3KL-1,"STATE ASSEMBLY, DISTRIC",JIM WOOD,96,170,-1,-1,1,1,41,2.44%,"3KL-1.STATE ASSEMBLY, DISTRICT 2.JIM WOOD"
000077 ,1,1,036 221 223 229,STATEASS2,KEN_ANTON,56,169,113,1,~  3KL-1,"STATE ASSEMBLY, DISTRIC",KEN ANTON,55,170,1,-1,1,1,41,2.44%,"3KL-1.STATE ASSEMBLY, DISTRICT 2.KEN ANTON"
000077 ,1,1,036 221 223 229,USREP,JARED_W_HUFFMAN,87,169,82,0,~  3KL-1,US REPRESENTATIVE IN CO,JARED W. HUFFMAN,88,170,-1,-1,1,1,12,8.33%,"3KL-1.US REPRESENTATIVE IN CONGRESS, DISTRICT 2.JARED W. HUFFMAN"
000077 ,1,1,036 221 223 229,USSEN,KAMALA_D_HARRIS,88,169,81,1,~  3KL-1,US SENATOR,KAMALA D. HARRIS,89,170,-1,-1,1,1,46,2.17%,3KL-1.US SENATOR.KAMALA D. HARRIS
000077 ,1,1,036 221 223 229,USSEN,LORETTA_L_SANCHEZ,44,169,125,1,~  3KL-1,US SENATOR,LORETTA L. SANCHEZ,43,170,1,-1,1,1,46,2.17%,3KL-1.US SENATOR.LORETTA L. SANCHEZ
000078 ,2,3,024 053 125 126 191 226 237,MEAS_Q,YES,143,384,241,0,~  3MA-1,MEASURE Q HUMBOLDT COUN,YES,142,385,1,-1,1,1,28,3.57%,3MA-1.MEASURE Q HUMBOLDT COUNTY CREATION OF FINANCE DEPARTMENT MEASURE..YES
000078 ,2,4,024 053 125 126 191 226 237,MEAS_V,YES,223,384,161,1,~  3MA-1,MEASURE V MOBILE HOME P,YES,222,385,1,-1,1,1,100,1.00%,3MA-1.MEASURE V MOBILE HOME PARK SPACE RENT STABILIZATION..YES
000078 ,1,1,024 053 125 191 226 229 237 243,PRES,HILLARY_CLINTON,252,385,133,1,~  3MA-1,PRESIDENT AND VICE PRES,HILLARY CLINTON      ,251,385,1,0,1,0,177,0.56%,3MA-1.PRESIDENT AND VICE PRESIDENT.HILLARY CLINTON      and TIM KAINE
000078 ,1,1,024 053 125 191 226 229 237 243,PRES,Write_in,9,385,376,1,~  3MA-1,PRESIDENT AND VICE PRES,Write_in,8,385,1,0,1,0,177,0.56%,3MA-1.PRESIDENT AND VICE PRESIDENT.Write_in
000078 ,1,1,024 053 125 191 226 229 237 243,PROP_52,NO,85,385,300,1,~  3MA-1,PROPOSITION 52 MEDI-CAL,NO,84,385,1,0,1,0,188,0.53%,3MA-1.PROPOSITION 52 MEDI-CAL HOSPITAL FEE PROGRAM. INITIATIVE CONSTITUTIONAL AMENDMENT AND STATUTE..NO
000078 ,1,1,024 053 125 191 226 229 237 243,PROP_52,YES,273,385,112,1,~  3MA-1,PROPOSITION 52 MEDI-CAL,YES,272,385,1,0,1,0,188,0.53%,3MA-1.PROPOSITION 52 MEDI-CAL HOSPITAL FEE PROGRAM. INITIATIVE CONSTITUTIONAL AMENDMENT AND STATUTE..YES
000078 ,1,1,024 053 125 191 226 229 237 243,PROP_53,NO,206,385,179,0,~  3MA-1,PROPOSITION 53 REVENUE ,NO,205,385,1,0,1,0,59,1.69%,3MA-1.PROPOSITION 53 REVENUE BONDS. STATEWIDE VOTER APPROVAL. INITIATIVE CONSTITUTIONAL AMENDMENT..NO
000078 ,1,1,024 053 125 191 226 229 237 243,PROP_55,YES,280,385,105,0,~  3MA-1,PROPOSITION 55 TAX EXTE,YES,281,385,-1,0,1,0,193,0.52%,3MA-1.PROPOSITION 55 TAX EXTENSION TO FUND EDUCATION AND HEALTHCARE. INITIATIVE CONSTITUTIONAL AMENDMENT..YES
000078 ,1,2,024 053 125 191 226 229 237 243,PROP_58,NO,64,385,321,2,~  3MA-1,PROPOSITION 58 ENGLISH ,NO,63,385,1,0,1,0,229,0.44%,3MA-1.PROPOSITION 58 ENGLISH PROFICIENCY. MULTILINGUAL EDUCATION. INITIATIVE STATUTE..NO
000078 ,1,2,024 053 125 191 226 229 237 243,PROP_60,YES,125,385,260,0,~  3MA-1,PROPOSITION 60 ADULT FI,YES,126,385,-1,0,1,0,94,1.06%,3MA-1.PROPOSITION 60 ADULT FILMS. CONDOMS. HEALTH REQUIREMENTS. INITIATIVE STATUTE..YES
000078 ,1,2,024 053 125 191 226 229 237 243,PROP_63,YES,229,385,156,3,~  3MA-1,PROPOSITION 63 FIREARMS,YES,228,385,1,0,1,0,85,1.18%,3MA-1.PROPOSITION 63 FIREARMS. AMMUNITION SALES. INITIATIVE STATUTE..YES
000078 ,2,3,024 053 125 126 191 226 237,PROP_65,YES,178,384,206,1,~  3MA-1,PROPOSITION 65 CARRYOUT,YES,177,385,1,-1,1,1,15,6.67%,3MA-1.PROPOSITION 65 CARRYOUT BAGS. CHARGES. INITIATIVE STATUTE..YES
000078 ,2,3,024 053 125 126 191 226 237,PROP_66,YES,113,384,271,0,~  3MA-1,PROPOSITION 66 DEATH PE,YES,112,385,1,-1,1,1,109,0.92%,3MA-1.PROPOSITION 66 DEATH PENALTY. PROCEDURES. INITIATIVE STATUTE..YES
000078 ,1,1,024 053 125 191 226 229 237 243,USSEN,LORETTA_L_SANCHEZ,95,385,290,3,~  3MA-1,US SENATOR,LORETTA L. SANCHEZ,94,385,1,0,1,0,142,0.70%,3MA-1.US SENATOR.LORETTA L. SANCHEZ
000079 ,1,1,023 024 053 123 124 132 188 190 191 226 229 237,PRES,GARY_JOHNSON,22,678,656,0,~  3PA-1,PRESIDENT AND VICE PRES,GARY JOHNSON      and,21,669,1,9,1,9,226,0.44%,3PA-1.PRESIDENT AND VICE PRESIDENT.GARY JOHNSON      and BILL WELD
000079 ,1,1,023 024 053 123 124 132 188 190 191 226 229 237,PRES,JILL_STEIN,46,678,632,1,~  3PA-1,PRESIDENT AND VICE PRES,JILL STEIN      and A,45,669,1,9,1,9,226,0.44%,3PA-1.PRESIDENT AND VICE PRESIDENT.JILL STEIN      and AJAMU BARAKA
000079 ,1,1,023 024 053 123 124 132 188 190 191 226 229 237,PROP_52,NO,174,678,504,0,~  3PA-1,PROPOSITION 52 MEDI-CAL,NO,173,669,1,9,1,9,276,0.36%,3PA-1.PROPOSITION 52 MEDI-CAL HOSPITAL FEE PROGRAM. INITIATIVE CONSTITUTIONAL AMENDMENT AND STATUTE..NO
000079 ,1,2,023 024 053 123 124 132 188 190 191 226 229 237,PROP_57,NO,188,677,489,2,~  3PA-1,PROPOSITION 57 CRIMINAL,NO,187,669,1,8,1,8,255,0.39%,3PA-1.PROPOSITION 57 CRIMINAL SENTENCES. PAROLE. JUVENILE CRIMINAL PROCEEDINGS AND SENTENCING. INITIATIVE.NO
000080 ,1,1,036 221,PROP_51,YES,5,12,7,1,~  3PESF,PROPOSITION 51 SCHOOL B,YES,4,12,1,0,1,0,3,33.33%,3PESF.PROPOSITION 51 SCHOOL BONDS. FUNDING FOR K-12 SCHOOL AND COMMUNITY COLLEGE FACILITIES. INITIATIVE.YES
000081 ,1,1,025 053 120 121 187 188 226 229 237 242 243,EKA_CC,AUSTIN_ALLISON,304,564,260,0,~  4E-11,EUREKA CITY COUNCILMEMB,AUSTIN ALLISON,305,565,-1,-1,1,1,39,2.56%,4E-11.EUREKA CITY COUNCILMEMBER.AUSTIN ALLISON
000081 ,1,1,025 053 120 121 187 188 226 229 237 242 243,EKA_CC,HEIDI_S_MESSNER,345,564,219,1,~  4E-11,EUREKA CITY COUNCILMEMB,HEIDI S. MESSNER,344,565,1,-1,1,1,39,2.56%,4E-11.EUREKA CITY COUNCILMEMBER.HEIDI S. MESSNER
000081 ,1,1,025 053 120 121 187 188 226 229 237 242 243,EKA_CC,Write_in,34,1128,1094,1,~  4E-11,EUREKA CITY COUNCILMEMB,Write_in,33,565,1,563,1,563,39,2.56%,4E-11.EUREKA CITY COUNCILMEMBER.Write_in
000081 ,2,4,025 053 120 187 188 226 229 237 242 243,MEAS_O,YES,306,561,255,1,~  4E-11,MEASURE O CITY OF EUREK,YES,307,565,-1,-4,1,4,133,0.75%,4E-11.MEASURE O CITY OF EUREKA LOW INCOME HOUSING UNITS..YES
000081 ,2,4,025 053 120 187 188 226 229 237 242 243,MEAS_P,NO,147,561,414,1,~  4E-11,MEASURE P CITY OF EUREK,NO,148,565,-1,-4,1,4,184,0.54%,4E-11.MEASURE P CITY OF EUREKA CHARTER AMENDMENT MEASURE..NO
000081 ,2,3,025 053 120 187 188 226 229 237 242 243,MEAS_R,YES,272,561,289,0,~  4E-11,MEASURE R HUMBOLDT COUN,YES,273,565,-1,-4,1,4,88,1.14%,4E-11.MEASURE R HUMBOLDT COUNTY FINANCE DEPARTMENT ELECTIVE OFFICE MEASURE..YES
000081 ,2,4,025 053 120 187 188 226 229 237 242 243,MEAS_V,YES,356,561,205,0,~  4E-11,MEASURE V MOBILE HOME P,YES,355,565,1,-4,1,4,204,0.49%,4E-11.MEASURE V MOBILE HOME PARK SPACE RENT STABILIZATION..YES
000081 ,1,1,025 053 120 121 187 188 226 229 237 242 243,PRES,HILLARY_CLINTON,364,564,200,1,~  4E-11,PRESIDENT AND VICE PRES,HILLARY CLINTON      ,363,565,1,-1,1,1,250,0.40%,4E-11.PRESIDENT AND VICE PRESIDENT.HILLARY CLINTON      and TIM KAINE
000081 ,1,1,025 053 120 121 187 188 226 229 237 242 243,PROP_53,NO,240,564,324,2,~  4E-11,PROPOSITION 53 REVENUE ,NO,239,565,1,-1,1,1,27,3.70%,4E-11.PROPOSITION 53 REVENUE BONDS. STATEWIDE VOTER APPROVAL. INITIATIVE CONSTITUTIONAL AMENDMENT..NO
000081 ,1,1,025 053 120 121 187 188 226 229 237 242 243,PROP_54,NO,155,564,409,1,~  4E-11,PROPOSITION 54 LEGISLAT,NO,154,565,1,-1,1,1,210,0.48%,4E-11.PROPOSITION 54 LEGISLATURE. LEGISLATION AND PROCEEDINGS. INITIATIVE CONSTITUTIONAL AMENDMENT AND.NO
000081 ,1,1,025 053 120 121 187 188 226 229 237 242 243,PROP_54,YES,363,564,201,1,~  4E-11,PROPOSITION 54 LEGISLAT,YES,364,565,-1,-1,1,1,210,0.48%,4E-11.PROPOSITION 54 LEGISLATURE. LEGISLATION AND PROCEEDINGS. INITIATIVE CONSTITUTIONAL AMENDMENT AND.YES
000081 ,1,2,025 053 120 121 187 188 226 229 237 242 243,PROP_55,NO,105,564,459,2,~  4E-11,PROPOSITION 55 TAX EXTE,NO,104,565,1,-1,1,1,322,0.31%,4E-11.PROPOSITION 55 TAX EXTENSION TO FUND EDUCATION AND HEALTHCARE. INITIATIVE CONSTITUTIONAL AMENDMENT..NO
000081 ,1,2,025 053 120 121 187 188 226 229 237 242 243,PROP_55,YES,427,564,137,2,~  4E-11,PROPOSITION 55 TAX EXTE,YES,426,565,1,-1,1,1,322,0.31%,4E-11.PROPOSITION 55 TAX EXTENSION TO FUND EDUCATION AND HEALTHCARE. INITIATIVE CONSTITUTIONAL AMENDMENT..YES
000081 ,1,2,025 053 120 121 187 188 226 229 237 242 243,PROP_56,YES,322,564,242,1,~  4E-11,PROPOSITION 56 CIGARETT,YES,323,565,-1,-1,1,1,109,0.92%,"4E-11.PROPOSITION 56 CIGARETTE TAX TO FUND HEALTHCARE, TOBACCO USE PREVENTION, RESEARCH, AND.YES"
000081 ,1,2,025 053 120 121 187 188 226 229 237 242 243,PROP_57,YES,429,564,135,1,~  4E-11,PROPOSITION 57 CRIMINAL,YES,428,565,1,-1,1,1,327,0.31%,4E-11.PROPOSITION 57 CRIMINAL SENTENCES. PAROLE. JUVENILE CRIMINAL PROCEEDINGS AND SENTENCING. INITIATIVE.YES
000081 ,1,2,025 053 120 121 187 188 226 229 237 242 243,PROP_59,NO,137,564,427,0,~  4E-11,PROPOSITION 59 CORPORAT,NO,138,565,-1,-1,1,1,224,0.45%,4E-11.PROPOSITION 59 CORPORATIONS. POLITICAL SPENDING. FEDERAL CONSTITUTIONAL PROTECTIONS..NO
000081 ,1,2,025 053 120 121 187 188 226 229 237 242 243,PROP_59,YES,363,564,201,0,~  4E-11,PROPOSITION 59 CORPORAT,YES,362,565,1,-1,1,1,224,0.45%,4E-11.PROPOSITION 59 CORPORATIONS. POLITICAL SPENDING. FEDERAL CONSTITUTIONAL PROTECTIONS..YES
000081 ,1,2,025 053 120 121 187 188 226 229 237 242 243,PROP_60,NO,307,564,257,1,~  4E-11,PROPOSITION 60 ADULT FI,NO,306,565,1,-1,1,1,95,1.05%,4E-11.PROPOSITION 60 ADULT FILMS. CONDOMS. HEALTH REQUIREMENTS. INITIATIVE STATUTE..NO
000081 ,1,2,025 053 120 121 187 188 226 229 237 242 243,PROP_61,YES,337,564,227,1,~  4E-11,PROPOSITION 61 STATE PR,YES,338,565,-1,-1,1,1,170,0.59%,4E-11.PROPOSITION 61 STATE PRESCRIPTION DRUG PURCHASES. PRICING STANDARDS. INITIATIVE STATUTE..YES
000081 ,1,2,025 053 120 121 187 188 226 229 237 242 243,PROP_62,NO,175,564,389,1,~  4E-11,PROPOSITION 62 DEATH PE,NO,176,565,-1,-1,1,1,180,0.56%,4E-11.PROPOSITION 62 DEATH PENALTY. INITIATIVE STATUTE..NO
000081 ,1,2,025 053 120 121 187 188 226 229 237 242 243,PROP_62,YES,357,564,207,1,~  4E-11,PROPOSITION 62 DEATH PE,YES,356,565,1,-1,1,1,180,0.56%,4E-11.PROPOSITION 62 DEATH PENALTY. INITIATIVE STATUTE..YES
000081 ,2,3,025 053 120 187 188 226 229 237 242 243,PROP_63,NO,205,561,356,0,~  4E-11,PROPOSITION 63 FIREARMS,NO,206,565,-1,-4,1,4,124,0.81%,4E-11.PROPOSITION 63 FIREARMS. AMMUNITION SALES. INITIATIVE STATUTE..NO
000081 ,2,3,025 053 120 187 188 226 229 237 242 243,PROP_63,YES,329,561,232,0,~  4E-11,PROPOSITION 63 FIREARMS,YES,330,565,-1,-4,1,4,124,0.81%,4E-11.PROPOSITION 63 FIREARMS. AMMUNITION SALES. INITIATIVE STATUTE..YES
000081 ,2,3,025 053 120 187 188 226 229 237 242 243,PROP_65,YES,321,561,240,1,~  4E-11,PROPOSITION 65 CARRYOUT,YES,320,565,1,-4,1,4,115,0.87%,4E-11.PROPOSITION 65 CARRYOUT BAGS. CHARGES. INITIATIVE STATUTE..YES
000081 ,2,3,025 053 120 187 188 226 229 237 242 243,PROP_67,YES,373,561,188,0,~  4E-11,PROPOSITION 67 BAN ON S,YES,374,565,-1,-4,1,4,213,0.47%,4E-11.PROPOSITION 67 BAN ON SINGLE-USE PLASTIC BAGS. REFERENDUM..YES
000081 ,1,1,025 053 120 121 187 188 226 229 237 242 243,STATEASS2,JIM_WOOD,381,564,183,1,~  4E-11,"STATE ASSEMBLY, DISTRIC",JIM WOOD,380,565,1,-1,1,1,256,0.39%,"4E-11.STATE ASSEMBLY, DISTRICT 2.JIM WOOD"
000082 ,1,1,025 053 121 122 187 190 226 229 237 238,EKA_CC,JOHN_B_FULLERTON,169,469,300,1,~  4E-12,EUREKA CITY COUNCILMEMB,JOHN B. FULLERTON,168,469,1,0,1,0,64,1.56%,4E-12.EUREKA CITY COUNCILMEMBER.JOHN B. FULLERTON
000082 ,2,4,025 053 121 187 190 226 237 238,MEAS_O,NO,184,466,282,2,~  4E-12,MEASURE O CITY OF EUREK,NO,183,469,1,-3,1,3,48,2.08%,4E-12.MEASURE O CITY OF EUREKA LOW INCOME HOUSING UNITS..NO
000082 ,2,4,025 053 121 187 190 226 237 238,MEAS_O,YES,232,466,234,2,~  4E-12,MEASURE O CITY OF EUREK,YES,231,469,1,-3,1,3,48,2.08%,4E-12.MEASURE O CITY OF EUREKA LOW INCOME HOUSING UNITS..YES
000082 ,2,4,025 053 121 187 190 226 237 238,MEAS_P,NO,150,466,316,2,~  4E-12,MEASURE P CITY OF EUREK,NO,149,469,1,-3,1,3,121,0.83%,4E-12.MEASURE P CITY OF EUREKA CHARTER AMENDMENT MEASURE..NO
000082 ,2,3,025 053 121 187 190 226 237 238,MEAS_Q,YES,229,466,237,0,~  4E-12,MEASURE Q HUMBOLDT COUN,YES,228,469,1,-3,1,3,45,2.22%,4E-12.MEASURE Q HUMBOLDT COUNTY CREATION OF FINANCE DEPARTMENT MEASURE..YES
000082 ,2,3,025 053 121 187 190 226 237 238,MEAS_R,NO,190,466,276,1,~  4E-12,MEASURE R HUMBOLDT COUN,NO,189,469,1,-3,1,3,29,3.45%,4E-12.MEASURE R HUMBOLDT COUNTY FINANCE DEPARTMENT ELECTIVE OFFICE MEASURE..NO
000082 ,1,1,025 053 121 122 187 190 226 229 237 238,PROP_52,NO,123,469,346,1,~  4E-12,PROPOSITION 52 MEDI-CAL,NO,122,469,1,0,1,0,199,0.50%,4E-12.PROPOSITION 52 MEDI-CAL HOSPITAL FEE PROGRAM. INITIATIVE CONSTITUTIONAL AMENDMENT AND STATUTE..NO
000082 ,1,1,025 053 121 122 187 190 226 229 237 238,PROP_53,YES,230,469,239,1,~  4E-12,PROPOSITION 53 REVENUE ,YES,229,469,1,0,1,0,28,3.57%,4E-12.PROPOSITION 53 REVENUE BONDS. STATEWIDE VOTER APPROVAL. INITIATIVE CONSTITUTIONAL AMENDMENT..YES
000082 ,1,2,025 053 121 122 187 190 226 229 237 238,PROP_55,YES,333,469,136,1,~  4E-12,PROPOSITION 55 TAX EXTE,YES,332,469,1,0,1,0,223,0.45%,4E-12.PROPOSITION 55 TAX EXTENSION TO FUND EDUCATION AND HEALTHCARE. INITIATIVE CONSTITUTIONAL AMENDMENT..YES
000082 ,1,2,025 053 121 122 187 190 226 229 237 238,PROP_56,NO,171,469,298,2,~  4E-12,PROPOSITION 56 CIGARETT,NO,170,469,1,0,1,0,109,0.92%,"4E-12.PROPOSITION 56 CIGARETTE TAX TO FUND HEALTHCARE, TOBACCO USE PREVENTION, RESEARCH, AND.NO"
000082 ,1,2,025 053 121 122 187 190 226 229 237 238,PROP_56,YES,280,469,189,2,~  4E-12,PROPOSITION 56 CIGARETT,YES,279,469,1,0,1,0,109,0.92%,"4E-12.PROPOSITION 56 CIGARETTE TAX TO FUND HEALTHCARE, TOBACCO USE PREVENTION, RESEARCH, AND.YES"
000082 ,1,2,025 053 121 122 187 190 226 229 237 238,PROP_57,YES,315,469,154,1,~  4E-12,PROPOSITION 57 CRIMINAL,YES,314,469,1,0,1,0,189,0.53%,4E-12.PROPOSITION 57 CRIMINAL SENTENCES. PAROLE. JUVENILE CRIMINAL PROCEEDINGS AND SENTENCING. INITIATIVE.YES
000082 ,1,2,025 053 121 122 187 190 226 229 237 238,PROP_59,NO,168,469,301,1,~  4E-12,PROPOSITION 59 CORPORAT,NO,167,469,1,0,1,0,94,1.06%,4E-12.PROPOSITION 59 CORPORATIONS. POLITICAL SPENDING. FEDERAL CONSTITUTIONAL PROTECTIONS..NO
000082 ,1,2,025 053 121 122 187 190 226 229 237 238,PROP_59,YES,262,469,207,1,~  4E-12,PROPOSITION 59 CORPORAT,YES,261,469,1,0,1,0,94,1.06%,4E-12.PROPOSITION 59 CORPORATIONS. POLITICAL SPENDING. FEDERAL CONSTITUTIONAL PROTECTIONS..YES
000082 ,1,2,025 053 121 122 187 190 226 229 237 238,PROP_62,YES,222,469,247,1,~  4E-12,PROPOSITION 62 DEATH PE,YES,221,469,1,0,1,0,3,33.33%,4E-12.PROPOSITION 62 DEATH PENALTY. INITIATIVE STATUTE..YES
000082 ,2,3,025 053 121 187 190 226 237 238,PROP_63,NO,212,466,254,1,~  4E-12,PROPOSITION 63 FIREARMS,NO,211,469,1,-3,1,3,27,3.70%,4E-12.PROPOSITION 63 FIREARMS. AMMUNITION SALES. INITIATIVE STATUTE..NO
000082 ,2,3,025 053 121 187 190 226 237 238,PROP_63,YES,239,466,227,1,~  4E-12,PROPOSITION 63 FIREARMS,YES,238,469,1,-3,1,3,27,3.70%,4E-12.PROPOSITION 63 FIREARMS. AMMUNITION SALES. INITIATIVE STATUTE..YES
000082 ,2,3,025 053 121 187 190 226 237 238,PROP_64,YES,285,466,181,3,~  4E-12,PROPOSITION 64 MARIJUAN,YES,284,469,1,-3,1,3,117,0.85%,4E-12.PROPOSITION 64 MARIJUANA LEGALIZATION. INITIATIVE STATUTE..YES
000082 ,2,3,025 053 121 187 190 226 237 238,PROP_65,NO,224,466,242,1,~  4E-12,PROPOSITION 65 CARRYOUT,NO,223,469,1,-3,1,3,5,20.00%,4E-12.PROPOSITION 65 CARRYOUT BAGS. CHARGES. INITIATIVE STATUTE..NO
000082 ,2,3,025 053 121 187 190 226 237 238,PROP_66,NO,250,466,216,1,~  4E-12,PROPOSITION 66 DEATH PE,NO,249,469,1,-3,1,3,79,1.27%,4E-12.PROPOSITION 66 DEATH PENALTY. PROCEDURES. INITIATIVE STATUTE..NO
000082 ,2,3,025 053 121 187 190 226 237 238,PROP_66,YES,171,466,295,1,~  4E-12,PROPOSITION 66 DEATH PE,YES,170,469,1,-3,1,3,79,1.27%,4E-12.PROPOSITION 66 DEATH PENALTY. PROCEDURES. INITIATIVE STATUTE..YES
000082 ,2,3,025 053 121 187 190 226 237 238,PROP_67,NO,168,466,298,1,~  4E-12,PROPOSITION 67 BAN ON S,NO,167,469,1,-3,1,3,107,0.93%,4E-12.PROPOSITION 67 BAN ON SINGLE-USE PLASTIC BAGS. REFERENDUM..NO
000083 ,1,1,024 025 053 122 178 192 226 229 238,EKA_CC,AUSTIN_ALLISON,233,432,199,0,~  4E-13,EUREKA CITY COUNCILMEMB,AUSTIN ALLISON,234,432,-1,0,1,0,20,5.00%,4E-13.EUREKA CITY COUNCILMEMBER.AUSTIN ALLISON
000083 ,1,1,024 025 053 122 178 192 226 229 238,EKA_CC,HEIDI_S_MESSNER,255,432,177,1,~  4E-13,EUREKA CITY COUNCILMEMB,HEIDI S. MESSNER,254,432,1,0,1,0,20,5.00%,4E-13.EUREKA CITY COUNCILMEMBER.HEIDI S. MESSNER
000083 ,1,1,024 025 053 122 178 192 226 229 238,EKA_CC,Write_in,31,864,833,1,~  4E-13,EUREKA CITY COUNCILMEMB,Write_in,30,432,1,432,1,432,20,5.00%,4E-13.EUREKA CITY COUNCILMEMBER.Write_in
000083 ,2,4,024 025 053 122 178 192 226 238,MEAS_O,YES,236,432,196,0,~  4E-13,MEASURE O CITY OF EUREK,YES,237,432,-1,0,1,0,94,1.06%,4E-13.MEASURE O CITY OF EUREKA LOW INCOME HOUSING UNITS..YES
000083 ,2,3,024 025 053 122 178 192 226 238,MEAS_Q,YES,198,432,234,1,~  4E-13,MEASURE Q HUMBOLDT COUN,YES,197,432,1,0,1,0,33,3.03%,4E-13.MEASURE Q HUMBOLDT COUNTY CREATION OF FINANCE DEPARTMENT MEASURE..YES
000083 ,2,3,024 025 053 122 178 192 226 238,MEAS_S,YES,281,432,151,1,~  4E-13,MEASURE S HUMBOLDT COUN,YES,280,432,1,0,1,0,155,0.65%,4E-13.MEASURE S HUMBOLDT COUNTY COMMERCIAL MARIJUANA CULTIVATION MEASURE..YES
000083 ,2,4,024 025 053 122 178 192 226 238,MEAS_V,YES,244,432,188,0,~  4E-13,MEASURE V MOBILE HOME P,YES,245,432,-1,0,1,0,101,0.99%,4E-13.MEASURE V MOBILE HOME PARK SPACE RENT STABILIZATION..YES
000083 ,1,1,024 025 053 122 178 192 226 229 238,PRES,HILLARY_CLINTON,270,432,162,1,~  4E-13,PRESIDENT AND VICE PRES,HILLARY CLINTON      ,269,432,1,0,1,0,187,0.53%,4E-13.PRESIDENT AND VICE PRESIDENT.HILLARY CLINTON      and TIM KAINE
000083 ,1,1,024 025 053 122 178 192 226 229 238,PROP_51,NO,143,432,289,0,~  4E-13,PROPOSITION 51 SCHOOL B,NO,144,432,-1,0,1,0,116,0.86%,4E-13.PROPOSITION 51 SCHOOL BONDS. FUNDING FOR K-12 SCHOOL AND COMMUNITY COLLEGE FACILITIES. INITIATIVE.NO
000083 ,1,1,024 025 053 122 178 192 226 229 238,PROP_53,NO,208,432,224,1,~  4E-13,PROPOSITION 53 REVENUE ,NO,207,432,1,0,1,0,18,5.56%,4E-13.PROPOSITION 53 REVENUE BONDS. STATEWIDE VOTER APPROVAL. INITIATIVE CONSTITUTIONAL AMENDMENT..NO
000083 ,1,1,024 025 053 122 178 192 226 229 238,PROP_53,YES,190,432,242,1,~  4E-13,PROPOSITION 53 REVENUE ,YES,189,432,1,0,1,0,18,5.56%,4E-13.PROPOSITION 53 REVENUE BONDS. STATEWIDE VOTER APPROVAL. INITIATIVE CONSTITUTIONAL AMENDMENT..YES
000083 ,1,2,024 025 053 122 178 192 226 229 238,PROP_56,YES,250,432,182,0,~  4E-13,PROPOSITION 56 CIGARETT,YES,251,432,-1,0,1,0,86,1.16%,"4E-13.PROPOSITION 56 CIGARETTE TAX TO FUND HEALTHCARE, TOBACCO USE PREVENTION, RESEARCH, AND.YES"
000083 ,1,2,024 025 053 122 178 192 226 229 238,PROP_60,YES,172,432,260,0,~  4E-13,PROPOSITION 60 ADULT FI,YES,173,432,-1,0,1,0,53,1.89%,4E-13.PROPOSITION 60 ADULT FILMS. CONDOMS. HEALTH REQUIREMENTS. INITIATIVE STATUTE..YES
000083 ,1,2,024 025 053 122 178 192 226 229 238,PROP_62,NO,173,432,259,1,~  4E-13,PROPOSITION 62 DEATH PE,NO,172,432,1,0,1,0,60,1.67%,4E-13.PROPOSITION 62 DEATH PENALTY. INITIATIVE STATUTE..NO
000083 ,2,3,024 025 053 122 178 192 226 238,PROP_64,YES,294,432,138,0,~  4E-13,PROPOSITION 64 MARIJUAN,YES,295,432,-1,0,1,0,166,0.60%,4E-13.PROPOSITION 64 MARIJUANA LEGALIZATION. INITIATIVE STATUTE..YES
000083 ,2,3,024 025 053 122 178 192 226 238,PROP_65,NO,198,432,234,2,~  4E-13,PROPOSITION 65 CARRYOUT,NO,197,432,1,0,1,0,11,9.09%,4E-13.PROPOSITION 65 CARRYOUT BAGS. CHARGES. INITIATIVE STATUTE..NO
000083 ,2,3,024 025 053 122 178 192 226 238,PROP_65,YES,209,432,223,2,~  4E-13,PROPOSITION 65 CARRYOUT,YES,208,432,1,0,1,0,11,9.09%,4E-13.PROPOSITION 65 CARRYOUT BAGS. CHARGES. INITIATIVE STATUTE..YES
000083 ,2,3,024 025 053 122 178 192 226 238,PROP_66,NO,240,432,192,2,~  4E-13,PROPOSITION 66 DEATH PE,NO,239,432,1,0,1,0,99,1.01%,4E-13.PROPOSITION 66 DEATH PENALTY. PROCEDURES. INITIATIVE STATUTE..NO
000083 ,1,1,024 025 053 122 178 192 226 229 238,STATEASS2,JIM_WOOD,286,432,146,0,~  4E-13,"STATE ASSEMBLY, DISTRIC",JIM WOOD,285,432,1,0,1,0,195,0.51%,"4E-13.STATE ASSEMBLY, DISTRICT 2.JIM WOOD"
000084 ,1,1,026 053 122 123 192 193 226 229 238,EKA_CC,AUSTIN_ALLISON,366,678,312,0,~  4E-14,EUREKA CITY COUNCILMEMB,AUSTIN ALLISON,367,679,-1,-1,1,1,70,1.43%,4E-14.EUREKA CITY COUNCILMEMBER.AUSTIN ALLISON
000084 ,2,4,026 053 123 192 193 226 229 238,MEAS_P,YES,352,676,324,0,~  4E-14,MEASURE P CITY OF EUREK,YES,353,679,-1,-3,1,3,94,1.06%,4E-14.MEASURE P CITY OF EUREKA CHARTER AMENDMENT MEASURE..YES
000084 ,2,3,026 053 123 192 193 226 229 238,MEAS_Q,YES,295,677,382,2,~  4E-14,MEASURE Q HUMBOLDT COUN,YES,294,679,1,-2,1,2,8,12.50%,4E-14.MEASURE Q HUMBOLDT COUNTY CREATION OF FINANCE DEPARTMENT MEASURE..YES
000084 ,2,3,026 053 123 192 193 226 229 238,MEAS_R,NO,276,677,401,3,~  4E-14,MEASURE R HUMBOLDT COUN,NO,275,679,1,-2,1,2,48,2.08%,4E-14.MEASURE R HUMBOLDT COUNTY FINANCE DEPARTMENT ELECTIVE OFFICE MEASURE..NO
000084 ,2,3,026 053 123 192 193 226 229 238,MEAS_R,YES,324,677,353,3,~  4E-14,MEASURE R HUMBOLDT COUN,YES,323,679,1,-2,1,2,48,2.08%,4E-14.MEASURE R HUMBOLDT COUNTY FINANCE DEPARTMENT ELECTIVE OFFICE MEASURE..YES
000084 ,2,3,026 053 123 192 193 226 229 238,MEAS_S,NO,215,677,462,0,~  4E-14,MEASURE S HUMBOLDT COUN,NO,216,679,-1,-2,1,2,211,0.47%,4E-14.MEASURE S HUMBOLDT COUNTY COMMERCIAL MARIJUANA CULTIVATION MEASURE..NO
000084 ,2,3,026 053 123 192 193 226 229 238,MEAS_S,YES,426,677,251,0,~  4E-14,MEASURE S HUMBOLDT COUN,YES,427,679,-1,-2,1,2,211,0.47%,4E-14.MEASURE S HUMBOLDT COUNTY COMMERCIAL MARIJUANA CULTIVATION MEASURE..YES
000084 ,2,3,026 053 123 192 193 226 229 238,MEAS_U,NO,323,677,354,1,~  4E-14,MEASURE U LOCAL TRANSPO,NO,322,679,1,-2,1,2,18,5.56%,4E-14.MEASURE U LOCAL TRANSPORTATION AUTHORITY RETAIL TRANSACTIONS AND USE TAX..NO
000084 ,2,3,026 053 123 192 193 226 229 238,MEAS_U,YES,303,677,374,1,~  4E-14,MEASURE U LOCAL TRANSPO,YES,304,679,-1,-2,1,2,18,5.56%,4E-14.MEASURE U LOCAL TRANSPORTATION AUTHORITY RETAIL TRANSACTIONS AND USE TAX..YES
000084 ,1,1,026 053 122 123 192 193 226 229 238,PRES,GLORIA_ESTELA_LA_RIVA,2,678,676,1,~  4E-14,PRESIDENT AND VICE PRES,GLORIA ESTELA LA RIVA,1,679,1,-1,1,1,207,0.48%,4E-14.PRESIDENT AND VICE PRESIDENT.GLORIA ESTELA LA RIVA      and DENNIS J. BANKS
000084 ,1,1,026 053 122 123 192 193 226 229 238,PRES,HILLARY_CLINTON,392,678,286,1,~  4E-14,PRESIDENT AND VICE PRES,HILLARY CLINTON      ,391,679,1,-1,1,1,207,0.48%,4E-14.PRESIDENT AND VICE PRESIDENT.HILLARY CLINTON      and TIM KAINE
000084 ,1,1,026 053 122 123 192 193 226 229 238,PROP_52,NO,163,678,515,3,~  4E-14,PROPOSITION 52 MEDI-CAL,NO,162,679,1,-1,1,1,319,0.31%,4E-14.PROPOSITION 52 MEDI-CAL HOSPITAL FEE PROGRAM. INITIATIVE CONSTITUTIONAL AMENDMENT AND STATUTE..NO
000084 ,1,1,026 053 122 123 192 193 226 229 238,PROP_54,NO,265,678,413,3,~  4E-14,PROPOSITION 54 LEGISLAT,NO,264,679,1,-1,1,1,109,0.92%,4E-14.PROPOSITION 54 LEGISLATURE. LEGISLATION AND PROCEEDINGS. INITIATIVE CONSTITUTIONAL AMENDMENT AND.NO
000084 ,1,2,026 053 122 123 192 193 226 229 238,PROP_55,NO,182,677,495,1,~  4E-14,PROPOSITION 55 TAX EXTE,NO,181,679,1,-2,1,2,293,0.34%,4E-14.PROPOSITION 55 TAX EXTENSION TO FUND EDUCATION AND HEALTHCARE. INITIATIVE CONSTITUTIONAL AMENDMENT..NO
000084 ,1,2,026 053 122 123 192 193 226 229 238,PROP_55,YES,473,677,204,1,~  4E-14,PROPOSITION 55 TAX EXTE,YES,474,679,-1,-2,1,2,293,0.34%,4E-14.PROPOSITION 55 TAX EXTENSION TO FUND EDUCATION AND HEALTHCARE. INITIATIVE CONSTITUTIONAL AMENDMENT..YES
000084 ,1,2,026 053 122 123 192 193 226 229 238,PROP_56,YES,371,677,306,4,~  4E-14,PROPOSITION 56 CIGARETT,YES,370,679,1,-2,1,2,79,1.27%,"4E-14.PROPOSITION 56 CIGARETTE TAX TO FUND HEALTHCARE, TOBACCO USE PREVENTION, RESEARCH, AND.YES"
000084 ,1,2,026 053 122 123 192 193 226 229 238,PROP_60,NO,396,677,281,3,~  4E-14,PROPOSITION 60 ADULT FI,NO,395,679,1,-2,1,2,159,0.63%,4E-14.PROPOSITION 60 ADULT FILMS. CONDOMS. HEALTH REQUIREMENTS. INITIATIVE STATUTE..NO
000084 ,1,2,026 053 122 123 192 193 226 229 238,PROP_61,NO,268,677,409,5,~  4E-14,PROPOSITION 61 STATE PR,NO,267,679,1,-2,1,2,85,1.18%,4E-14.PROPOSITION 61 STATE PRESCRIPTION DRUG PURCHASES. PRICING STANDARDS. INITIATIVE STATUTE..NO
000084 ,1,2,026 053 122 123 192 193 226 229 238,PROP_62,NO,322,677,355,1,~  4E-14,PROPOSITION 62 DEATH PE,NO,323,679,-1,-2,1,2,4,25.00%,4E-14.PROPOSITION 62 DEATH PENALTY. INITIATIVE STATUTE..NO
000084 ,1,2,026 053 122 123 192 193 226 229 238,PROP_62,YES,326,677,351,1,~  4E-14,PROPOSITION 62 DEATH PE,YES,327,679,-1,-2,1,2,4,25.00%,4E-14.PROPOSITION 62 DEATH PENALTY. INITIATIVE STATUTE..YES
000084 ,2,3,026 053 123 192 193 226 229 238,PROP_63,YES,361,677,316,2,~  4E-14,PROPOSITION 63 FIREARMS,YES,362,679,-1,-2,1,2,64,1.56%,4E-14.PROPOSITION 63 FIREARMS. AMMUNITION SALES. INITIATIVE STATUTE..YES
000084 ,2,3,026 053 123 192 193 226 229 238,PROP_64,YES,433,677,244,1,~  4E-14,PROPOSITION 64 MARIJUAN,YES,432,679,1,-2,1,2,200,0.50%,4E-14.PROPOSITION 64 MARIJUANA LEGALIZATION. INITIATIVE STATUTE..YES
000084 ,2,3,026 053 123 192 193 226 229 238,PROP_65,YES,280,677,397,1,~  4E-14,PROPOSITION 65 CARRYOUT,YES,279,679,1,-2,1,2,82,1.22%,4E-14.PROPOSITION 65 CARRYOUT BAGS. CHARGES. INITIATIVE STATUTE..YES
000084 ,2,3,026 053 123 192 193 226 229 238,PROP_67,NO,273,677,404,2,~  4E-14,PROPOSITION 67 BAN ON S,NO,274,679,-1,-2,1,2,104,0.96%,4E-14.PROPOSITION 67 BAN ON SINGLE-USE PLASTIC BAGS. REFERENDUM..NO
000084 ,2,3,026 053 123 192 193 226 229 238,PROP_67,YES,379,677,298,2,~  4E-14,PROPOSITION 67 BAN ON S,YES,378,679,1,-2,1,2,104,0.96%,4E-14.PROPOSITION 67 BAN ON SINGLE-USE PLASTIC BAGS. REFERENDUM..YES
000084 ,1,1,026 053 122 123 192 193 226 229 238,USREP,DALE_K_MENSING,163,678,515,1,~  4E-14,US REPRESENTATIVE IN CO,DALE K. MENSING,162,679,1,-1,1,1,317,0.32%,"4E-14.US REPRESENTATIVE IN CONGRESS, DISTRICT 2.DALE K. MENSING"
000085 ,2,4,025 026 053 119 120 190 226 238,MEAS_O,NO,173,471,298,0,~  4E-21,MEASURE O CITY OF EUREK,NO,172,468,1,3,1,3,73,1.37%,4E-21.MEASURE O CITY OF EUREKA LOW INCOME HOUSING UNITS..NO
000085 ,2,4,025 026 053 119 120 190 226 238,MEAS_O,YES,246,471,225,0,~  4E-21,MEASURE O CITY OF EUREK,YES,245,468,1,3,1,3,73,1.37%,4E-21.MEASURE O CITY OF EUREKA LOW INCOME HOUSING UNITS..YES
000085 ,2,3,025 026 053 119 120 190 226 238,MEAS_R,YES,243,471,228,1,~  4E-21,MEASURE R HUMBOLDT COUN,YES,242,468,1,3,1,3,74,1.35%,4E-21.MEASURE R HUMBOLDT COUNTY FINANCE DEPARTMENT ELECTIVE OFFICE MEASURE..YES
000085 ,2,3,025 026 053 119 120 190 226 238,MEAS_S,YES,290,471,181,0,~  4E-21,MEASURE S HUMBOLDT COUN,YES,289,468,1,3,1,3,137,0.73%,4E-21.MEASURE S HUMBOLDT COUNTY COMMERCIAL MARIJUANA CULTIVATION MEASURE..YES
000085 ,2,4,025 026 053 119 120 190 226 238,MEAS_V,NO,152,471,319,0,~  4E-21,MEASURE V MOBILE HOME P,NO,151,468,1,3,1,3,131,0.76%,4E-21.MEASURE V MOBILE HOME PARK SPACE RENT STABILIZATION..NO
000085 ,1,1,025 026 053 119 190 226 238,PRES,DONALD_J_TRUMP,96,471,375,0,~  4E-21,PRESIDENT AND VICE PRES,DONALD J. TRUMP      ,95,468,1,3,1,3,182,0.55%,4E-21.PRESIDENT AND VICE PRESIDENT.DONALD J. TRUMP      and MICHAEL R. PENCE
000085 ,1,1,025 026 053 119 190 226 238,PRES,Write_in,24,471,447,1,~  4E-21,PRESIDENT AND VICE PRES,Write_in,23,468,1,3,1,3,182,0.55%,4E-21.PRESIDENT AND VICE PRESIDENT.Write_in
000085 ,1,2,025 026 053 119 190 226 238,PROP_56,YES,272,471,199,1,~  4E-21,PROPOSITION 56 CIGARETT,YES,271,468,1,3,1,3,87,1.15%,"4E-21.PROPOSITION 56 CIGARETTE TAX TO FUND HEALTHCARE, TOBACCO USE PREVENTION, RESEARCH, AND.YES"
000085 ,1,2,025 026 053 119 190 226 238,PROP_58,NO,84,471,387,0,~  4E-21,PROPOSITION 58 ENGLISH ,NO,83,468,1,3,1,3,271,0.37%,4E-21.PROPOSITION 58 ENGLISH PROFICIENCY. MULTILINGUAL EDUCATION. INITIATIVE STATUTE..NO
000085 ,1,2,025 026 053 119 190 226 238,PROP_58,YES,355,471,116,0,~  4E-21,PROPOSITION 58 ENGLISH ,YES,354,468,1,3,1,3,271,0.37%,4E-21.PROPOSITION 58 ENGLISH PROFICIENCY. MULTILINGUAL EDUCATION. INITIATIVE STATUTE..YES
000085 ,1,2,025 026 053 119 190 226 238,PROP_59,YES,268,471,203,1,~  4E-21,PROPOSITION 59 CORPORAT,YES,267,468,1,3,1,3,112,0.89%,4E-21.PROPOSITION 59 CORPORATIONS. POLITICAL SPENDING. FEDERAL CONSTITUTIONAL PROTECTIONS..YES
000085 ,1,2,025 026 053 119 190 226 238,PROP_60,NO,253,471,218,1,~  4E-21,PROPOSITION 60 ADULT FI,NO,252,468,1,3,1,3,69,1.45%,4E-21.PROPOSITION 60 ADULT FILMS. CONDOMS. HEALTH REQUIREMENTS. INITIATIVE STATUTE..NO
000085 ,2,3,025 026 053 119 120 190 226 238,PROP_63,YES,269,471,202,1,~  4E-21,PROPOSITION 63 FIREARMS,YES,268,468,1,3,1,3,85,1.18%,4E-21.PROPOSITION 63 FIREARMS. AMMUNITION SALES. INITIATIVE STATUTE..YES
000085 ,2,3,025 026 053 119 120 190 226 238,PROP_67,NO,162,471,309,0,~  4E-21,PROPOSITION 67 BAN ON S,NO,161,468,1,3,1,3,124,0.81%,4E-21.PROPOSITION 67 BAN ON SINGLE-USE PLASTIC BAGS. REFERENDUM..NO
000085 ,1,1,025 026 053 119 190 226 238,STATEASS2,JIM_WOOD,322,471,149,1,~  4E-21,"STATE ASSEMBLY, DISTRIC",JIM WOOD,321,468,1,3,1,3,214,0.47%,"4E-21.STATE ASSEMBLY, DISTRICT 2.JIM WOOD"
000085 ,1,1,025 026 053 119 190 226 238,USREP,DALE_K_MENSING,95,471,376,0,~  4E-21,US REPRESENTATIVE IN CO,DALE K. MENSING,94,468,1,3,1,3,250,0.40%,"4E-21.US REPRESENTATIVE IN CONGRESS, DISTRICT 2.DALE K. MENSING"
000086 ,1,1,027 053 054 114 189 190 195 226 229 238,EKA_CC,JOHN_B_FULLERTON,213,533,320,1,~  4E-22,EUREKA CITY COUNCILMEMB,JOHN B. FULLERTON,214,533,-1,0,1,0,92,1.09%,4E-22.EUREKA CITY COUNCILMEMBER.JOHN B. FULLERTON
000086 ,2,4,027 053 054 114 189 190 195 226 238,MEAS_O,NO,192,528,336,2,~  4E-22,MEASURE O CITY OF EUREK,NO,193,533,-1,-5,1,5,76,1.32%,4E-22.MEASURE O CITY OF EUREKA LOW INCOME HOUSING UNITS..NO
000086 ,2,4,027 053 054 114 189 190 195 226 238,MEAS_O,YES,270,528,258,2,~  4E-22,MEASURE O CITY OF EUREK,YES,269,533,1,-5,1,5,76,1.32%,4E-22.MEASURE O CITY OF EUREKA LOW INCOME HOUSING UNITS..YES
000086 ,2,4,027 053 054 114 189 190 195 226 238,MEAS_P,NO,203,528,325,0,~  4E-22,MEASURE P CITY OF EUREK,NO,204,533,-1,-5,1,5,55,1.82%,4E-22.MEASURE P CITY OF EUREKA CHARTER AMENDMENT MEASURE..NO
000086 ,2,3,027 053 054 114 189 190 195 226 238,MEAS_Q,YES,220,528,308,0,~  4E-22,MEASURE Q HUMBOLDT COUN,YES,221,533,-1,-5,1,5,15,6.67%,4E-22.MEASURE Q HUMBOLDT COUNTY CREATION OF FINANCE DEPARTMENT MEASURE..YES
000086 ,2,3,027 053 054 114 189 190 195 226 238,MEAS_S,NO,145,528,383,0,~  4E-22,MEASURE S HUMBOLDT COUN,NO,146,533,-1,-5,1,5,198,0.51%,4E-22.MEASURE S HUMBOLDT COUNTY COMMERCIAL MARIJUANA CULTIVATION MEASURE..NO
000086 ,2,3,027 053 054 114 189 190 195 226 238,MEAS_U,NO,229,528,299,2,~  4E-22,MEASURE U LOCAL TRANSPO,NO,230,533,-1,-5,1,5,25,4.00%,4E-22.MEASURE U LOCAL TRANSPORTATION AUTHORITY RETAIL TRANSACTIONS AND USE TAX..NO
000086 ,2,4,027 053 054 114 189 190 195 226 238,MEAS_V,NO,186,528,342,1,~  4E-22,MEASURE V MOBILE HOME P,NO,187,533,-1,-5,1,5,112,0.89%,4E-22.MEASURE V MOBILE HOME PARK SPACE RENT STABILIZATION..NO
000086 ,2,4,027 053 054 114 189 190 195 226 238,MEAS_V,YES,300,528,228,1,~  4E-22,MEASURE V MOBILE HOME P,YES,299,533,1,-5,1,5,112,0.89%,4E-22.MEASURE V MOBILE HOME PARK SPACE RENT STABILIZATION..YES
000086 ,1,1,027 053 054 114 189 190 195 226 229 238,PRES,HILLARY_CLINTON,298,533,235,2,~  4E-22,PRESIDENT AND VICE PRES,HILLARY CLINTON      ,297,533,1,0,1,0,148,0.68%,4E-22.PRESIDENT AND VICE PRESIDENT.HILLARY CLINTON      and TIM KAINE
000086 ,1,1,027 053 054 114 189 190 195 226 229 238,PRES,JILL_STEIN,38,533,495,1,~  4E-22,PRESIDENT AND VICE PRES,JILL STEIN      and A,37,533,1,0,1,0,148,0.68%,4E-22.PRESIDENT AND VICE PRESIDENT.JILL STEIN      and AJAMU BARAKA
000086 ,1,1,027 053 054 114 189 190 195 226 229 238,PROP_51,NO,224,533,309,2,~  4E-22,PROPOSITION 51 SCHOOL B,NO,225,533,-1,0,1,0,54,1.85%,4E-22.PROPOSITION 51 SCHOOL BONDS. FUNDING FOR K-12 SCHOOL AND COMMUNITY COLLEGE FACILITIES. INITIATIVE.NO
000086 ,1,1,027 053 054 114 189 190 195 226 229 238,PROP_52,NO,132,533,401,0,~  4E-22,PROPOSITION 52 MEDI-CAL,NO,133,533,-1,0,1,0,236,0.42%,4E-22.PROPOSITION 52 MEDI-CAL HOSPITAL FEE PROGRAM. INITIATIVE CONSTITUTIONAL AMENDMENT AND STATUTE..NO
000086 ,1,1,027 053 054 114 189 190 195 226 229 238,PROP_54,YES,310,533,223,0,~  4E-22,PROPOSITION 54 LEGISLAT,YES,309,533,1,0,1,0,112,0.89%,4E-22.PROPOSITION 54 LEGISLATURE. LEGISLATION AND PROCEEDINGS. INITIATIVE CONSTITUTIONAL AMENDMENT AND.YES
000086 ,1,2,027 053 054 114 189 190 195 226 229 238,PROP_55,NO,126,532,406,0,~  4E-22,PROPOSITION 55 TAX EXTE,NO,127,533,-1,-1,1,1,251,0.40%,4E-22.PROPOSITION 55 TAX EXTENSION TO FUND EDUCATION AND HEALTHCARE. INITIATIVE CONSTITUTIONAL AMENDMENT..NO
000086 ,1,2,027 053 054 114 189 190 195 226 229 238,PROP_56,NO,199,532,333,2,~  4E-22,PROPOSITION 56 CIGARETT,NO,198,533,1,-1,1,1,118,0.85%,"4E-22.PROPOSITION 56 CIGARETTE TAX TO FUND HEALTHCARE, TOBACCO USE PREVENTION, RESEARCH, AND.NO"
000086 ,1,2,027 053 054 114 189 190 195 226 229 238,PROP_58,YES,397,532,135,0,~  4E-22,PROPOSITION 58 ENGLISH ,YES,398,533,-1,-1,1,1,293,0.34%,4E-22.PROPOSITION 58 ENGLISH PROFICIENCY. MULTILINGUAL EDUCATION. INITIATIVE STATUTE..YES
000086 ,1,2,027 053 054 114 189 190 195 226 229 238,PROP_59,NO,173,532,359,1,~  4E-22,PROPOSITION 59 CORPORAT,NO,174,533,-1,-1,1,1,139,0.72%,4E-22.PROPOSITION 59 CORPORATIONS. POLITICAL SPENDING. FEDERAL CONSTITUTIONAL PROTECTIONS..NO
000086 ,1,2,027 053 054 114 189 190 195 226 229 238,PROP_60,NO,273,532,259,1,~  4E-22,PROPOSITION 60 ADULT FI,NO,274,533,-1,-1,1,1,55,1.82%,4E-22.PROPOSITION 60 ADULT FILMS. CONDOMS. HEALTH REQUIREMENTS. INITIATIVE STATUTE..NO
000086 ,1,2,027 053 054 114 189 190 195 226 229 238,PROP_61,YES,303,532,229,1,~  4E-22,PROPOSITION 61 STATE PR,YES,302,533,1,-1,1,1,111,0.90%,4E-22.PROPOSITION 61 STATE PRESCRIPTION DRUG PURCHASES. PRICING STANDARDS. INITIATIVE STATUTE..YES
000086 ,1,2,027 053 054 114 189 190 195 226 229 238,PROP_62,YES,287,532,245,0,~  4E-22,PROPOSITION 62 DEATH PE,YES,288,533,-1,-1,1,1,73,1.37%,4E-22.PROPOSITION 62 DEATH PENALTY. INITIATIVE STATUTE..YES
000086 ,2,3,027 053 054 114 189 190 195 226 238,PROP_63,YES,289,528,239,1,~  4E-22,PROPOSITION 63 FIREARMS,YES,290,533,-1,-5,1,5,69,1.45%,4E-22.PROPOSITION 63 FIREARMS. AMMUNITION SALES. INITIATIVE STATUTE..YES
000086 ,2,3,027 053 054 114 189 190 195 226 238,PROP_64,NO,179,528,349,1,~  4E-22,PROPOSITION 64 MARIJUAN,NO,180,533,-1,-5,1,5,155,0.65%,4E-22.PROPOSITION 64 MARIJUANA LEGALIZATION. INITIATIVE STATUTE..NO
000086 ,2,3,027 053 054 114 189 190 195 226 238,PROP_64,YES,336,528,192,1,~  4E-22,PROPOSITION 64 MARIJUAN,YES,335,533,1,-5,1,5,155,0.65%,4E-22.PROPOSITION 64 MARIJUANA LEGALIZATION. INITIATIVE STATUTE..YES
000086 ,2,3,027 053 054 114 189 190 195 226 238,PROP_65,NO,279,528,249,0,~  4E-22,PROPOSITION 65 CARRYOUT,NO,280,533,-1,-5,1,5,61,1.64%,4E-22.PROPOSITION 65 CARRYOUT BAGS. CHARGES. INITIATIVE STATUTE..NO
000086 ,2,3,027 053 054 114 189 190 195 226 238,PROP_66,NO,279,528,249,0,~  4E-22,PROPOSITION 66 DEATH PE,NO,278,533,1,-5,1,5,78,1.28%,4E-22.PROPOSITION 66 DEATH PENALTY. PROCEDURES. INITIATIVE STATUTE..NO
000086 ,2,3,027 053 054 114 189 190 195 226 238,PROP_67,NO,200,528,328,2,~  4E-22,PROPOSITION 67 BAN ON S,NO,199,533,1,-5,1,5,105,0.95%,4E-22.PROPOSITION 67 BAN ON SINGLE-USE PLASTIC BAGS. REFERENDUM..NO
000086 ,2,3,027 053 054 114 189 190 195 226 238,PROP_67,YES,305,528,223,2,~  4E-22,PROPOSITION 67 BAN ON S,YES,304,533,1,-5,1,5,105,0.95%,4E-22.PROPOSITION 67 BAN ON SINGLE-USE PLASTIC BAGS. REFERENDUM..YES
000086 ,1,1,027 053 054 114 189 190 195 226 229 238,STATEASS2,JIM_WOOD,351,533,182,0,~  4E-22,"STATE ASSEMBLY, DISTRIC",JIM WOOD,352,533,-1,0,1,0,230,0.43%,"4E-22.STATE ASSEMBLY, DISTRICT 2.JIM WOOD"
000086 ,1,1,027 053 054 114 189 190 195 226 229 238,USREP,DALE_K_MENSING,130,533,403,0,~  4E-22,US REPRESENTATIVE IN CO,DALE K. MENSING,131,533,-1,0,1,0,249,0.40%,"4E-22.US REPRESENTATIVE IN CONGRESS, DISTRICT 2.DALE K. MENSING"
000086 ,1,1,027 053 054 114 189 190 195 226 229 238,USSEN,KAMALA_D_HARRIS,291,533,242,0,~  4E-22,US SENATOR,KAMALA D. HARRIS,292,533,-1,0,1,0,142,0.70%,4E-22.US SENATOR.KAMALA D. HARRIS
000086 ,1,1,027 053 054 114 189 190 195 226 229 238,USSEN,LORETTA_L_SANCHEZ,149,533,384,0,~  4E-22,US SENATOR,LORETTA L. SANCHEZ,150,533,-1,0,1,0,142,0.70%,4E-22.US SENATOR.LORETTA L. SANCHEZ
000087 ,1,1,026 027 051 054 115 195 226 229 238 241,EKA_CC,Write_in,23,940,917,0,~  4E-23,EUREKA CITY COUNCILMEMB,Write_in,22,470,1,470,1,470,62,1.61%,4E-23.EUREKA CITY COUNCILMEMBER.Write_in
000087 ,2,3,026 027 051 054 114 115 195 226 238 241 243,MEAS_R,NO,213,468,255,1,~  4E-23,MEASURE R HUMBOLDT COUN,NO,212,470,1,-2,1,2,18,5.56%,4E-23.MEASURE R HUMBOLDT COUNTY FINANCE DEPARTMENT ELECTIVE OFFICE MEASURE..NO
000087 ,2,3,026 027 051 054 114 115 195 226 238 241 243,MEAS_R,YES,195,468,273,1,~  4E-23,MEASURE R HUMBOLDT COUN,YES,194,470,1,-2,1,2,18,5.56%,4E-23.MEASURE R HUMBOLDT COUNTY FINANCE DEPARTMENT ELECTIVE OFFICE MEASURE..YES
000087 ,1,1,026 027 051 054 115 195 226 229 238 241,PRES,GLORIA_ESTELA_LA_RIVA,2,470,468,1,~  4E-23,PRESIDENT AND VICE PRES,GLORIA ESTELA LA RIVA,1,470,1,0,1,0,139,0.72%,4E-23.PRESIDENT AND VICE PRESIDENT.GLORIA ESTELA LA RIVA      and DENNIS J. BANKS
000087 ,1,1,026 027 051 054 115 195 226 229 238 241,PRES,HILLARY_CLINTON,268,470,202,1,~  4E-23,PRESIDENT AND VICE PRES,HILLARY CLINTON      ,267,470,1,0,1,0,139,0.72%,4E-23.PRESIDENT AND VICE PRESIDENT.HILLARY CLINTON      and TIM KAINE
000087 ,1,1,026 027 051 054 115 195 226 229 238 241,PROP_53,YES,171,470,299,1,~  4E-23,PROPOSITION 53 REVENUE ,YES,170,470,1,0,1,0,96,1.04%,4E-23.PROPOSITION 53 REVENUE BONDS. STATEWIDE VOTER APPROVAL. INITIATIVE CONSTITUTIONAL AMENDMENT..YES
000087 ,1,1,026 027 051 054 115 195 226 229 238 241,PROP_54,NO,177,470,293,1,~  4E-23,PROPOSITION 54 LEGISLAT,NO,176,470,1,0,1,0,79,1.27%,4E-23.PROPOSITION 54 LEGISLATURE. LEGISLATION AND PROCEEDINGS. INITIATIVE CONSTITUTIONAL AMENDMENT AND.NO
000087 ,1,2,026 027 051 054 115 195 226 229 238 241,PROP_56,YES,271,470,199,1,~  4E-23,PROPOSITION 56 CIGARETT,YES,270,470,1,0,1,0,86,1.16%,"4E-23.PROPOSITION 56 CIGARETTE TAX TO FUND HEALTHCARE, TOBACCO USE PREVENTION, RESEARCH, AND.YES"
000087 ,1,2,026 027 051 054 115 195 226 229 238 241,PROP_58,NO,107,470,363,2,~  4E-23,PROPOSITION 58 ENGLISH ,NO,106,470,1,0,1,0,226,0.44%,4E-23.PROPOSITION 58 ENGLISH PROFICIENCY. MULTILINGUAL EDUCATION. INITIATIVE STATUTE..NO
000087 ,1,2,026 027 051 054 115 195 226 229 238 241,PROP_60,NO,270,470,200,0,~  4E-23,PROPOSITION 60 ADULT FI,NO,269,470,1,0,1,0,113,0.88%,4E-23.PROPOSITION 60 ADULT FILMS. CONDOMS. HEALTH REQUIREMENTS. INITIATIVE STATUTE..NO
000087 ,1,2,026 027 051 054 115 195 226 229 238 241,PROP_61,YES,221,470,249,1,~  4E-23,PROPOSITION 61 STATE PR,YES,220,470,1,0,1,0,17,5.88%,4E-23.PROPOSITION 61 STATE PRESCRIPTION DRUG PURCHASES. PRICING STANDARDS. INITIATIVE STATUTE..YES
000087 ,2,3,026 027 051 054 114 115 195 226 238 241 243,PROP_64,YES,292,468,176,1,~  4E-23,PROPOSITION 64 MARIJUAN,YES,291,470,1,-2,1,2,124,0.81%,4E-23.PROPOSITION 64 MARIJUANA LEGALIZATION. INITIATIVE STATUTE..YES
000087 ,2,3,026 027 051 054 114 115 195 226 238 241 243,PROP_65,NO,294,468,174,1,~  4E-23,PROPOSITION 65 CARRYOUT,NO,293,470,1,-2,1,2,148,0.68%,4E-23.PROPOSITION 65 CARRYOUT BAGS. CHARGES. INITIATIVE STATUTE..NO
000087 ,2,3,026 027 051 054 114 115 195 226 238 241 243,PROP_65,YES,146,468,322,1,~  4E-23,PROPOSITION 65 CARRYOUT,YES,145,470,1,-2,1,2,148,0.68%,4E-23.PROPOSITION 65 CARRYOUT BAGS. CHARGES. INITIATIVE STATUTE..YES
000087 ,2,3,026 027 051 054 114 115 195 226 238 241 243,PROP_67,YES,274,468,194,1,~  4E-23,PROPOSITION 67 BAN ON S,YES,273,470,1,-2,1,2,94,1.06%,4E-23.PROPOSITION 67 BAN ON SINGLE-USE PLASTIC BAGS. REFERENDUM..YES
000088 ,2,4,028 051 116 189 195 196 226 229 238 241 242 243,MEAS_P,NO,163,481,318,1,~  4E-24,MEASURE P CITY OF EUREK,NO,162,483,1,-2,1,2,109,0.92%,4E-24.MEASURE P CITY OF EUREKA CHARTER AMENDMENT MEASURE..NO
000088 ,2,3,028 051 116 189 195 196 226 229 238 241 242 243,MEAS_R,YES,214,481,267,0,~  4E-24,MEASURE R HUMBOLDT COUN,YES,213,483,1,-2,1,2,9,11.11%,4E-24.MEASURE R HUMBOLDT COUNTY FINANCE DEPARTMENT ELECTIVE OFFICE MEASURE..YES
000088 ,2,3,028 051 116 189 195 196 226 229 238 241 242 243,MEAS_S,NO,158,481,323,1,~  4E-24,MEASURE S HUMBOLDT COUN,NO,157,483,1,-2,1,2,136,0.74%,4E-24.MEASURE S HUMBOLDT COUNTY COMMERCIAL MARIJUANA CULTIVATION MEASURE..NO
000088 ,2,3,028 051 116 189 195 196 226 229 238 241 242 243,MEAS_U,NO,206,481,275,1,~  4E-24,MEASURE U LOCAL TRANSPO,NO,205,483,1,-2,1,2,34,2.94%,4E-24.MEASURE U LOCAL TRANSPORTATION AUTHORITY RETAIL TRANSACTIONS AND USE TAX..NO
000088 ,2,3,028 051 116 189 195 196 226 229 238 241 242 243,MEAS_U,YES,240,481,241,1,~  4E-24,MEASURE U LOCAL TRANSPO,YES,239,483,1,-2,1,2,34,2.94%,4E-24.MEASURE U LOCAL TRANSPORTATION AUTHORITY RETAIL TRANSACTIONS AND USE TAX..YES
000088 ,2,4,028 051 116 189 195 196 226 229 238 241 242 243,MEAS_V,YES,266,481,215,1,~  4E-24,MEASURE V MOBILE HOME P,YES,265,483,1,-2,1,2,92,1.09%,4E-24.MEASURE V MOBILE HOME PARK SPACE RENT STABILIZATION..YES
000088 ,1,1,028 051 115 116 189 195 196 226 229 238 241,PRES,HILLARY_CLINTON,284,482,198,1,~  4E-24,PRESIDENT AND VICE PRES,HILLARY CLINTON      ,283,483,1,-1,1,1,143,0.70%,4E-24.PRESIDENT AND VICE PRESIDENT.HILLARY CLINTON      and TIM KAINE
000088 ,1,1,028 051 115 116 189 195 196 226 229 238 241,PRES,JILL_STEIN,26,482,456,1,~  4E-24,PRESIDENT AND VICE PRES,JILL STEIN      and A,25,483,1,-1,1,1,143,0.70%,4E-24.PRESIDENT AND VICE PRESIDENT.JILL STEIN      and AJAMU BARAKA
000088 ,1,1,028 051 115 116 189 195 196 226 229 238 241,PROP_53,NO,279,482,203,2,~  4E-24,PROPOSITION 53 REVENUE ,NO,278,483,1,-1,1,1,109,0.92%,4E-24.PROPOSITION 53 REVENUE BONDS. STATEWIDE VOTER APPROVAL. INITIATIVE CONSTITUTIONAL AMENDMENT..NO
000088 ,1,2,028 051 115 116 189 195 196 226 229 238 241,PROP_56,NO,165,482,317,1,~  4E-24,PROPOSITION 56 CIGARETT,NO,164,483,1,-1,1,1,133,0.75%,"4E-24.PROPOSITION 56 CIGARETTE TAX TO FUND HEALTHCARE, TOBACCO USE PREVENTION, RESEARCH, AND.NO"
000088 ,1,2,028 051 115 116 189 195 196 226 229 238 241,PROP_56,YES,298,482,184,1,~  4E-24,PROPOSITION 56 CIGARETT,YES,297,483,1,-1,1,1,133,0.75%,"4E-24.PROPOSITION 56 CIGARETTE TAX TO FUND HEALTHCARE, TOBACCO USE PREVENTION, RESEARCH, AND.YES"
000088 ,1,2,028 051 115 116 189 195 196 226 229 238 241,PROP_61,NO,179,482,303,1,~  4E-24,PROPOSITION 61 STATE PR,NO,178,483,1,-1,1,1,83,1.20%,4E-24.PROPOSITION 61 STATE PRESCRIPTION DRUG PURCHASES. PRICING STANDARDS. INITIATIVE STATUTE..NO
000088 ,2,3,028 051 116 189 195 196 226 229 238 241 242 243,PROP_63,YES,286,481,195,1,~  4E-24,PROPOSITION 63 FIREARMS,YES,285,483,1,-2,1,2,107,0.93%,4E-24.PROPOSITION 63 FIREARMS. AMMUNITION SALES. INITIATIVE STATUTE..YES
000088 ,2,3,028 051 116 189 195 196 226 229 238 241 242 243,PROP_66,YES,172,481,309,1,~  4E-24,PROPOSITION 66 DEATH PE,YES,171,483,1,-2,1,2,83,1.20%,4E-24.PROPOSITION 66 DEATH PENALTY. PROCEDURES. INITIATIVE STATUTE..YES
000089 ,1,1,027 028 051 054 118 188 189 226 239 242 243,EKA_CC,AUSTIN_ALLISON,280,699,419,0,~  4E-25,EUREKA CITY COUNCILMEMB,AUSTIN ALLISON,281,700,-1,-1,1,1,84,1.19%,4E-25.EUREKA CITY COUNCILMEMBER.AUSTIN ALLISON
000089 ,2,4,027 028 051 054 117 118 188 189 226 239 242,MEAS_O,YES,344,699,355,4,~  4E-25,MEASURE O CITY OF EUREK,YES,343,700,1,-1,1,1,73,1.37%,4E-25.MEASURE O CITY OF EUREKA LOW INCOME HOUSING UNITS..YES
000089 ,2,4,027 028 051 054 117 118 188 189 226 239 242,MEAS_P,NO,321,699,378,2,~  4E-25,MEASURE P CITY OF EUREK,NO,320,700,1,-1,1,1,9,11.11%,4E-25.MEASURE P CITY OF EUREKA CHARTER AMENDMENT MEASURE..NO
000089 ,2,3,027 028 051 054 117 118 188 189 226 239 242,MEAS_Q,NO,316,699,383,0,~  4E-25,MEASURE Q HUMBOLDT COUN,NO,317,700,-1,-1,1,1,20,5.00%,4E-25.MEASURE Q HUMBOLDT COUNTY CREATION OF FINANCE DEPARTMENT MEASURE..NO
000089 ,2,3,027 028 051 054 117 118 188 189 226 239 242,MEAS_R,YES,282,699,417,1,~  4E-25,MEASURE R HUMBOLDT COUN,YES,281,700,1,-1,1,1,46,2.17%,4E-25.MEASURE R HUMBOLDT COUNTY FINANCE DEPARTMENT ELECTIVE OFFICE MEASURE..YES
000089 ,2,3,027 028 051 054 117 118 188 189 226 239 242,MEAS_U,NO,332,699,367,1,~  4E-25,MEASURE U LOCAL TRANSPO,NO,331,700,1,-1,1,1,13,7.69%,4E-25.MEASURE U LOCAL TRANSPORTATION AUTHORITY RETAIL TRANSACTIONS AND USE TAX..NO
000089 ,2,3,027 028 051 054 117 118 188 189 226 239 242,MEAS_U,YES,317,699,382,1,~  4E-25,MEASURE U LOCAL TRANSPO,YES,318,700,-1,-1,1,1,13,7.69%,4E-25.MEASURE U LOCAL TRANSPORTATION AUTHORITY RETAIL TRANSACTIONS AND USE TAX..YES
000089 ,1,1,027 028 051 054 118 188 189 226 239 242 243,PRES,HILLARY_CLINTON,373,699,326,0,~  4E-25,PRESIDENT AND VICE PRES,HILLARY CLINTON      ,374,700,-1,-1,1,1,127,0.79%,4E-25.PRESIDENT AND VICE PRESIDENT.HILLARY CLINTON      and TIM KAINE
000089 ,1,1,027 028 051 054 118 188 189 226 239 242 243,PRES,JILL_STEIN,26,699,673,1,~  4E-25,PRESIDENT AND VICE PRES,JILL STEIN      and A,25,700,1,-1,1,1,127,0.79%,4E-25.PRESIDENT AND VICE PRESIDENT.JILL STEIN      and AJAMU BARAKA
000089 ,1,1,027 028 051 054 118 188 189 226 239 242 243,PROP_53,NO,365,699,334,2,~  4E-25,PROPOSITION 53 REVENUE ,NO,366,700,-1,-1,1,1,78,1.28%,4E-25.PROPOSITION 53 REVENUE BONDS. STATEWIDE VOTER APPROVAL. INITIATIVE CONSTITUTIONAL AMENDMENT..NO
000089 ,1,1,027 028 051 054 118 188 189 226 239 242 243,PROP_54,YES,413,699,286,3,~  4E-25,PROPOSITION 54 LEGISLAT,YES,412,700,1,-1,1,1,170,0.59%,4E-25.PROPOSITION 54 LEGISLATURE. LEGISLATION AND PROCEEDINGS. INITIATIVE CONSTITUTIONAL AMENDMENT AND.YES
000089 ,1,2,027 028 051 054 118 188 189 226 239 242 243,PROP_55,NO,252,698,446,0,~  4E-25,PROPOSITION 55 TAX EXTE,NO,253,700,-1,-2,1,2,160,0.62%,4E-25.PROPOSITION 55 TAX EXTENSION TO FUND EDUCATION AND HEALTHCARE. INITIATIVE CONSTITUTIONAL AMENDMENT..NO
000089 ,1,2,027 028 051 054 118 188 189 226 239 242 243,PROP_56,YES,395,698,303,2,~  4E-25,PROPOSITION 56 CIGARETT,YES,394,700,1,-2,1,2,113,0.88%,"4E-25.PROPOSITION 56 CIGARETTE TAX TO FUND HEALTHCARE, TOBACCO USE PREVENTION, RESEARCH, AND.YES"
000089 ,1,2,027 028 051 054 118 188 189 226 239 242 243,PROP_57,NO,242,698,456,2,~  4E-25,PROPOSITION 57 CRIMINAL,NO,243,700,-1,-2,1,2,180,0.56%,4E-25.PROPOSITION 57 CRIMINAL SENTENCES. PAROLE. JUVENILE CRIMINAL PROCEEDINGS AND SENTENCING. INITIATIVE.NO
000089 ,1,2,027 028 051 054 118 188 189 226 239 242 243,PROP_57,YES,424,698,274,2,~  4E-25,PROPOSITION 57 CRIMINAL,YES,423,700,1,-2,1,2,180,0.56%,4E-25.PROPOSITION 57 CRIMINAL SENTENCES. PAROLE. JUVENILE CRIMINAL PROCEEDINGS AND SENTENCING. INITIATIVE.YES
000089 ,1,2,027 028 051 054 118 188 189 226 239 242 243,PROP_58,YES,518,698,180,0,~  4E-25,PROPOSITION 58 ENGLISH ,YES,519,700,-1,-2,1,2,376,0.27%,4E-25.PROPOSITION 58 ENGLISH PROFICIENCY. MULTILINGUAL EDUCATION. INITIATIVE STATUTE..YES
000089 ,1,2,027 028 051 054 118 188 189 226 239 242 243,PROP_59,YES,349,698,349,2,~  4E-25,PROPOSITION 59 CORPORAT,YES,350,700,-1,-2,1,2,60,1.67%,4E-25.PROPOSITION 59 CORPORATIONS. POLITICAL SPENDING. FEDERAL CONSTITUTIONAL PROTECTIONS..YES
000089 ,1,2,027 028 051 054 118 188 189 226 239 242 243,PROP_60,YES,225,698,473,3,~  4E-25,PROPOSITION 60 ADULT FI,YES,224,700,1,-2,1,2,198,0.51%,4E-25.PROPOSITION 60 ADULT FILMS. CONDOMS. HEALTH REQUIREMENTS. INITIATIVE STATUTE..YES
000089 ,1,2,027 028 051 054 118 188 189 226 239 242 243,PROP_61,YES,302,698,396,3,~  4E-25,PROPOSITION 61 STATE PR,YES,301,700,1,-2,1,2,40,2.50%,4E-25.PROPOSITION 61 STATE PRESCRIPTION DRUG PURCHASES. PRICING STANDARDS. INITIATIVE STATUTE..YES
000089 ,1,2,027 028 051 054 118 188 189 226 239 242 243,PROP_62,YES,340,698,358,1,~  4E-25,PROPOSITION 62 DEATH PE,YES,341,700,-1,-2,1,2,11,9.09%,4E-25.PROPOSITION 62 DEATH PENALTY. INITIATIVE STATUTE..YES
000089 ,2,3,027 028 051 054 117 118 188 189 226 239 242,PROP_63,YES,346,699,353,2,~  4E-25,PROPOSITION 63 FIREARMS,YES,345,700,1,-1,1,1,15,6.67%,4E-25.PROPOSITION 63 FIREARMS. AMMUNITION SALES. INITIATIVE STATUTE..YES
000089 ,2,3,027 028 051 054 117 118 188 189 226 239 242,PROP_64,NO,281,699,418,3,~  4E-25,PROPOSITION 64 MARIJUAN,NO,280,700,1,-1,1,1,119,0.84%,4E-25.PROPOSITION 64 MARIJUANA LEGALIZATION. INITIATIVE STATUTE..NO
000089 ,2,3,027 028 051 054 117 118 188 189 226 239 242,PROP_64,YES,400,699,299,3,~  4E-25,PROPOSITION 64 MARIJUAN,YES,399,700,1,-1,1,1,119,0.84%,4E-25.PROPOSITION 64 MARIJUANA LEGALIZATION. INITIATIVE STATUTE..YES
000089 ,2,3,027 028 051 054 117 118 188 189 226 239 242,PROP_66,NO,346,699,353,0,~  4E-25,PROPOSITION 66 DEATH PE,NO,347,700,-1,-1,1,1,61,1.64%,4E-25.PROPOSITION 66 DEATH PENALTY. PROCEDURES. INITIATIVE STATUTE..NO
000089 ,2,3,027 028 051 054 117 118 188 189 226 239 242,PROP_67,YES,387,699,312,0,~  4E-25,PROPOSITION 67 BAN ON S,YES,388,700,-1,-1,1,1,101,0.99%,4E-25.PROPOSITION 67 BAN ON SINGLE-USE PLASTIC BAGS. REFERENDUM..YES
000089 ,1,1,027 028 051 054 118 188 189 226 239 242 243,STATEASS2,JIM_WOOD,423,699,276,0,~  4E-25,"STATE ASSEMBLY, DISTRIC",JIM WOOD,424,700,-1,-1,1,1,227,0.44%,"4E-25.STATE ASSEMBLY, DISTRICT 2.JIM WOOD"
000089 ,1,1,027 028 051 054 118 188 189 226 239 242 243,USREP,JARED_W_HUFFMAN,448,699,251,0,~  4E-25,US REPRESENTATIVE IN CO,JARED W. HUFFMAN,449,700,-1,-1,1,1,241,0.41%,"4E-25.US REPRESENTATIVE IN CONGRESS, DISTRICT 2.JARED W. HUFFMAN"
000091 ,1,1,029 117 196 197 226 229 239,EKA_CC,HEIDI_S_MESSNER,247,428,181,0,~  4E-31,EUREKA CITY COUNCILMEMB,HEIDI S. MESSNER,246,429,1,-1,1,1,3,33.33%,4E-31.EUREKA CITY COUNCILMEMBER.HEIDI S. MESSNER
000091 ,1,1,029 117 196 197 226 229 239,EKA_CC,JOHN_B_FULLERTON,128,428,300,1,~  4E-31,EUREKA CITY COUNCILMEMB,JOHN B. FULLERTON,127,429,1,-1,1,1,3,33.33%,4E-31.EUREKA CITY COUNCILMEMBER.JOHN B. FULLERTON
000091 ,2,4,029 117 196 197 226 229 239,MEAS_O,YES,231,428,197,4,~  4E-31,MEASURE O CITY OF EUREK,YES,230,429,1,-1,1,1,77,1.30%,4E-31.MEASURE O CITY OF EUREKA LOW INCOME HOUSING UNITS..YES
000091 ,2,4,029 117 196 197 226 229 239,MEAS_P,YES,252,428,176,1,~  4E-31,MEASURE P CITY OF EUREK,YES,251,429,1,-1,1,1,116,0.86%,4E-31.MEASURE P CITY OF EUREKA CHARTER AMENDMENT MEASURE..YES
000091 ,2,3,029 117 196 197 226 229 239,MEAS_Q,YES,208,428,220,0,~  4E-31,MEASURE Q HUMBOLDT COUN,YES,209,429,-1,-1,1,1,47,2.13%,4E-31.MEASURE Q HUMBOLDT COUNTY CREATION OF FINANCE DEPARTMENT MEASURE..YES
000091 ,2,3,029 117 196 197 226 229 239,MEAS_R,NO,139,428,289,1,~  4E-31,MEASURE R HUMBOLDT COUN,NO,138,429,1,-1,1,1,90,1.11%,4E-31.MEASURE R HUMBOLDT COUNTY FINANCE DEPARTMENT ELECTIVE OFFICE MEASURE..NO
000091 ,1,1,029 117 196 197 226 229 239,PRES,DONALD_J_TRUMP,80,428,348,1,~  4E-31,PRESIDENT AND VICE PRES,DONALD J. TRUMP      ,79,429,1,-1,1,1,198,0.51%,4E-31.PRESIDENT AND VICE PRESIDENT.DONALD J. TRUMP      and MICHAEL R. PENCE
000091 ,1,1,029 117 196 197 226 229 239,PRES,JILL_STEIN,35,428,393,1,~  4E-31,PRESIDENT AND VICE PRES,JILL STEIN      and A,34,429,1,-1,1,1,198,0.51%,4E-31.PRESIDENT AND VICE PRESIDENT.JILL STEIN      and AJAMU BARAKA
000091 ,1,1,029 117 196 197 226 229 239,PROP_51,NO,157,428,271,3,~  4E-31,PROPOSITION 51 SCHOOL B,NO,156,429,1,-1,1,1,96,1.04%,4E-31.PROPOSITION 51 SCHOOL BONDS. FUNDING FOR K-12 SCHOOL AND COMMUNITY COLLEGE FACILITIES. INITIATIVE.NO
000091 ,1,1,029 117 196 197 226 229 239,PROP_51,YES,253,428,175,3,~  4E-31,PROPOSITION 51 SCHOOL B,YES,252,429,1,-1,1,1,96,1.04%,4E-31.PROPOSITION 51 SCHOOL BONDS. FUNDING FOR K-12 SCHOOL AND COMMUNITY COLLEGE FACILITIES. INITIATIVE.YES
000091 ,1,1,029 117 196 197 226 229 239,PROP_54,NO,143,428,285,1,~  4E-31,PROPOSITION 54 LEGISLAT,NO,142,429,1,-1,1,1,112,0.89%,4E-31.PROPOSITION 54 LEGISLATURE. LEGISLATION AND PROCEEDINGS. INITIATIVE CONSTITUTIONAL AMENDMENT AND.NO
000091 ,1,2,029 117 196 197 226 229 239,PROP_55,NO,88,427,339,0,~  4E-31,PROPOSITION 55 TAX EXTE,NO,89,429,-1,-2,1,2,229,0.44%,4E-31.PROPOSITION 55 TAX EXTENSION TO FUND EDUCATION AND HEALTHCARE. INITIATIVE CONSTITUTIONAL AMENDMENT..NO
000091 ,1,2,029 117 196 197 226 229 239,PROP_55,YES,317,427,110,0,~  4E-31,PROPOSITION 55 TAX EXTE,YES,318,429,-1,-2,1,2,229,0.44%,4E-31.PROPOSITION 55 TAX EXTENSION TO FUND EDUCATION AND HEALTHCARE. INITIATIVE CONSTITUTIONAL AMENDMENT..YES
000091 ,1,2,029 117 196 197 226 229 239,PROP_56,NO,148,427,279,0,~  4E-31,PROPOSITION 56 CIGARETT,NO,149,429,-1,-2,1,2,115,0.87%,"4E-31.PROPOSITION 56 CIGARETTE TAX TO FUND HEALTHCARE, TOBACCO USE PREVENTION, RESEARCH, AND.NO"
000091 ,1,2,029 117 196 197 226 229 239,PROP_57,YES,319,427,108,1,~  4E-31,PROPOSITION 57 CRIMINAL,YES,320,429,-1,-2,1,2,232,0.43%,4E-31.PROPOSITION 57 CRIMINAL SENTENCES. PAROLE. JUVENILE CRIMINAL PROCEEDINGS AND SENTENCING. INITIATIVE.YES
000091 ,1,2,029 117 196 197 226 229 239,PROP_60,NO,240,427,187,1,~  4E-31,PROPOSITION 60 ADULT FI,NO,239,429,1,-2,1,2,80,1.25%,4E-31.PROPOSITION 60 ADULT FILMS. CONDOMS. HEALTH REQUIREMENTS. INITIATIVE STATUTE..NO
000091 ,1,2,029 117 196 197 226 229 239,PROP_60,YES,158,427,269,1,~  4E-31,PROPOSITION 60 ADULT FI,YES,159,429,-1,-2,1,2,80,1.25%,4E-31.PROPOSITION 60 ADULT FILMS. CONDOMS. HEALTH REQUIREMENTS. INITIATIVE STATUTE..YES
000091 ,1,2,029 117 196 197 226 229 239,PROP_61,YES,251,427,176,2,~  4E-31,PROPOSITION 61 STATE PR,YES,250,429,1,-2,1,2,114,0.88%,4E-31.PROPOSITION 61 STATE PRESCRIPTION DRUG PURCHASES. PRICING STANDARDS. INITIATIVE STATUTE..YES
000091 ,1,2,029 117 196 197 226 229 239,PROP_62,NO,155,427,272,1,~  4E-31,PROPOSITION 62 DEATH PE,NO,154,429,1,-2,1,2,92,1.09%,4E-31.PROPOSITION 62 DEATH PENALTY. INITIATIVE STATUTE..NO
000091 ,1,2,029 117 196 197 226 229 239,PROP_62,YES,245,427,182,1,~  4E-31,PROPOSITION 62 DEATH PE,YES,246,429,-1,-2,1,2,92,1.09%,4E-31.PROPOSITION 62 DEATH PENALTY. INITIATIVE STATUTE..YES
000091 ,2,3,029 117 196 197 226 229 239,PROP_63,NO,152,428,276,2,~  4E-31,PROPOSITION 63 FIREARMS,NO,151,429,1,-1,1,1,111,0.90%,4E-31.PROPOSITION 63 FIREARMS. AMMUNITION SALES. INITIATIVE STATUTE..NO
000091 ,1,1,029 117 196 197 226 229 239,USREP,JARED_W_HUFFMAN,321,428,107,0,~  4E-31,US REPRESENTATIVE IN CO,JARED W. HUFFMAN,320,429,1,-1,1,1,240,0.42%,"4E-31.US REPRESENTATIVE IN CONGRESS, DISTRICT 2.JARED W. HUFFMAN"
000091 ,1,1,029 117 196 197 226 229 239,USSEN,KAMALA_D_HARRIS,238,428,190,2,~  4E-31,US SENATOR,KAMALA D. HARRIS,237,429,1,-1,1,1,109,0.92%,4E-31.US SENATOR.KAMALA D. HARRIS
000092 ,1,1,028 029 054 116 196 226 239 241,EKA_CC,JOHN_B_FULLERTON,157,449,292,1,~  4E-32,EUREKA CITY COUNCILMEMB,JOHN B. FULLERTON,156,449,1,0,1,0,53,1.89%,4E-32.EUREKA CITY COUNCILMEMBER.JOHN B. FULLERTON
000092 ,2,4,028 029 054 116 117 196 226 239 241 243,MEAS_O,NO,142,450,308,1,~  4E-32,MEASURE O CITY OF EUREK,NO,141,449,1,1,1,1,104,0.96%,4E-32.MEASURE O CITY OF EUREKA LOW INCOME HOUSING UNITS..NO
000092 ,2,4,028 029 054 116 117 196 226 239 241 243,MEAS_P,NO,172,450,278,1,~  4E-32,MEASURE P CITY OF EUREK,NO,171,449,1,1,1,1,50,2.00%,4E-32.MEASURE P CITY OF EUREKA CHARTER AMENDMENT MEASURE..NO
000092 ,2,3,028 029 054 116 117 196 226 239 241 243,MEAS_Q,NO,207,449,242,1,~  4E-32,MEASURE Q HUMBOLDT COUN,NO,206,449,1,0,1,0,26,3.85%,4E-32.MEASURE Q HUMBOLDT COUNTY CREATION OF FINANCE DEPARTMENT MEASURE..NO
000092 ,2,3,028 029 054 116 117 196 226 239 241 243,MEAS_R,NO,169,449,280,0,~  4E-32,MEASURE R HUMBOLDT COUN,NO,170,449,-1,0,1,0,34,2.94%,4E-32.MEASURE R HUMBOLDT COUNTY FINANCE DEPARTMENT ELECTIVE OFFICE MEASURE..NO
000092 ,2,3,028 029 054 116 117 196 226 239 241 243,MEAS_S,YES,288,449,161,2,~  4E-32,MEASURE S HUMBOLDT COUN,YES,289,449,-1,0,1,0,163,0.61%,4E-32.MEASURE S HUMBOLDT COUNTY COMMERCIAL MARIJUANA CULTIVATION MEASURE..YES
000092 ,2,3,028 029 054 116 117 196 226 239 241 243,MEAS_U,NO,178,449,271,0,~  4E-32,MEASURE U LOCAL TRANSPO,NO,179,449,-1,0,1,0,49,2.04%,4E-32.MEASURE U LOCAL TRANSPORTATION AUTHORITY RETAIL TRANSACTIONS AND USE TAX..NO
000092 ,2,4,028 029 054 116 117 196 226 239 241 243,MEAS_V,NO,147,450,303,1,~  4E-32,MEASURE V MOBILE HOME P,NO,146,449,1,1,1,1,116,0.86%,4E-32.MEASURE V MOBILE HOME PARK SPACE RENT STABILIZATION..NO
000092 ,1,1,028 029 054 116 196 226 239 241,PRES,JILL_STEIN,30,449,419,1,~  4E-32,PRESIDENT AND VICE PRES,JILL STEIN      and A,29,449,1,0,1,0,178,0.56%,4E-32.PRESIDENT AND VICE PRESIDENT.JILL STEIN      and AJAMU BARAKA
000092 ,1,1,028 029 054 116 196 226 239 241,PRES,Write_in,24,449,425,1,~  4E-32,PRESIDENT AND VICE PRES,Write_in,23,449,1,0,1,0,178,0.56%,4E-32.PRESIDENT AND VICE PRESIDENT.Write_in
000092 ,1,1,028 029 054 116 196 226 239 241,PROP_51,YES,248,449,201,1,~  4E-32,PROPOSITION 51 SCHOOL B,YES,247,449,1,0,1,0,70,1.43%,4E-32.PROPOSITION 51 SCHOOL BONDS. FUNDING FOR K-12 SCHOOL AND COMMUNITY COLLEGE FACILITIES. INITIATIVE.YES
000092 ,1,1,028 029 054 116 196 226 239 241,PROP_52,NO,106,449,343,1,~  4E-32,PROPOSITION 52 MEDI-CAL,NO,105,449,1,0,1,0,219,0.46%,4E-32.PROPOSITION 52 MEDI-CAL HOSPITAL FEE PROGRAM. INITIATIVE CONSTITUTIONAL AMENDMENT AND STATUTE..NO
000092 ,1,1,028 029 054 116 196 226 239 241,PROP_53,NO,220,449,229,1,~  4E-32,PROPOSITION 53 REVENUE ,NO,219,449,1,0,1,0,25,4.00%,4E-32.PROPOSITION 53 REVENUE BONDS. STATEWIDE VOTER APPROVAL. INITIATIVE CONSTITUTIONAL AMENDMENT..NO
000092 ,1,1,028 029 054 116 196 226 239 241,PROP_54,YES,263,449,186,1,~  4E-32,PROPOSITION 54 LEGISLAT,YES,262,449,1,0,1,0,102,0.98%,4E-32.PROPOSITION 54 LEGISLATURE. LEGISLATION AND PROCEEDINGS. INITIATIVE CONSTITUTIONAL AMENDMENT AND.YES
000092 ,1,2,028 029 054 116 196 226 239 241,PROP_55,YES,327,448,121,0,~  4E-32,PROPOSITION 55 TAX EXTE,YES,328,449,-1,-1,1,1,228,0.44%,4E-32.PROPOSITION 55 TAX EXTENSION TO FUND EDUCATION AND HEALTHCARE. INITIATIVE CONSTITUTIONAL AMENDMENT..YES
000092 ,1,2,028 029 054 116 196 226 239 241,PROP_56,NO,166,448,282,1,~  4E-32,PROPOSITION 56 CIGARETT,NO,165,449,1,-1,1,1,100,1.00%,"4E-32.PROPOSITION 56 CIGARETTE TAX TO FUND HEALTHCARE, TOBACCO USE PREVENTION, RESEARCH, AND.NO"
000092 ,1,2,028 029 054 116 196 226 239 241,PROP_57,YES,293,448,155,0,~  4E-32,PROPOSITION 57 CRIMINAL,YES,294,449,-1,-1,1,1,169,0.59%,4E-32.PROPOSITION 57 CRIMINAL SENTENCES. PAROLE. JUVENILE CRIMINAL PROCEEDINGS AND SENTENCING. INITIATIVE.YES
000092 ,1,2,028 029 054 116 196 226 239 241,PROP_58,YES,332,448,116,0,~  4E-32,PROPOSITION 58 ENGLISH ,YES,333,449,-1,-1,1,1,244,0.41%,4E-32.PROPOSITION 58 ENGLISH PROFICIENCY. MULTILINGUAL EDUCATION. INITIATIVE STATUTE..YES
000092 ,1,2,028 029 054 116 196 226 239 241,PROP_59,NO,140,448,308,1,~  4E-32,PROPOSITION 59 CORPORAT,NO,139,449,1,-1,1,1,132,0.76%,4E-32.PROPOSITION 59 CORPORATIONS. POLITICAL SPENDING. FEDERAL CONSTITUTIONAL PROTECTIONS..NO
000092 ,1,2,028 029 054 116 196 226 239 241,PROP_60,YES,175,448,273,0,~  4E-32,PROPOSITION 60 ADULT FI,YES,176,449,-1,-1,1,1,60,1.67%,4E-32.PROPOSITION 60 ADULT FILMS. CONDOMS. HEALTH REQUIREMENTS. INITIATIVE STATUTE..YES
000092 ,1,2,028 029 054 116 196 226 239 241,PROP_61,NO,170,448,278,1,~  4E-32,PROPOSITION 61 STATE PR,NO,169,449,1,-1,1,1,66,1.52%,4E-32.PROPOSITION 61 STATE PRESCRIPTION DRUG PURCHASES. PRICING STANDARDS. INITIATIVE STATUTE..NO
000092 ,1,2,028 029 054 116 196 226 239 241,PROP_61,YES,234,448,214,1,~  4E-32,PROPOSITION 61 STATE PR,YES,235,449,-1,-1,1,1,66,1.52%,4E-32.PROPOSITION 61 STATE PRESCRIPTION DRUG PURCHASES. PRICING STANDARDS. INITIATIVE STATUTE..YES
000092 ,1,2,028 029 054 116 196 226 239 241,PROP_62,NO,182,448,266,2,~  4E-32,PROPOSITION 62 DEATH PE,NO,181,449,1,-1,1,1,65,1.54%,4E-32.PROPOSITION 62 DEATH PENALTY. INITIATIVE STATUTE..NO
000092 ,2,3,028 029 054 116 117 196 226 239 241 243,PROP_63,YES,258,449,191,0,~  4E-32,PROPOSITION 63 FIREARMS,YES,259,449,-1,0,1,0,79,1.27%,4E-32.PROPOSITION 63 FIREARMS. AMMUNITION SALES. INITIATIVE STATUTE..YES
000092 ,2,3,028 029 054 116 117 196 226 239 241 243,PROP_64,NO,159,449,290,2,~  4E-32,PROPOSITION 64 MARIJUAN,NO,158,449,1,0,1,0,123,0.81%,4E-32.PROPOSITION 64 MARIJUANA LEGALIZATION. INITIATIVE STATUTE..NO
000092 ,2,3,028 029 054 116 117 196 226 239 241 243,PROP_64,YES,280,449,169,2,~  4E-32,PROPOSITION 64 MARIJUAN,YES,281,449,-1,0,1,0,123,0.81%,4E-32.PROPOSITION 64 MARIJUANA LEGALIZATION. INITIATIVE STATUTE..YES
000092 ,2,3,028 029 054 116 117 196 226 239 241 243,PROP_65,NO,226,449,223,2,~  4E-32,PROPOSITION 65 CARRYOUT,NO,227,449,-1,0,1,0,33,3.03%,4E-32.PROPOSITION 65 CARRYOUT BAGS. CHARGES. INITIATIVE STATUTE..NO
000092 ,2,3,028 029 054 116 117 196 226 239 241 243,PROP_65,YES,195,449,254,2,~  4E-32,PROPOSITION 65 CARRYOUT,YES,194,449,1,0,1,0,33,3.03%,4E-32.PROPOSITION 65 CARRYOUT BAGS. CHARGES. INITIATIVE STATUTE..YES
000092 ,2,3,028 029 054 116 117 196 226 239 241 243,PROP_66,NO,258,449,191,1,~  4E-32,PROPOSITION 66 DEATH PE,NO,259,449,-1,0,1,0,106,0.94%,4E-32.PROPOSITION 66 DEATH PENALTY. PROCEDURES. INITIATIVE STATUTE..NO
000092 ,2,3,028 029 054 116 117 196 226 239 241 243,PROP_66,YES,154,449,295,1,~  4E-32,PROPOSITION 66 DEATH PE,YES,153,449,1,0,1,0,106,0.94%,4E-32.PROPOSITION 66 DEATH PENALTY. PROCEDURES. INITIATIVE STATUTE..YES
000092 ,2,3,028 029 054 116 117 196 226 239 241 243,PROP_67,NO,155,449,294,1,~  4E-32,PROPOSITION 67 BAN ON S,NO,154,449,1,0,1,0,125,0.80%,4E-32.PROPOSITION 67 BAN ON SINGLE-USE PLASTIC BAGS. REFERENDUM..NO
000092 ,2,3,028 029 054 116 117 196 226 239 241 243,PROP_67,YES,278,449,171,1,~  4E-32,PROPOSITION 67 BAN ON S,YES,279,449,-1,0,1,0,125,0.80%,4E-32.PROPOSITION 67 BAN ON SINGLE-USE PLASTIC BAGS. REFERENDUM..YES
000093 ,1,1,028 054 119 193 194 226 229 239 243,EKA_CC,AUSTIN_ALLISON,279,503,224,0,~  4E-33,EUREKA CITY COUNCILMEMB,AUSTIN ALLISON,278,502,1,1,1,1,46,2.17%,4E-33.EUREKA CITY COUNCILMEMBER.AUSTIN ALLISON
000093 ,2,4,028 054 118 119 193 194 226 239 243,MEAS_O,YES,278,498,220,1,~  4E-33,MEASURE O CITY OF EUREK,YES,277,502,1,-4,1,4,123,0.81%,4E-33.MEASURE O CITY OF EUREKA LOW INCOME HOUSING UNITS..YES
000093 ,2,4,028 054 118 119 193 194 226 239 243,MEAS_P,YES,269,498,229,1,~  4E-33,MEASURE P CITY OF EUREK,YES,268,502,1,-4,1,4,98,1.02%,4E-33.MEASURE P CITY OF EUREKA CHARTER AMENDMENT MEASURE..YES
000093 ,2,3,028 054 118 119 193 194 226 239 243,MEAS_Q,YES,210,498,288,2,~  4E-33,MEASURE Q HUMBOLDT COUN,YES,209,502,1,-4,1,4,2,50.00%,4E-33.MEASURE Q HUMBOLDT COUNTY CREATION OF FINANCE DEPARTMENT MEASURE..YES
000093 ,2,3,028 054 118 119 193 194 226 239 243,MEAS_R,YES,220,498,278,3,~  4E-33,MEASURE R HUMBOLDT COUN,YES,219,502,1,-4,1,4,18,5.56%,4E-33.MEASURE R HUMBOLDT COUNTY FINANCE DEPARTMENT ELECTIVE OFFICE MEASURE..YES
000093 ,2,3,028 054 118 119 193 194 226 239 243,MEAS_S,NO,146,498,352,1,~  4E-33,MEASURE S HUMBOLDT COUN,NO,147,502,-1,-4,1,4,164,0.61%,4E-33.MEASURE S HUMBOLDT COUNTY COMMERCIAL MARIJUANA CULTIVATION MEASURE..NO
000093 ,2,3,028 054 118 119 193 194 226 239 243,MEAS_U,YES,240,498,258,0,~  4E-33,MEASURE U LOCAL TRANSPO,YES,239,502,1,-4,1,4,33,3.03%,4E-33.MEASURE U LOCAL TRANSPORTATION AUTHORITY RETAIL TRANSACTIONS AND USE TAX..YES
000093 ,2,4,028 054 118 119 193 194 226 239 243,MEAS_V,YES,289,498,209,1,~  4E-33,MEASURE V MOBILE HOME P,YES,288,502,1,-4,1,4,127,0.79%,4E-33.MEASURE V MOBILE HOME PARK SPACE RENT STABILIZATION..YES
000093 ,1,1,028 054 119 193 194 226 229 239 243,PRES,HILLARY_CLINTON,307,503,196,0,~  4E-33,PRESIDENT AND VICE PRES,HILLARY CLINTON      ,306,502,1,1,1,1,188,0.53%,4E-33.PRESIDENT AND VICE PRESIDENT.HILLARY CLINTON      and TIM KAINE
000093 ,1,1,028 054 119 193 194 226 229 239 243,PROP_52,NO,104,503,399,1,~  4E-33,PROPOSITION 52 MEDI-CAL,NO,103,502,1,1,1,1,255,0.39%,4E-33.PROPOSITION 52 MEDI-CAL HOSPITAL FEE PROGRAM. INITIATIVE CONSTITUTIONAL AMENDMENT AND STATUTE..NO
000093 ,1,1,028 054 119 193 194 226 229 239 243,PROP_54,YES,280,503,223,0,~  4E-33,PROPOSITION 54 LEGISLAT,YES,279,502,1,1,1,1,102,0.98%,4E-33.PROPOSITION 54 LEGISLATURE. LEGISLATION AND PROCEEDINGS. INITIATIVE CONSTITUTIONAL AMENDMENT AND.YES
000093 ,1,2,028 054 119 193 194 226 229 239 243,PROP_55,NO,115,503,388,3,~  4E-33,PROPOSITION 55 TAX EXTE,NO,114,502,1,1,1,1,245,0.41%,4E-33.PROPOSITION 55 TAX EXTENSION TO FUND EDUCATION AND HEALTHCARE. INITIATIVE CONSTITUTIONAL AMENDMENT..NO
000093 ,1,2,028 054 119 193 194 226 229 239 243,PROP_56,NO,210,503,293,1,~  4E-33,PROPOSITION 56 CIGARETT,NO,209,502,1,1,1,1,55,1.82%,"4E-33.PROPOSITION 56 CIGARETTE TAX TO FUND HEALTHCARE, TOBACCO USE PREVENTION, RESEARCH, AND.NO"
000093 ,1,2,028 054 119 193 194 226 229 239 243,PROP_56,YES,263,503,240,1,~  4E-33,PROPOSITION 56 CIGARETT,YES,264,502,-1,1,1,1,55,1.82%,"4E-33.PROPOSITION 56 CIGARETTE TAX TO FUND HEALTHCARE, TOBACCO USE PREVENTION, RESEARCH, AND.YES"
000093 ,1,2,028 054 119 193 194 226 229 239 243,PROP_58,YES,389,503,114,1,~  4E-33,PROPOSITION 58 ENGLISH ,YES,388,502,1,1,1,1,310,0.32%,4E-33.PROPOSITION 58 ENGLISH PROFICIENCY. MULTILINGUAL EDUCATION. INITIATIVE STATUTE..YES
000093 ,1,2,028 054 119 193 194 226 229 239 243,PROP_59,YES,312,503,191,0,~  4E-33,PROPOSITION 59 CORPORAT,YES,313,502,-1,1,1,1,179,0.56%,4E-33.PROPOSITION 59 CORPORATIONS. POLITICAL SPENDING. FEDERAL CONSTITUTIONAL PROTECTIONS..YES
000093 ,1,2,028 054 119 193 194 226 229 239 243,PROP_60,NO,248,503,255,1,~  4E-33,PROPOSITION 60 ADULT FI,NO,247,502,1,1,1,1,40,2.50%,4E-33.PROPOSITION 60 ADULT FILMS. CONDOMS. HEALTH REQUIREMENTS. INITIATIVE STATUTE..NO
000093 ,1,2,028 054 119 193 194 226 229 239 243,PROP_60,YES,208,503,295,1,~  4E-33,PROPOSITION 60 ADULT FI,YES,207,502,1,1,1,1,40,2.50%,4E-33.PROPOSITION 60 ADULT FILMS. CONDOMS. HEALTH REQUIREMENTS. INITIATIVE STATUTE..YES
000093 ,1,2,028 054 119 193 194 226 229 239 243,PROP_61,NO,182,503,321,1,~  4E-33,PROPOSITION 61 STATE PR,NO,181,502,1,1,1,1,90,1.11%,4E-33.PROPOSITION 61 STATE PRESCRIPTION DRUG PURCHASES. PRICING STANDARDS. INITIATIVE STATUTE..NO
000093 ,1,2,028 054 119 193 194 226 229 239 243,PROP_62,YES,269,503,234,1,~  4E-33,PROPOSITION 62 DEATH PE,YES,268,502,1,1,1,1,65,1.54%,4E-33.PROPOSITION 62 DEATH PENALTY. INITIATIVE STATUTE..YES
000093 ,2,3,028 054 118 119 193 194 226 239 243,PROP_63,YES,281,498,217,0,~  4E-33,PROPOSITION 63 FIREARMS,YES,280,502,1,-4,1,4,90,1.11%,4E-33.PROPOSITION 63 FIREARMS. AMMUNITION SALES. INITIATIVE STATUTE..YES
000093 ,2,3,028 054 118 119 193 194 226 239 243,PROP_64,NO,164,498,334,1,~  4E-33,PROPOSITION 64 MARIJUAN,NO,163,502,1,-4,1,4,157,0.64%,4E-33.PROPOSITION 64 MARIJUANA LEGALIZATION. INITIATIVE STATUTE..NO
000093 ,2,3,028 054 118 119 193 194 226 239 243,PROP_64,YES,321,498,177,1,~  4E-33,PROPOSITION 64 MARIJUAN,YES,320,502,1,-4,1,4,157,0.64%,4E-33.PROPOSITION 64 MARIJUANA LEGALIZATION. INITIATIVE STATUTE..YES
000093 ,2,3,028 054 118 119 193 194 226 239 243,PROP_65,YES,222,498,276,1,~  4E-33,PROPOSITION 65 CARRYOUT,YES,221,502,1,-4,1,4,22,4.55%,4E-33.PROPOSITION 65 CARRYOUT BAGS. CHARGES. INITIATIVE STATUTE..YES
000093 ,2,3,028 054 118 119 193 194 226 239 243,PROP_66,NO,265,498,233,3,~  4E-33,PROPOSITION 66 DEATH PE,NO,264,502,1,-4,1,4,97,1.03%,4E-33.PROPOSITION 66 DEATH PENALTY. PROCEDURES. INITIATIVE STATUTE..NO
000093 ,2,3,028 054 118 119 193 194 226 239 243,PROP_67,YES,297,498,201,0,~  4E-33,PROPOSITION 67 BAN ON S,YES,296,502,1,-4,1,4,121,0.83%,4E-33.PROPOSITION 67 BAN ON SINGLE-USE PLASTIC BAGS. REFERENDUM..YES
000093 ,1,1,028 054 119 193 194 226 229 239 243,USREP,JARED_W_HUFFMAN,361,503,142,0,~  4E-33,US REPRESENTATIVE IN CO,JARED W. HUFFMAN,360,502,1,1,1,1,254,0.39%,"4E-33.US REPRESENTATIVE IN CONGRESS, DISTRICT 2.JARED W. HUFFMAN"
000094 ,1,1,029 030 054 110 194 195 226 229 239 242,EKA_CC,AUSTIN_ALLISON,296,603,307,0,~  4E-34,EUREKA CITY COUNCILMEMB,AUSTIN ALLISON,295,602,1,1,1,1,90,1.11%,4E-34.EUREKA CITY COUNCILMEMBER.AUSTIN ALLISON
000094 ,1,1,029 030 054 110 194 195 226 229 239 242,EKA_CC,JOHN_B_FULLERTON,251,603,352,0,~  4E-34,EUREKA CITY COUNCILMEMB,JOHN B. FULLERTON,250,602,1,1,1,1,90,1.11%,4E-34.EUREKA CITY COUNCILMEMBER.JOHN B. FULLERTON
000094 ,2,4,029 030 054 110 111 194 195 226 229 239 242 243,MEAS_P,NO,222,599,377,2,~  4E-34,MEASURE P CITY OF EUREK,NO,221,602,1,-3,1,3,102,0.98%,4E-34.MEASURE P CITY OF EUREKA CHARTER AMENDMENT MEASURE..NO
000094 ,2,4,029 030 054 110 111 194 195 226 229 239 242 243,MEAS_P,YES,324,599,275,2,~  4E-34,MEASURE P CITY OF EUREK,YES,323,602,1,-3,1,3,102,0.98%,4E-34.MEASURE P CITY OF EUREKA CHARTER AMENDMENT MEASURE..YES
000094 ,2,3,029 030 054 110 111 194 195 226 229 239 242 243,MEAS_R,NO,257,600,343,2,~  4E-34,MEASURE R HUMBOLDT COUN,NO,256,602,1,-2,1,2,15,6.67%,4E-34.MEASURE R HUMBOLDT COUNTY FINANCE DEPARTMENT ELECTIVE OFFICE MEASURE..NO
000094 ,2,3,029 030 054 110 111 194 195 226 229 239 242 243,MEAS_R,YES,272,600,328,2,~  4E-34,MEASURE R HUMBOLDT COUN,YES,271,602,1,-2,1,2,15,6.67%,4E-34.MEASURE R HUMBOLDT COUNTY FINANCE DEPARTMENT ELECTIVE OFFICE MEASURE..YES
000094 ,2,3,029 030 054 110 111 194 195 226 229 239 242 243,MEAS_S,YES,419,600,181,1,~  4E-34,MEASURE S HUMBOLDT COUN,YES,418,602,1,-2,1,2,261,0.38%,4E-34.MEASURE S HUMBOLDT COUNTY COMMERCIAL MARIJUANA CULTIVATION MEASURE..YES
000094 ,2,4,029 030 054 110 111 194 195 226 229 239 242 243,MEAS_V,YES,319,599,280,1,~  4E-34,MEASURE V MOBILE HOME P,YES,318,602,1,-3,1,3,80,1.25%,4E-34.MEASURE V MOBILE HOME PARK SPACE RENT STABILIZATION..YES
000094 ,1,1,029 030 054 110 194 195 226 229 239 242,PRES,DONALD_J_TRUMP,178,603,425,0,~  4E-34,PRESIDENT AND VICE PRES,DONALD J. TRUMP      ,177,602,1,1,1,1,171,0.58%,4E-34.PRESIDENT AND VICE PRESIDENT.DONALD J. TRUMP      and MICHAEL R. PENCE
000094 ,1,1,029 030 054 110 194 195 226 229 239 242,PRES,HILLARY_CLINTON,349,603,254,0,~  4E-34,PRESIDENT AND VICE PRES,HILLARY CLINTON      ,348,602,1,1,1,1,171,0.58%,4E-34.PRESIDENT AND VICE PRESIDENT.HILLARY CLINTON      and TIM KAINE
000094 ,1,1,029 030 054 110 194 195 226 229 239 242,PROP_51,YES,270,603,333,1,~  4E-34,PROPOSITION 51 SCHOOL B,YES,269,602,1,1,1,1,43,2.33%,4E-34.PROPOSITION 51 SCHOOL BONDS. FUNDING FOR K-12 SCHOOL AND COMMUNITY COLLEGE FACILITIES. INITIATIVE.YES
000094 ,1,1,029 030 054 110 194 195 226 229 239 242,PROP_54,YES,324,603,279,1,~  4E-34,PROPOSITION 54 LEGISLAT,YES,323,602,1,1,1,1,80,1.25%,4E-34.PROPOSITION 54 LEGISLATURE. LEGISLATION AND PROCEEDINGS. INITIATIVE CONSTITUTIONAL AMENDMENT AND.YES
000094 ,1,2,029 030 054 110 194 195 226 229 239 242,PROP_55,YES,394,602,208,0,~  4E-34,PROPOSITION 55 TAX EXTE,YES,393,602,1,0,1,0,206,0.49%,4E-34.PROPOSITION 55 TAX EXTENSION TO FUND EDUCATION AND HEALTHCARE. INITIATIVE CONSTITUTIONAL AMENDMENT..YES
000094 ,1,2,029 030 054 110 194 195 226 229 239 242,PROP_56,YES,345,602,257,0,~  4E-34,PROPOSITION 56 CIGARETT,YES,344,602,1,0,1,0,99,1.01%,"4E-34.PROPOSITION 56 CIGARETTE TAX TO FUND HEALTHCARE, TOBACCO USE PREVENTION, RESEARCH, AND.YES"
000094 ,1,2,029 030 054 110 194 195 226 229 239 242,PROP_58,YES,467,602,135,0,~  4E-34,PROPOSITION 58 ENGLISH ,YES,466,602,1,0,1,0,362,0.28%,4E-34.PROPOSITION 58 ENGLISH PROFICIENCY. MULTILINGUAL EDUCATION. INITIATIVE STATUTE..YES
000094 ,1,2,029 030 054 110 194 195 226 229 239 242,PROP_59,YES,342,602,260,0,~  4E-34,PROPOSITION 59 CORPORAT,YES,341,602,1,0,1,0,121,0.83%,4E-34.PROPOSITION 59 CORPORATIONS. POLITICAL SPENDING. FEDERAL CONSTITUTIONAL PROTECTIONS..YES
000094 ,1,2,029 030 054 110 194 195 226 229 239 242,PROP_61,YES,297,602,305,0,~  4E-34,PROPOSITION 61 STATE PR,YES,296,602,1,0,1,0,41,2.44%,4E-34.PROPOSITION 61 STATE PRESCRIPTION DRUG PURCHASES. PRICING STANDARDS. INITIATIVE STATUTE..YES
000094 ,1,2,029 030 054 110 194 195 226 229 239 242,PROP_62,NO,272,602,330,1,~  4E-34,PROPOSITION 62 DEATH PE,NO,271,602,1,0,1,0,43,2.33%,4E-34.PROPOSITION 62 DEATH PENALTY. INITIATIVE STATUTE..NO
000094 ,1,2,029 030 054 110 194 195 226 229 239 242,PROP_62,YES,315,602,287,1,~  4E-34,PROPOSITION 62 DEATH PE,YES,314,602,1,0,1,0,43,2.33%,4E-34.PROPOSITION 62 DEATH PENALTY. INITIATIVE STATUTE..YES
000094 ,2,3,029 030 054 110 111 194 195 226 229 239 242 243,PROP_63,NO,268,600,332,1,~  4E-34,PROPOSITION 63 FIREARMS,NO,267,602,1,-2,1,2,49,2.04%,4E-34.PROPOSITION 63 FIREARMS. AMMUNITION SALES. INITIATIVE STATUTE..NO
000094 ,2,3,029 030 054 110 111 194 195 226 229 239 242 243,PROP_64,NO,233,600,367,1,~  4E-34,PROPOSITION 64 MARIJUAN,NO,232,602,1,-2,1,2,126,0.79%,4E-34.PROPOSITION 64 MARIJUANA LEGALIZATION. INITIATIVE STATUTE..NO
000094 ,2,3,029 030 054 110 111 194 195 226 229 239 242 243,PROP_65,NO,356,600,244,1,~  4E-34,PROPOSITION 65 CARRYOUT,NO,355,602,1,-2,1,2,133,0.75%,4E-34.PROPOSITION 65 CARRYOUT BAGS. CHARGES. INITIATIVE STATUTE..NO
000094 ,2,3,029 030 054 110 111 194 195 226 229 239 242 243,PROP_66,YES,232,600,368,1,~  4E-34,PROPOSITION 66 DEATH PE,YES,231,602,1,-2,1,2,90,1.11%,4E-34.PROPOSITION 66 DEATH PENALTY. PROCEDURES. INITIATIVE STATUTE..YES
000094 ,2,3,029 030 054 110 111 194 195 226 229 239 242 243,PROP_67,YES,347,600,253,1,~  4E-34,PROPOSITION 67 BAN ON S,YES,346,602,1,-2,1,2,108,0.93%,4E-34.PROPOSITION 67 BAN ON SINGLE-USE PLASTIC BAGS. REFERENDUM..YES
000094 ,1,1,029 030 054 110 194 195 226 229 239 242,STATEASS2,JIM_WOOD,390,603,213,0,~  4E-34,"STATE ASSEMBLY, DISTRIC",JIM WOOD,389,602,1,1,1,1,244,0.41%,"4E-34.STATE ASSEMBLY, DISTRICT 2.JIM WOOD"
000094 ,1,1,029 030 054 110 194 195 226 229 239 242,STATEASS2,KEN_ANTON,146,603,457,0,~  4E-34,"STATE ASSEMBLY, DISTRIC",KEN ANTON,145,602,1,1,1,1,244,0.41%,"4E-34.STATE ASSEMBLY, DISTRICT 2.KEN ANTON"
000094 ,1,1,029 030 054 110 194 195 226 229 239 242,USREP,DALE_K_MENSING,157,603,446,0,~  4E-34,US REPRESENTATIVE IN CO,DALE K. MENSING,156,602,1,1,1,1,259,0.39%,"4E-34.US REPRESENTATIVE IN CONGRESS, DISTRICT 2.DALE K. MENSING"
000094 ,1,1,029 030 054 110 194 195 226 229 239 242,USREP,JARED_W_HUFFMAN,416,603,187,0,~  4E-34,US REPRESENTATIVE IN CO,JARED W. HUFFMAN,415,602,1,1,1,1,259,0.39%,"4E-34.US REPRESENTATIVE IN CONGRESS, DISTRICT 2.JARED W. HUFFMAN"
000095 ,2,4,029 054 108 197 226 239 240 243,MEAS_O,YES,221,465,244,0,~  4E-51,MEASURE O CITY OF EUREK,YES,222,464,-1,1,1,1,34,2.94%,4E-51.MEASURE O CITY OF EUREKA LOW INCOME HOUSING UNITS..YES
000095 ,2,3,029 054 108 197 226 239 240 243,MEAS_Q,NO,233,465,232,1,~  4E-51,MEASURE Q HUMBOLDT COUN,NO,234,464,-1,1,1,1,62,1.61%,4E-51.MEASURE Q HUMBOLDT COUNTY CREATION OF FINANCE DEPARTMENT MEASURE..NO
000095 ,2,4,029 054 108 197 226 239 240 243,MEAS_V,YES,262,465,203,0,~  4E-51,MEASURE V MOBILE HOME P,YES,263,464,-1,1,1,1,89,1.12%,4E-51.MEASURE V MOBILE HOME PARK SPACE RENT STABILIZATION..YES
000095 ,1,1,029 054 107 108 197 226 239 240,PRES,JILL_STEIN,24,464,440,1,~  4E-51,PRESIDENT AND VICE PRES,JILL STEIN      and A,23,464,1,0,1,0,133,0.75%,4E-51.PRESIDENT AND VICE PRESIDENT.JILL STEIN      and AJAMU BARAKA
000095 ,1,1,029 054 107 108 197 226 239 240,PRES,Write_in,18,464,446,0,~  4E-51,PRESIDENT AND VICE PRES,Write_in,17,464,1,0,1,0,133,0.75%,4E-51.PRESIDENT AND VICE PRESIDENT.Write_in
000095 ,1,1,029 054 107 108 197 226 239 240,PROP_51,YES,229,464,235,0,~  4E-51,PROPOSITION 51 SCHOOL B,YES,230,464,-1,0,1,0,18,5.56%,4E-51.PROPOSITION 51 SCHOOL BONDS. FUNDING FOR K-12 SCHOOL AND COMMUNITY COLLEGE FACILITIES. INITIATIVE.YES
000095 ,1,1,029 054 107 108 197 226 239 240,PROP_52,NO,132,464,332,1,~  4E-51,PROPOSITION 52 MEDI-CAL,NO,131,464,1,0,1,0,173,0.58%,4E-51.PROPOSITION 52 MEDI-CAL HOSPITAL FEE PROGRAM. INITIATIVE CONSTITUTIONAL AMENDMENT AND STATUTE..NO
000095 ,1,2,029 054 107 108 197 226 239 240,PROP_55,YES,298,464,166,2,~  4E-51,PROPOSITION 55 TAX EXTE,YES,297,464,1,0,1,0,153,0.65%,4E-51.PROPOSITION 55 TAX EXTENSION TO FUND EDUCATION AND HEALTHCARE. INITIATIVE CONSTITUTIONAL AMENDMENT..YES
000095 ,1,2,029 054 107 108 197 226 239 240,PROP_58,NO,85,464,379,0,~  4E-51,PROPOSITION 58 ENGLISH ,NO,86,464,-1,0,1,0,265,0.38%,4E-51.PROPOSITION 58 ENGLISH PROFICIENCY. MULTILINGUAL EDUCATION. INITIATIVE STATUTE..NO
000095 ,1,2,029 054 107 108 197 226 239 240,PROP_60,NO,278,464,186,1,~  4E-51,PROPOSITION 60 ADULT FI,NO,277,464,1,0,1,0,117,0.85%,4E-51.PROPOSITION 60 ADULT FILMS. CONDOMS. HEALTH REQUIREMENTS. INITIATIVE STATUTE..NO
000095 ,2,3,029 054 108 197 226 239 240 243,PROP_63,NO,194,465,271,1,~  4E-51,PROPOSITION 63 FIREARMS,NO,195,464,-1,1,1,1,61,1.64%,4E-51.PROPOSITION 63 FIREARMS. AMMUNITION SALES. INITIATIVE STATUTE..NO
000095 ,2,3,029 054 108 197 226 239 240 243,PROP_63,YES,257,465,208,1,~  4E-51,PROPOSITION 63 FIREARMS,YES,256,464,1,1,1,1,61,1.64%,4E-51.PROPOSITION 63 FIREARMS. AMMUNITION SALES. INITIATIVE STATUTE..YES
000095 ,2,3,029 054 108 197 226 239 240 243,PROP_64,NO,156,465,309,1,~  4E-51,PROPOSITION 64 MARIJUAN,NO,157,464,-1,1,1,1,144,0.69%,4E-51.PROPOSITION 64 MARIJUANA LEGALIZATION. INITIATIVE STATUTE..NO
000095 ,2,3,029 054 108 197 226 239 240 243,PROP_64,YES,302,465,163,1,~  4E-51,PROPOSITION 64 MARIJUAN,YES,301,464,1,1,1,1,144,0.69%,4E-51.PROPOSITION 64 MARIJUANA LEGALIZATION. INITIATIVE STATUTE..YES
000095 ,2,3,029 054 108 197 226 239 240 243,PROP_67,NO,167,465,298,0,~  4E-51,PROPOSITION 67 BAN ON S,NO,168,464,-1,1,1,1,115,0.87%,4E-51.PROPOSITION 67 BAN ON SINGLE-USE PLASTIC BAGS. REFERENDUM..NO
000095 ,1,1,029 054 107 108 197 226 239 240,STATEASS2,KEN_ANTON,115,464,349,2,~  4E-51,"STATE ASSEMBLY, DISTRIC",KEN ANTON,114,464,1,0,1,0,179,0.56%,"4E-51.STATE ASSEMBLY, DISTRICT 2.KEN ANTON"
000095 ,1,1,029 054 107 108 197 226 239 240,USSEN,LORETTA_L_SANCHEZ,118,464,346,4,~  4E-51,US SENATOR,LORETTA L. SANCHEZ,117,464,1,0,1,0,157,0.64%,4E-51.US SENATOR.LORETTA L. SANCHEZ
000096 ,2,4,031 108 197 198 226 240 242 243,MEAS_O,YES,156,335,179,1,~  4E-52,MEASURE O CITY OF EUREK,YES,155,337,1,-2,1,2,16,6.25%,4E-52.MEASURE O CITY OF EUREKA LOW INCOME HOUSING UNITS..YES
000096 ,2,3,031 108 197 198 226 240 242 243,MEAS_S,NO,100,335,235,1,~  4E-52,MEASURE S HUMBOLDT COUN,NO,99,337,1,-2,1,2,112,0.89%,4E-52.MEASURE S HUMBOLDT COUNTY COMMERCIAL MARIJUANA CULTIVATION MEASURE..NO
000096 ,2,3,031 108 197 198 226 240 242 243,MEAS_S,YES,212,335,123,1,~  4E-52,MEASURE S HUMBOLDT COUN,YES,211,337,1,-2,1,2,112,0.89%,4E-52.MEASURE S HUMBOLDT COUNTY COMMERCIAL MARIJUANA CULTIVATION MEASURE..YES
000096 ,1,1,031 108 197 198 226 229 240 242,PROP_51,YES,181,337,156,1,~  4E-52,PROPOSITION 51 SCHOOL B,YES,180,337,1,0,1,0,42,2.38%,4E-52.PROPOSITION 51 SCHOOL BONDS. FUNDING FOR K-12 SCHOOL AND COMMUNITY COLLEGE FACILITIES. INITIATIVE.YES
000096 ,1,2,031 108 197 198 226 229 240 242,PROP_60,YES,140,337,197,1,~  4E-52,PROPOSITION 60 ADULT FI,YES,139,337,1,0,1,0,38,2.63%,4E-52.PROPOSITION 60 ADULT FILMS. CONDOMS. HEALTH REQUIREMENTS. INITIATIVE STATUTE..YES
000096 ,1,2,031 108 197 198 226 229 240 242,PROP_62,YES,137,337,200,1,~  4E-52,PROPOSITION 62 DEATH PE,YES,136,337,1,0,1,0,43,2.33%,4E-52.PROPOSITION 62 DEATH PENALTY. INITIATIVE STATUTE..YES
000096 ,2,3,031 108 197 198 226 240 242 243,PROP_64,NO,124,335,211,1,~  4E-52,PROPOSITION 64 MARIJUAN,NO,123,337,1,-2,1,2,77,1.30%,4E-52.PROPOSITION 64 MARIJUANA LEGALIZATION. INITIATIVE STATUTE..NO
000096 ,2,3,031 108 197 198 226 240 242 243,PROP_64,YES,201,335,134,1,~  4E-52,PROPOSITION 64 MARIJUAN,YES,200,337,1,-2,1,2,77,1.30%,4E-52.PROPOSITION 64 MARIJUANA LEGALIZATION. INITIATIVE STATUTE..YES
000096 ,2,3,031 108 197 198 226 240 242 243,PROP_65,NO,165,335,170,2,~  4E-52,PROPOSITION 65 CARRYOUT,NO,164,337,1,-2,1,2,13,7.69%,4E-52.PROPOSITION 65 CARRYOUT BAGS. CHARGES. INITIATIVE STATUTE..NO
000096 ,2,3,031 108 197 198 226 240 242 243,PROP_65,YES,152,335,183,2,~  4E-52,PROPOSITION 65 CARRYOUT,YES,151,337,1,-2,1,2,13,7.69%,4E-52.PROPOSITION 65 CARRYOUT BAGS. CHARGES. INITIATIVE STATUTE..YES
000096 ,2,3,031 108 197 198 226 240 242 243,PROP_66,NO,163,335,172,3,~  4E-52,PROPOSITION 66 DEATH PE,NO,162,337,1,-2,1,2,26,3.85%,4E-52.PROPOSITION 66 DEATH PENALTY. PROCEDURES. INITIATIVE STATUTE..NO
000096 ,2,3,031 108 197 198 226 240 242 243,PROP_66,YES,137,335,198,3,~  4E-52,PROPOSITION 66 DEATH PE,YES,136,337,1,-2,1,2,26,3.85%,4E-52.PROPOSITION 66 DEATH PENALTY. PROCEDURES. INITIATIVE STATUTE..YES
000096 ,1,1,031 108 197 198 226 229 240 242,STATEASS2,KEN_ANTON,91,337,246,1,~  4E-52,"STATE ASSEMBLY, DISTRIC",KEN ANTON,90,337,1,0,1,0,111,0.90%,"4E-52.STATE ASSEMBLY, DISTRICT 2.KEN ANTON"
000097 ,2,3,030 031 054 109 110 198 199 226 239 242 243,MEAS_R,NO,341,770,429,2,~  4E-54,MEASURE R HUMBOLDT COUN,NO,340,771,1,-1,1,1,0,--,4E-54.MEASURE R HUMBOLDT COUNTY FINANCE DEPARTMENT ELECTIVE OFFICE MEASURE..NO
000097 ,2,3,030 031 054 109 110 198 199 226 239 242 243,MEAS_R,YES,341,770,429,2,~  4E-54,MEASURE R HUMBOLDT COUN,YES,340,771,1,-1,1,1,0,--,4E-54.MEASURE R HUMBOLDT COUNTY FINANCE DEPARTMENT ELECTIVE OFFICE MEASURE..YES
000097 ,2,3,030 031 054 109 110 198 199 226 239 242 243,MEAS_U,NO,419,770,351,0,~  4E-54,MEASURE U LOCAL TRANSPO,NO,420,771,-1,-1,1,1,122,0.82%,4E-54.MEASURE U LOCAL TRANSPORTATION AUTHORITY RETAIL TRANSACTIONS AND USE TAX..NO
000097 ,1,1,030 031 054 109 110 198 199 226 229 239 242 243,PRES,GARY_JOHNSON,41,771,730,1,~  4E-54,PRESIDENT AND VICE PRES,GARY JOHNSON      and,40,771,1,0,1,0,146,0.68%,4E-54.PRESIDENT AND VICE PRESIDENT.GARY JOHNSON      and BILL WELD
000097 ,1,1,030 031 054 109 110 198 199 226 229 239 242 243,PRES,HILLARY_CLINTON,394,771,377,0,~  4E-54,PRESIDENT AND VICE PRES,HILLARY CLINTON      ,395,771,-1,0,1,0,146,0.68%,4E-54.PRESIDENT AND VICE PRESIDENT.HILLARY CLINTON      and TIM KAINE
000097 ,1,1,030 031 054 109 110 198 199 226 229 239 242 243,PROP_51,NO,373,771,398,1,~  4E-54,PROPOSITION 51 SCHOOL B,NO,372,771,1,0,1,0,11,9.09%,4E-54.PROPOSITION 51 SCHOOL BONDS. FUNDING FOR K-12 SCHOOL AND COMMUNITY COLLEGE FACILITIES. INITIATIVE.NO
000097 ,1,1,030 031 054 109 110 198 199 226 229 239 242 243,PROP_51,YES,360,771,411,1,~  4E-54,PROPOSITION 51 SCHOOL B,YES,361,771,-1,0,1,0,11,9.09%,4E-54.PROPOSITION 51 SCHOOL BONDS. FUNDING FOR K-12 SCHOOL AND COMMUNITY COLLEGE FACILITIES. INITIATIVE.YES
000097 ,1,1,030 031 054 109 110 198 199 226 229 239 242 243,PROP_52,NO,237,771,534,2,~  4E-54,PROPOSITION 52 MEDI-CAL,NO,236,771,1,0,1,0,257,0.39%,4E-54.PROPOSITION 52 MEDI-CAL HOSPITAL FEE PROGRAM. INITIATIVE CONSTITUTIONAL AMENDMENT AND STATUTE..NO
000097 ,1,1,030 031 054 109 110 198 199 226 229 239 242 243,PROP_52,YES,494,771,277,2,~  4E-54,PROPOSITION 52 MEDI-CAL,YES,493,771,1,0,1,0,257,0.39%,4E-54.PROPOSITION 52 MEDI-CAL HOSPITAL FEE PROGRAM. INITIATIVE CONSTITUTIONAL AMENDMENT AND STATUTE..YES
000097 ,1,1,030 031 054 109 110 198 199 226 229 239 242 243,PROP_53,YES,350,771,421,1,~  4E-54,PROPOSITION 53 REVENUE ,YES,349,771,1,0,1,0,19,5.26%,4E-54.PROPOSITION 53 REVENUE BONDS. STATEWIDE VOTER APPROVAL. INITIATIVE CONSTITUTIONAL AMENDMENT..YES
000097 ,1,1,030 031 054 109 110 198 199 226 229 239 242 243,PROP_54,NO,281,771,490,1,~  4E-54,PROPOSITION 54 LEGISLAT,NO,282,771,-1,0,1,0,157,0.64%,4E-54.PROPOSITION 54 LEGISLATURE. LEGISLATION AND PROCEEDINGS. INITIATIVE CONSTITUTIONAL AMENDMENT AND.NO
000097 ,1,2,030 031 054 109 110 198 199 226 229 239 242 243,PROP_55,NO,235,760,525,1,~  4E-54,PROPOSITION 55 TAX EXTE,NO,236,771,-1,-11,1,11,266,0.38%,4E-54.PROPOSITION 55 TAX EXTENSION TO FUND EDUCATION AND HEALTHCARE. INITIATIVE CONSTITUTIONAL AMENDMENT..NO
000097 ,1,2,030 031 054 109 110 198 199 226 229 239 242 243,PROP_58,NO,167,760,593,2,~  4E-54,PROPOSITION 58 ENGLISH ,NO,166,771,1,-11,1,11,399,0.25%,4E-54.PROPOSITION 58 ENGLISH PROFICIENCY. MULTILINGUAL EDUCATION. INITIATIVE STATUTE..NO
000097 ,1,2,030 031 054 109 110 198 199 226 229 239 242 243,PROP_60,YES,266,760,494,3,~  4E-54,PROPOSITION 60 ADULT FI,YES,265,771,1,-11,1,11,195,0.51%,4E-54.PROPOSITION 60 ADULT FILMS. CONDOMS. HEALTH REQUIREMENTS. INITIATIVE STATUTE..YES
000097 ,2,3,030 031 054 109 110 198 199 226 239 242 243,PROP_64,NO,286,770,484,1,~  4E-54,PROPOSITION 64 MARIJUAN,NO,285,771,1,-1,1,1,181,0.55%,4E-54.PROPOSITION 64 MARIJUANA LEGALIZATION. INITIATIVE STATUTE..NO
000097 ,2,3,030 031 054 109 110 198 199 226 239 242 243,PROP_65,YES,292,770,478,2,~  4E-54,PROPOSITION 65 CARRYOUT,YES,291,771,1,-1,1,1,156,0.64%,4E-54.PROPOSITION 65 CARRYOUT BAGS. CHARGES. INITIATIVE STATUTE..YES
000097 ,2,3,030 031 054 109 110 198 199 226 239 242 243,PROP_66,YES,324,770,446,1,~  4E-54,PROPOSITION 66 DEATH PE,YES,323,771,1,-1,1,1,54,1.85%,4E-54.PROPOSITION 66 DEATH PENALTY. PROCEDURES. INITIATIVE STATUTE..YES
000097 ,2,3,030 031 054 109 110 198 199 226 239 242 243,PROP_67,NO,351,770,419,4,~  4E-54,PROPOSITION 67 BAN ON S,NO,350,771,1,-1,1,1,47,2.13%,4E-54.PROPOSITION 67 BAN ON SINGLE-USE PLASTIC BAGS. REFERENDUM..NO
000097 ,1,1,030 031 054 109 110 198 199 226 229 239 242 243,STATEASS2,JIM_WOOD,448,771,323,0,~  4E-54,"STATE ASSEMBLY, DISTRIC",JIM WOOD,449,771,-1,0,1,0,218,0.46%,"4E-54.STATE ASSEMBLY, DISTRICT 2.JIM WOOD"
000097 ,1,1,030 031 054 109 110 198 199 226 229 239 242 243,USREP,DALE_K_MENSING,219,771,552,1,~  4E-54,US REPRESENTATIVE IN CO,DALE K. MENSING,218,771,1,0,1,0,293,0.34%,"4E-54.US REPRESENTATIVE IN CONGRESS, DISTRICT 2.DALE K. MENSING"
000098 ,2,3,031 032 111 112 199 227 238 239,MEAS_R,NO,291,603,312,0,~  4ES-4,MEASURE R HUMBOLDT COUN,NO,290,603,1,0,1,0,51,1.96%,4ES-4.MEASURE R HUMBOLDT COUNTY FINANCE DEPARTMENT ELECTIVE OFFICE MEASURE..NO
000098 ,2,3,031 032 111 112 199 227 238 239,MEAS_U,YES,245,603,358,0,~  4ES-4,MEASURE U LOCAL TRANSPO,YES,244,603,1,0,1,0,69,1.45%,4ES-4.MEASURE U LOCAL TRANSPORTATION AUTHORITY RETAIL TRANSACTIONS AND USE TAX..YES
000098 ,2,3,031 032 111 112 199 227 238 239,MEAS_V,YES,272,603,331,0,~  4ES-4,MEASURE V MOBILE HOME P,YES,271,603,1,0,1,0,15,6.67%,4ES-4.MEASURE V MOBILE HOME PARK SPACE RENT STABILIZATION..YES
000098 ,1,1,031 032 111 199 226 227 229 238 239,PRES,HILLARY_CLINTON,302,606,304,0,~  4ES-4,PRESIDENT AND VICE PRES,HILLARY CLINTON      ,301,603,1,3,1,3,79,1.27%,4ES-4.PRESIDENT AND VICE PRESIDENT.HILLARY CLINTON      and TIM KAINE
000098 ,1,1,031 032 111 199 226 227 229 238 239,PROP_51,YES,267,606,339,2,~  4ES-4,PROPOSITION 51 SCHOOL B,YES,266,603,1,3,1,3,42,2.38%,4ES-4.PROPOSITION 51 SCHOOL BONDS. FUNDING FOR K-12 SCHOOL AND COMMUNITY COLLEGE FACILITIES. INITIATIVE.YES
000098 ,1,1,031 032 111 199 226 227 229 238 239,PROP_52,YES,377,606,229,2,~  4ES-4,PROPOSITION 52 MEDI-CAL,YES,376,603,1,3,1,3,184,0.54%,4ES-4.PROPOSITION 52 MEDI-CAL HOSPITAL FEE PROGRAM. INITIATIVE CONSTITUTIONAL AMENDMENT AND STATUTE..YES
000098 ,1,1,031 032 111 199 226 227 229 238 239,PROP_54,NO,227,606,379,1,~  4ES-4,PROPOSITION 54 LEGISLAT,NO,226,603,1,3,1,3,103,0.97%,4ES-4.PROPOSITION 54 LEGISLATURE. LEGISLATION AND PROCEEDINGS. INITIATIVE CONSTITUTIONAL AMENDMENT AND.NO
000098 ,1,2,031 032 111 199 226 227 229 238 239,PROP_58,NO,140,606,466,0,~  4ES-4,PROPOSITION 58 ENGLISH ,NO,139,603,1,3,1,3,290,0.34%,4ES-4.PROPOSITION 58 ENGLISH PROFICIENCY. MULTILINGUAL EDUCATION. INITIATIVE STATUTE..NO
000098 ,1,2,031 032 111 199 226 227 229 238 239,PROP_58,YES,430,606,176,0,~  4ES-4,PROPOSITION 58 ENGLISH ,YES,429,603,1,3,1,3,290,0.34%,4ES-4.PROPOSITION 58 ENGLISH PROFICIENCY. MULTILINGUAL EDUCATION. INITIATIVE STATUTE..YES
000098 ,1,2,031 032 111 199 226 227 229 238 239,PROP_59,NO,227,606,379,0,~  4ES-4,PROPOSITION 59 CORPORAT,NO,226,603,1,3,1,3,93,1.08%,4ES-4.PROPOSITION 59 CORPORATIONS. POLITICAL SPENDING. FEDERAL CONSTITUTIONAL PROTECTIONS..NO
000098 ,1,2,031 032 111 199 226 227 229 238 239,PROP_59,YES,320,606,286,0,~  4ES-4,PROPOSITION 59 CORPORAT,YES,319,603,1,3,1,3,93,1.08%,4ES-4.PROPOSITION 59 CORPORATIONS. POLITICAL SPENDING. FEDERAL CONSTITUTIONAL PROTECTIONS..YES
000098 ,1,2,031 032 111 199 226 227 229 238 239,PROP_62,NO,337,606,269,1,~  4ES-4,PROPOSITION 62 DEATH PE,NO,336,603,1,3,1,3,104,0.96%,4ES-4.PROPOSITION 62 DEATH PENALTY. INITIATIVE STATUTE..NO
000098 ,2,3,031 032 111 112 199 227 238 239,PROP_65,YES,239,603,364,0,~  4ES-4,PROPOSITION 65 CARRYOUT,YES,238,603,1,0,1,0,98,1.02%,4ES-4.PROPOSITION 65 CARRYOUT BAGS. CHARGES. INITIATIVE STATUTE..YES
000098 ,2,3,031 032 111 112 199 227 238 239,PROP_66,YES,257,603,346,0,~  4ES-4,PROPOSITION 66 DEATH PE,YES,256,603,1,0,1,0,34,2.94%,4ES-4.PROPOSITION 66 DEATH PENALTY. PROCEDURES. INITIATIVE STATUTE..YES
000098 ,2,3,031 032 111 112 199 227 238 239,PROP_67,NO,257,603,346,1,~  4ES-4,PROPOSITION 67 BAN ON S,NO,256,603,1,0,1,0,69,1.45%,4ES-4.PROPOSITION 67 BAN ON SINGLE-USE PLASTIC BAGS. REFERENDUM..NO
000098 ,1,1,031 032 111 199 226 227 229 238 239,STATEASS2,JIM_WOOD,362,606,244,0,~  4ES-4,"STATE ASSEMBLY, DISTRIC",JIM WOOD,361,603,1,3,1,3,216,0.46%,"4ES-4.STATE ASSEMBLY, DISTRICT 2.JIM WOOD"
000098 ,1,1,031 032 111 199 226 227 229 238 239,STATEASS2,KEN_ANTON,146,606,460,0,~  4ES-4,"STATE ASSEMBLY, DISTRIC",KEN ANTON,145,603,1,3,1,3,216,0.46%,"4ES-4.STATE ASSEMBLY, DISTRICT 2.KEN ANTON"
000098 ,1,1,031 032 111 199 226 227 229 238 239,USREP,DALE_K_MENSING,178,606,428,1,~  4ES-4,US REPRESENTATIVE IN CO,DALE K. MENSING,177,603,1,3,1,3,213,0.47%,"4ES-4.US REPRESENTATIVE IN CONGRESS, DISTRICT 2.DALE K. MENSING"
000098 ,1,1,031 032 111 199 226 227 229 238 239,USSEN,KAMALA_D_HARRIS,300,606,306,2,~  4ES-4,US SENATOR,KAMALA D. HARRIS,299,603,1,3,1,3,117,0.85%,4ES-4.US SENATOR.KAMALA D. HARRIS
000099 ,1,1,031 113 199 200 227 229 238 242,PROP_53,YES,301,733,432,2,~  4ES-5,PROPOSITION 53 REVENUE ,YES,300,744,1,-11,1,11,81,1.23%,4ES-5.PROPOSITION 53 REVENUE BONDS. STATEWIDE VOTER APPROVAL. INITIATIVE CONSTITUTIONAL AMENDMENT..YES
000099 ,1,2,031 113 199 200 227 229 238 242,PROP_57,NO,255,732,477,1,~  4ES-5,PROPOSITION 57 CRIMINAL,NO,256,744,-1,-12,1,12,185,0.54%,4ES-5.PROPOSITION 57 CRIMINAL SENTENCES. PAROLE. JUVENILE CRIMINAL PROCEEDINGS AND SENTENCING. INITIATIVE.NO
000099 ,1,2,031 113 199 200 227 229 238 242,PROP_58,NO,167,732,565,1,~  4ES-5,PROPOSITION 58 ENGLISH ,NO,168,744,-1,-12,1,12,364,0.27%,4ES-5.PROPOSITION 58 ENGLISH PROFICIENCY. MULTILINGUAL EDUCATION. INITIATIVE STATUTE..NO
000099 ,2,3,031 113 114 199 200 227 238 242,PROP_65,YES,295,729,434,4,~  4ES-5,PROPOSITION 65 CARRYOUT,YES,294,744,1,-15,1,15,118,0.85%,4ES-5.PROPOSITION 65 CARRYOUT BAGS. CHARGES. INITIATIVE STATUTE..YES
000099 ,2,3,031 113 114 199 200 227 238 242,PROP_67,NO,272,729,457,1,~  4ES-5,PROPOSITION 67 BAN ON S,NO,273,744,-1,-15,1,15,171,0.58%,4ES-5.PROPOSITION 67 BAN ON SINGLE-USE PLASTIC BAGS. REFERENDUM..NO
000100 ,2,3,032 033 112 113 200 201 227 238 242,MEAS_Q,YES,245,630,385,1,~  4ES-6,MEASURE Q HUMBOLDT COUN,YES,244,633,1,-3,1,3,69,1.45%,4ES-6.MEASURE Q HUMBOLDT COUNTY CREATION OF FINANCE DEPARTMENT MEASURE..YES
000100 ,2,3,032 033 112 113 200 201 227 238 242,MEAS_R,YES,244,630,386,3,~  4ES-6,MEASURE R HUMBOLDT COUN,YES,243,633,1,-3,1,3,66,1.52%,4ES-6.MEASURE R HUMBOLDT COUNTY FINANCE DEPARTMENT ELECTIVE OFFICE MEASURE..YES
000100 ,2,3,032 033 112 113 200 201 227 238 242,MEAS_S,NO,173,630,457,3,~  4ES-6,MEASURE S HUMBOLDT COUN,NO,172,633,1,-3,1,3,247,0.40%,4ES-6.MEASURE S HUMBOLDT COUNTY COMMERCIAL MARIJUANA CULTIVATION MEASURE..NO
000100 ,2,3,032 033 112 113 200 201 227 238 242,MEAS_S,YES,420,630,210,3,~  4ES-6,MEASURE S HUMBOLDT COUN,YES,419,633,1,-3,1,3,247,0.40%,4ES-6.MEASURE S HUMBOLDT COUNTY COMMERCIAL MARIJUANA CULTIVATION MEASURE..YES
000100 ,2,3,032 033 112 113 200 201 227 238 242,MEAS_U,NO,333,630,297,2,~  4ES-6,MEASURE U LOCAL TRANSPO,NO,332,633,1,-3,1,3,79,1.27%,4ES-6.MEASURE U LOCAL TRANSPORTATION AUTHORITY RETAIL TRANSACTIONS AND USE TAX..NO
000100 ,2,3,032 033 112 113 200 201 227 238 242,MEAS_U,YES,254,630,376,2,~  4ES-6,MEASURE U LOCAL TRANSPO,YES,253,633,1,-3,1,3,79,1.27%,4ES-6.MEASURE U LOCAL TRANSPORTATION AUTHORITY RETAIL TRANSACTIONS AND USE TAX..YES
000100 ,2,3,032 033 112 113 200 201 227 238 242,MEAS_V,NO,295,630,335,2,~  4ES-6,MEASURE V MOBILE HOME P,NO,294,633,1,-3,1,3,1,100.00%,4ES-6.MEASURE V MOBILE HOME PARK SPACE RENT STABILIZATION..NO
000100 ,2,3,032 033 112 113 200 201 227 238 242,MEAS_V,YES,294,630,336,2,~  4ES-6,MEASURE V MOBILE HOME P,YES,293,633,1,-3,1,3,1,100.00%,4ES-6.MEASURE V MOBILE HOME PARK SPACE RENT STABILIZATION..YES
000100 ,1,1,032 033 112 200 201 227 229 238 242,PRES,HILLARY_CLINTON,322,633,311,1,~  4ES-6,PRESIDENT AND VICE PRES,HILLARY CLINTON      ,321,633,1,0,1,0,95,1.05%,4ES-6.PRESIDENT AND VICE PRESIDENT.HILLARY CLINTON      and TIM KAINE
000100 ,1,1,032 033 112 200 201 227 229 238 242,PROP_52,NO,225,633,408,0,~  4ES-6,PROPOSITION 52 MEDI-CAL,NO,224,633,1,0,1,0,149,0.67%,4ES-6.PROPOSITION 52 MEDI-CAL HOSPITAL FEE PROGRAM. INITIATIVE CONSTITUTIONAL AMENDMENT AND STATUTE..NO
000100 ,1,1,032 033 112 200 201 227 229 238 242,PROP_54,NO,243,633,390,2,~  4ES-6,PROPOSITION 54 LEGISLAT,NO,242,633,1,0,1,0,106,0.94%,4ES-6.PROPOSITION 54 LEGISLATURE. LEGISLATION AND PROCEEDINGS. INITIATIVE CONSTITUTIONAL AMENDMENT AND.NO
000100 ,1,1,032 033 112 200 201 227 229 238 242,PROP_54,YES,349,633,284,2,~  4ES-6,PROPOSITION 54 LEGISLAT,YES,348,633,1,0,1,0,106,0.94%,4ES-6.PROPOSITION 54 LEGISLATURE. LEGISLATION AND PROCEEDINGS. INITIATIVE CONSTITUTIONAL AMENDMENT AND.YES
000100 ,1,1,032 033 112 200 201 227 229 238 242,PROP_55,YES,373,633,260,0,~  4ES-6,PROPOSITION 55 TAX EXTE,YES,372,633,1,0,1,0,138,0.72%,4ES-6.PROPOSITION 55 TAX EXTENSION TO FUND EDUCATION AND HEALTHCARE. INITIATIVE CONSTITUTIONAL AMENDMENT..YES
000100 ,1,2,032 033 112 200 201 227 229 238 242,PROP_56,NO,266,632,366,1,~  4ES-6,PROPOSITION 56 CIGARETT,NO,265,633,1,-1,1,1,81,1.23%,"4ES-6.PROPOSITION 56 CIGARETTE TAX TO FUND HEALTHCARE, TOBACCO USE PREVENTION, RESEARCH, AND.NO"
000100 ,1,2,032 033 112 200 201 227 229 238 242,PROP_58,NO,165,632,467,1,~  4ES-6,PROPOSITION 58 ENGLISH ,NO,166,633,-1,-1,1,1,267,0.37%,4ES-6.PROPOSITION 58 ENGLISH PROFICIENCY. MULTILINGUAL EDUCATION. INITIATIVE STATUTE..NO
000100 ,1,2,032 033 112 200 201 227 229 238 242,PROP_58,YES,434,632,198,1,~  4ES-6,PROPOSITION 58 ENGLISH ,YES,433,633,1,-1,1,1,267,0.37%,4ES-6.PROPOSITION 58 ENGLISH PROFICIENCY. MULTILINGUAL EDUCATION. INITIATIVE STATUTE..YES
000100 ,1,2,032 033 112 200 201 227 229 238 242,PROP_60,YES,222,632,410,1,~  4ES-6,PROPOSITION 60 ADULT FI,YES,221,633,1,-1,1,1,145,0.69%,4ES-6.PROPOSITION 60 ADULT FILMS. CONDOMS. HEALTH REQUIREMENTS. INITIATIVE STATUTE..YES
000100 ,1,2,032 033 112 200 201 227 229 238 242,PROP_62,NO,331,632,301,2,~  4ES-6,PROPOSITION 62 DEATH PE,NO,330,633,1,-1,1,1,62,1.61%,4ES-6.PROPOSITION 62 DEATH PENALTY. INITIATIVE STATUTE..NO
000100 ,1,2,032 033 112 200 201 227 229 238 242,PROP_63,YES,288,632,344,1,~  4ES-6,PROPOSITION 63 FIREARMS,YES,287,633,1,-1,1,1,28,3.57%,4ES-6.PROPOSITION 63 FIREARMS. AMMUNITION SALES. INITIATIVE STATUTE..YES
000100 ,2,3,032 033 112 113 200 201 227 238 242,PROP_64,YES,357,630,273,1,~  4ES-6,PROPOSITION 64 MARIJUAN,YES,356,633,1,-3,1,3,99,1.01%,4ES-6.PROPOSITION 64 MARIJUANA LEGALIZATION. INITIATIVE STATUTE..YES
000100 ,1,1,032 033 112 200 201 227 229 238 242,STATEASS2,JIM_WOOD,362,633,271,1,~  4ES-6,"STATE ASSEMBLY, DISTRIC",JIM WOOD,361,633,1,0,1,0,170,0.59%,"4ES-6.STATE ASSEMBLY, DISTRICT 2.JIM WOOD"
000101 ,2,3,035 036 220 221 223,MEAS_R,YES,60,137,77,1,~  4PEF,MEASURE R HUMBOLDT COUN,YES,59,139,1,-2,1,2,3,33.33%,4PEF.MEASURE R HUMBOLDT COUNTY FINANCE DEPARTMENT ELECTIVE OFFICE MEASURE..YES
000101 ,1,1,035 036 220 221 223 229,PROP_52,YES,90,139,49,1,~  4PEF,PROPOSITION 52 MEDI-CAL,YES,89,139,1,0,1,0,47,2.13%,4PEF.PROPOSITION 52 MEDI-CAL HOSPITAL FEE PROGRAM. INITIATIVE CONSTITUTIONAL AMENDMENT AND STATUTE..YES
000101 ,1,1,035 036 220 221 223 229,PROP_53,YES,65,139,74,1,~  4PEF,PROPOSITION 53 REVENUE ,YES,64,139,1,0,1,0,3,33.33%,4PEF.PROPOSITION 53 REVENUE BONDS. STATEWIDE VOTER APPROVAL. INITIATIVE CONSTITUTIONAL AMENDMENT..YES
000101 ,1,2,035 036 220 221 223 229,PROP_61,YES,68,139,71,1,~  4PEF,PROPOSITION 61 STATE PR,YES,67,139,1,0,1,0,12,8.33%,4PEF.PROPOSITION 61 STATE PRESCRIPTION DRUG PURCHASES. PRICING STANDARDS. INITIATIVE STATUTE..YES
000101 ,1,1,035 036 220 221 223 229,STATEASS2,JIM_WOOD,95,139,44,1,~  4PEF,"STATE ASSEMBLY, DISTRIC",JIM WOOD,94,139,1,0,1,0,67,1.49%,"4PEF.STATE ASSEMBLY, DISTRICT 2.JIM WOOD"
000102 ,1,1,035 220 223,PRES,Write_in,3,121,118,1,~  5AS-4,PRESIDENT AND VICE PRES,Write_in,2,121,1,0,1,0,37,2.70%,5AS-4.PRESIDENT AND VICE PRESIDENT.Write_in
000102 ,1,1,035 220 223,PROP_52,NO,39,121,82,1,~  5AS-4,PROPOSITION 52 MEDI-CAL,NO,38,121,1,0,1,0,41,2.44%,5AS-4.PROPOSITION 52 MEDI-CAL HOSPITAL FEE PROGRAM. INITIATIVE CONSTITUTIONAL AMENDMENT AND STATUTE..NO
000102 ,1,2,035 220 223,PROP_60,YES,41,121,80,1,~  5AS-4,PROPOSITION 60 ADULT FI,YES,40,121,1,0,1,0,36,2.78%,5AS-4.PROPOSITION 60 ADULT FILMS. CONDOMS. HEALTH REQUIREMENTS. INITIATIVE STATUTE..YES
000102 ,2,3,035 220 223,PROP_65,YES,43,121,78,1,~  5AS-4,PROPOSITION 65 CARRYOUT,YES,42,121,1,0,1,0,32,3.12%,5AS-4.PROPOSITION 65 CARRYOUT BAGS. CHARGES. INITIATIVE STATUTE..YES
000102 ,2,3,035 220 223,PROP_67,NO,53,121,68,1,~  5AS-4,PROPOSITION 67 BAN ON S,NO,52,121,1,0,1,0,14,7.14%,5AS-4.PROPOSITION 67 BAN ON SINGLE-USE PLASTIC BAGS. REFERENDUM..NO
000102 ,1,1,035 220 223,USSEN,KAMALA_D_HARRIS,63,121,58,1,~  5AS-4,US SENATOR,KAMALA D. HARRIS,62,121,1,0,1,0,25,4.00%,5AS-4.US SENATOR.KAMALA D. HARRIS
000102 ,1,1,035 220 223,USSEN,LORETTA_L_SANCHEZ,38,121,83,1,~  5AS-4,US SENATOR,LORETTA L. SANCHEZ,37,121,1,0,1,0,25,4.00%,5AS-4.US SENATOR.LORETTA L. SANCHEZ
000103 ,2,3,012 049 050 108 109 201 202 227 240,MEAS_Q,YES,231,624,393,2,~  5BL,MEASURE Q HUMBOLDT COUN,YES,230,626,1,-2,1,2,72,1.39%,5BL.MEASURE Q HUMBOLDT COUNTY CREATION OF FINANCE DEPARTMENT MEASURE..YES
000103 ,2,3,012 049 050 108 109 201 202 227 240,MEAS_S,YES,365,624,259,1,~  5BL,MEASURE S HUMBOLDT COUN,YES,364,626,1,-2,1,2,143,0.70%,5BL.MEASURE S HUMBOLDT COUNTY COMMERCIAL MARIJUANA CULTIVATION MEASURE..YES
000103 ,1,1,012 049 050 109 201 202 227 229 240,PROP_51,NO,341,626,285,1,~  5BL,PROPOSITION 51 SCHOOL B,NO,342,626,-1,0,1,0,86,1.16%,5BL.PROPOSITION 51 SCHOOL BONDS. FUNDING FOR K-12 SCHOOL AND COMMUNITY COLLEGE FACILITIES. INITIATIVE.NO
000103 ,1,1,012 049 050 109 201 202 227 229 240,PROP_52,NO,200,626,426,1,~  5BL,PROPOSITION 52 MEDI-CAL,NO,199,626,1,0,1,0,188,0.53%,5BL.PROPOSITION 52 MEDI-CAL HOSPITAL FEE PROGRAM. INITIATIVE CONSTITUTIONAL AMENDMENT AND STATUTE..NO
000103 ,1,1,012 049 050 109 201 202 227 229 240,PROP_53,NO,318,626,308,3,~  5BL,PROPOSITION 53 REVENUE ,NO,317,626,1,0,1,0,57,1.75%,5BL.PROPOSITION 53 REVENUE BONDS. STATEWIDE VOTER APPROVAL. INITIATIVE CONSTITUTIONAL AMENDMENT..NO
000103 ,1,1,012 049 050 109 201 202 227 229 240,PROP_53,YES,261,626,365,3,~  5BL,PROPOSITION 53 REVENUE ,YES,260,626,1,0,1,0,57,1.75%,5BL.PROPOSITION 53 REVENUE BONDS. STATEWIDE VOTER APPROVAL. INITIATIVE CONSTITUTIONAL AMENDMENT..YES
000103 ,1,1,012 049 050 109 201 202 227 229 240,PROP_54,NO,228,626,398,2,~  5BL,PROPOSITION 54 LEGISLAT,NO,227,626,1,0,1,0,133,0.75%,5BL.PROPOSITION 54 LEGISLATURE. LEGISLATION AND PROCEEDINGS. INITIATIVE CONSTITUTIONAL AMENDMENT AND.NO
000103 ,1,1,012 049 050 109 201 202 227 229 240,PROP_54,YES,361,626,265,2,~  5BL,PROPOSITION 54 LEGISLAT,YES,360,626,1,0,1,0,133,0.75%,5BL.PROPOSITION 54 LEGISLATURE. LEGISLATION AND PROCEEDINGS. INITIATIVE CONSTITUTIONAL AMENDMENT AND.YES
000103 ,1,1,012 049 050 109 201 202 227 229 240,PROP_55,NO,203,626,423,1,~  5BL,PROPOSITION 55 TAX EXTE,NO,202,626,1,0,1,0,192,0.52%,5BL.PROPOSITION 55 TAX EXTENSION TO FUND EDUCATION AND HEALTHCARE. INITIATIVE CONSTITUTIONAL AMENDMENT..NO
000103 ,1,2,012 049 050 109 201 202 227 229 240,PROP_60,NO,388,626,238,1,~  5BL,PROPOSITION 60 ADULT FI,NO,387,626,1,0,1,0,215,0.47%,5BL.PROPOSITION 60 ADULT FILMS. CONDOMS. HEALTH REQUIREMENTS. INITIATIVE STATUTE..NO
000103 ,1,2,012 049 050 109 201 202 227 229 240,PROP_60,YES,173,626,453,1,~  5BL,PROPOSITION 60 ADULT FI,YES,172,626,1,0,1,0,215,0.47%,5BL.PROPOSITION 60 ADULT FILMS. CONDOMS. HEALTH REQUIREMENTS. INITIATIVE STATUTE..YES
000103 ,1,2,012 049 050 109 201 202 227 229 240,PROP_62,YES,294,626,332,2,~  5BL,PROPOSITION 62 DEATH PE,YES,295,626,-1,0,1,0,4,25.00%,5BL.PROPOSITION 62 DEATH PENALTY. INITIATIVE STATUTE..YES
000103 ,2,3,012 049 050 108 109 201 202 227 240,PROP_64,YES,364,624,260,1,~  5BL,PROPOSITION 64 MARIJUAN,YES,363,626,1,-2,1,2,107,0.93%,5BL.PROPOSITION 64 MARIJUANA LEGALIZATION. INITIATIVE STATUTE..YES
000103 ,2,3,012 049 050 108 109 201 202 227 240,PROP_65,YES,215,624,409,1,~  5BL,PROPOSITION 65 CARRYOUT,YES,214,626,1,-2,1,2,167,0.60%,5BL.PROPOSITION 65 CARRYOUT BAGS. CHARGES. INITIATIVE STATUTE..YES
000103 ,1,1,012 049 050 109 201 202 227 229 240,STATEASS2,KEN_ANTON,171,626,455,0,~  5BL,"STATE ASSEMBLY, DISTRIC",KEN ANTON,172,626,-1,0,1,0,195,0.51%,"5BL.STATE ASSEMBLY, DISTRICT 2.KEN ANTON"
000103 ,1,1,012 049 050 109 201 202 227 229 240,USREP,JARED_W_HUFFMAN,409,626,217,1,~  5BL,US REPRESENTATIVE IN CO,JARED W. HUFFMAN,408,626,1,0,1,0,224,0.45%,"5BL.US REPRESENTATIVE IN CONGRESS, DISTRICT 2.JARED W. HUFFMAN"
000103 ,1,1,012 049 050 109 201 202 227 229 240,USSEN,LORETTA_L_SANCHEZ,173,626,453,1,~  5BL,US SENATOR,LORETTA L. SANCHEZ,172,626,1,0,1,0,151,0.66%,5BL.US SENATOR.LORETTA L. SANCHEZ
000104 ,2,3,011 012 090 091 202 203 227 229 240,MEAS_Q,NO,298,540,242,1,~  5FB,MEASURE Q HUMBOLDT COUN,NO,297,542,1,-2,1,2,122,0.82%,5FB.MEASURE Q HUMBOLDT COUNTY CREATION OF FINANCE DEPARTMENT MEASURE..NO
000104 ,2,3,011 012 090 091 202 203 227 229 240,MEAS_R,NO,267,540,273,1,~  5FB,MEASURE R HUMBOLDT COUN,NO,266,542,1,-2,1,2,61,1.64%,5FB.MEASURE R HUMBOLDT COUNTY FINANCE DEPARTMENT ELECTIVE OFFICE MEASURE..NO
000104 ,2,3,011 012 090 091 202 203 227 229 240,MEAS_U,NO,261,540,279,0,~  5FB,MEASURE U LOCAL TRANSPO,NO,260,542,1,-2,1,2,12,8.33%,5FB.MEASURE U LOCAL TRANSPORTATION AUTHORITY RETAIL TRANSACTIONS AND USE TAX..NO
000104 ,2,3,011 012 090 091 202 203 227 229 240,MEAS_U,YES,249,540,291,0,~  5FB,MEASURE U LOCAL TRANSPO,YES,248,542,1,-2,1,2,12,8.33%,5FB.MEASURE U LOCAL TRANSPORTATION AUTHORITY RETAIL TRANSACTIONS AND USE TAX..YES
000104 ,1,1,011 012 090 091 202 203 227 229 240,PRES,HILLARY_CLINTON,344,542,198,0,~  5FB,PRESIDENT AND VICE PRES,HILLARY CLINTON      ,343,542,1,0,1,0,197,0.51%,5FB.PRESIDENT AND VICE PRESIDENT.HILLARY CLINTON      and TIM KAINE
000104 ,1,1,011 012 090 091 202 203 227 229 240,PROP_54,NO,208,542,334,1,~  5FB,PROPOSITION 54 LEGISLAT,NO,207,542,1,0,1,0,93,1.08%,5FB.PROPOSITION 54 LEGISLATURE. LEGISLATION AND PROCEEDINGS. INITIATIVE CONSTITUTIONAL AMENDMENT AND.NO
000104 ,1,1,011 012 090 091 202 203 227 229 240,PROP_55,YES,339,542,203,0,~  5FB,PROPOSITION 55 TAX EXTE,YES,338,542,1,0,1,0,154,0.65%,5FB.PROPOSITION 55 TAX EXTENSION TO FUND EDUCATION AND HEALTHCARE. INITIATIVE CONSTITUTIONAL AMENDMENT..YES
000104 ,1,2,011 012 090 091 202 203 227 229 240,PROP_56,NO,192,542,350,0,~  5FB,PROPOSITION 56 CIGARETT,NO,191,542,1,0,1,0,138,0.72%,"5FB.PROPOSITION 56 CIGARETTE TAX TO FUND HEALTHCARE, TOBACCO USE PREVENTION, RESEARCH, AND.NO"
000104 ,1,2,011 012 090 091 202 203 227 229 240,PROP_56,YES,330,542,212,0,~  5FB,PROPOSITION 56 CIGARETT,YES,329,542,1,0,1,0,138,0.72%,"5FB.PROPOSITION 56 CIGARETTE TAX TO FUND HEALTHCARE, TOBACCO USE PREVENTION, RESEARCH, AND.YES"
000104 ,1,2,011 012 090 091 202 203 227 229 240,PROP_57,YES,345,542,197,0,~  5FB,PROPOSITION 57 CRIMINAL,YES,344,542,1,0,1,0,183,0.55%,5FB.PROPOSITION 57 CRIMINAL SENTENCES. PAROLE. JUVENILE CRIMINAL PROCEEDINGS AND SENTENCING. INITIATIVE.YES
000104 ,1,2,011 012 090 091 202 203 227 229 240,PROP_58,YES,406,542,136,0,~  5FB,PROPOSITION 58 ENGLISH ,YES,405,542,1,0,1,0,297,0.34%,5FB.PROPOSITION 58 ENGLISH PROFICIENCY. MULTILINGUAL EDUCATION. INITIATIVE STATUTE..YES
000104 ,1,2,011 012 090 091 202 203 227 229 240,PROP_59,NO,185,542,357,1,~  5FB,PROPOSITION 59 CORPORAT,NO,184,542,1,0,1,0,124,0.81%,5FB.PROPOSITION 59 CORPORATIONS. POLITICAL SPENDING. FEDERAL CONSTITUTIONAL PROTECTIONS..NO
000104 ,1,2,011 012 090 091 202 203 227 229 240,PROP_59,YES,309,542,233,1,~  5FB,PROPOSITION 59 CORPORAT,YES,308,542,1,0,1,0,124,0.81%,5FB.PROPOSITION 59 CORPORATIONS. POLITICAL SPENDING. FEDERAL CONSTITUTIONAL PROTECTIONS..YES
000104 ,1,2,011 012 090 091 202 203 227 229 240,PROP_60,YES,169,542,373,1,~  5FB,PROPOSITION 60 ADULT FI,YES,168,542,1,0,1,0,164,0.61%,5FB.PROPOSITION 60 ADULT FILMS. CONDOMS. HEALTH REQUIREMENTS. INITIATIVE STATUTE..YES
000104 ,1,2,011 012 090 091 202 203 227 229 240,PROP_61,NO,224,542,318,1,~  5FB,PROPOSITION 61 STATE PR,NO,223,542,1,0,1,0,49,2.04%,5FB.PROPOSITION 61 STATE PRESCRIPTION DRUG PURCHASES. PRICING STANDARDS. INITIATIVE STATUTE..NO
000104 ,1,2,011 012 090 091 202 203 227 229 240,PROP_63,NO,253,542,289,0,~  5FB,PROPOSITION 63 FIREARMS,NO,254,542,-1,0,1,0,16,6.25%,5FB.PROPOSITION 63 FIREARMS. AMMUNITION SALES. INITIATIVE STATUTE..NO
000104 ,1,2,011 012 090 091 202 203 227 229 240,PROP_63,YES,271,542,271,0,~  5FB,PROPOSITION 63 FIREARMS,YES,270,542,1,0,1,0,16,6.25%,5FB.PROPOSITION 63 FIREARMS. AMMUNITION SALES. INITIATIVE STATUTE..YES
000104 ,2,3,011 012 090 091 202 203 227 229 240,PROP_64,YES,298,540,242,1,~  5FB,PROPOSITION 64 MARIJUAN,YES,297,542,1,-2,1,2,66,1.52%,5FB.PROPOSITION 64 MARIJUANA LEGALIZATION. INITIATIVE STATUTE..YES
000104 ,2,3,011 012 090 091 202 203 227 229 240,PROP_65,NO,319,540,221,1,~  5FB,PROPOSITION 65 CARRYOUT,NO,318,542,1,-2,1,2,123,0.81%,5FB.PROPOSITION 65 CARRYOUT BAGS. CHARGES. INITIATIVE STATUTE..NO
000104 ,1,1,011 012 090 091 202 203 227 229 240,USSEN,LORETTA_L_SANCHEZ,126,542,416,0,~  5FB,US SENATOR,LORETTA L. SANCHEZ,125,542,1,0,1,0,188,0.53%,5FB.US SENATOR.LORETTA L. SANCHEZ
000105 ,2,3,037 220 223 229,MEAS_R,YES,40,93,53,0,~  5GP,MEASURE R HUMBOLDT COUN,YES,41,93,-1,0,1,0,1,100.00%,5GP.MEASURE R HUMBOLDT COUNTY FINANCE DEPARTMENT ELECTIVE OFFICE MEASURE..YES
000105 ,2,3,037 220 223 229,MEAS_U,YES,45,93,48,1,~  5GP,MEASURE U LOCAL TRANSPO,YES,44,93,1,0,1,0,2,50.00%,5GP.MEASURE U LOCAL TRANSPORTATION AUTHORITY RETAIL TRANSACTIONS AND USE TAX..YES
000105 ,1,2,037 220 223,PROP_58,NO,18,92,74,1,~  5GP,PROPOSITION 58 ENGLISH ,NO,17,93,1,-1,1,1,54,1.85%,5GP.PROPOSITION 58 ENGLISH PROFICIENCY. MULTILINGUAL EDUCATION. INITIATIVE STATUTE..NO
000105 ,1,2,037 220 223,PROP_63,NO,52,92,40,1,~  5GP,PROPOSITION 63 FIREARMS,NO,51,93,1,-1,1,1,12,8.33%,5GP.PROPOSITION 63 FIREARMS. AMMUNITION SALES. INITIATIVE STATUTE..NO
000105 ,2,3,037 220 223 229,PROP_65,YES,34,93,59,1,~  5GP,PROPOSITION 65 CARRYOUT,YES,33,93,1,0,1,0,27,3.70%,5GP.PROPOSITION 65 CARRYOUT BAGS. CHARGES. INITIATIVE STATUTE..YES
000105 ,2,3,037 220 223 229,PROP_66,YES,47,93,46,1,~  5GP,PROPOSITION 66 DEATH PE,YES,46,93,1,0,1,0,7,14.29%,5GP.PROPOSITION 66 DEATH PENALTY. PROCEDURES. INITIATIVE STATUTE..YES
000105 ,1,1,037 220 223,STATEASS2,KEN_ANTON,33,92,59,1,~  5GP,"STATE ASSEMBLY, DISTRIC",KEN ANTON,32,93,1,-1,1,1,21,4.76%,"5GP.STATE ASSEMBLY, DISTRICT 2.KEN ANTON"
000106 ,1,1,037 222 223,PROP_55,NO,17,69,52,1,~  5KT-1,PROPOSITION 55 TAX EXTE,NO,16,69,1,0,1,0,32,3.12%,5KT-1.PROPOSITION 55 TAX EXTENSION TO FUND EDUCATION AND HEALTHCARE. INITIATIVE CONSTITUTIONAL AMENDMENT..NO
000106 ,2,3,037 222 223,PROP_64,YES,41,69,28,1,~  5KT-1,PROPOSITION 64 MARIJUAN,YES,40,69,1,0,1,0,12,8.33%,5KT-1.PROPOSITION 64 MARIJUANA LEGALIZATION. INITIATIVE STATUTE..YES
000106 ,1,1,037 222 223,USREP,JARED_W_HUFFMAN,53,69,16,1,~  5KT-1,US REPRESENTATIVE IN CO,JARED W. HUFFMAN,52,69,1,0,1,0,38,2.63%,"5KT-1.US REPRESENTATIVE IN CONGRESS, DISTRICT 2.JARED W. HUFFMAN"
000107 ,1,1,036 037 222 223 229,PROP_54,YES,83,124,41,1,~  5KT-3,PROPOSITION 54 LEGISLAT,YES,82,124,1,0,1,0,50,2.00%,5KT-3.PROPOSITION 54 LEGISLATURE. LEGISLATION AND PROCEEDINGS. INITIATIVE CONSTITUTIONAL AMENDMENT AND.YES
000107 ,1,2,036 037 222 223 229,PROP_61,NO,41,124,83,2,~  5KT-3,PROPOSITION 61 STATE PR,NO,40,124,1,0,1,0,28,3.57%,5KT-3.PROPOSITION 61 STATE PRESCRIPTION DRUG PURCHASES. PRICING STANDARDS. INITIATIVE STATUTE..NO
000107 ,1,2,036 037 222 223 229,PROP_61,YES,69,124,55,2,~  5KT-3,PROPOSITION 61 STATE PR,YES,68,124,1,0,1,0,28,3.57%,5KT-3.PROPOSITION 61 STATE PRESCRIPTION DRUG PURCHASES. PRICING STANDARDS. INITIATIVE STATUTE..YES
000107 ,2,3,036 037 222 223,PROP_64,YES,71,123,52,1,~  5KT-3,PROPOSITION 64 MARIJUAN,YES,70,124,1,-1,1,1,21,4.76%,5KT-3.PROPOSITION 64 MARIJUANA LEGALIZATION. INITIATIVE STATUTE..YES
000107 ,2,3,036 037 222 223,PROP_66,NO,73,123,50,1,~  5KT-3,PROPOSITION 66 DEATH PE,NO,72,124,1,-1,1,1,41,2.44%,5KT-3.PROPOSITION 66 DEATH PENALTY. PROCEDURES. INITIATIVE STATUTE..NO
000107 ,2,3,036 037 222 223,PROP_66,YES,32,123,91,1,~  5KT-3,PROPOSITION 66 DEATH PE,YES,31,124,1,-1,1,1,41,2.44%,5KT-3.PROPOSITION 66 DEATH PENALTY. PROCEDURES. INITIATIVE STATUTE..YES
000107 ,1,1,036 037 222 223 229,STATEASS2,JIM_WOOD,75,124,49,1,~  5KT-3,"STATE ASSEMBLY, DISTRIC",JIM WOOD,74,124,1,0,1,0,42,2.38%,"5KT-3.STATE ASSEMBLY, DISTRICT 2.JIM WOOD"
000108 ,2,3,011 056 088 203 227 240,MEAS_Q,NO,225,482,257,2,~  5KT-4,MEASURE Q HUMBOLDT COUN,NO,224,485,1,-3,1,3,39,2.56%,5KT-4.MEASURE Q HUMBOLDT COUNTY CREATION OF FINANCE DEPARTMENT MEASURE..NO
000108 ,2,3,011 056 088 203 227 240,MEAS_Q,YES,186,482,296,2,~  5KT-4,MEASURE Q HUMBOLDT COUN,YES,185,485,1,-3,1,3,39,2.56%,5KT-4.MEASURE Q HUMBOLDT COUNTY CREATION OF FINANCE DEPARTMENT MEASURE..YES
000108 ,2,3,011 056 088 203 227 240,MEAS_S,YES,262,482,220,1,~  5KT-4,MEASURE S HUMBOLDT COUN,YES,261,485,1,-3,1,3,68,1.47%,5KT-4.MEASURE S HUMBOLDT COUNTY COMMERCIAL MARIJUANA CULTIVATION MEASURE..YES
000108 ,2,3,011 056 088 203 227 240,MEAS_U,NO,210,482,272,0,~  5KT-4,MEASURE U LOCAL TRANSPO,NO,211,485,-1,-3,1,3,13,7.69%,5KT-4.MEASURE U LOCAL TRANSPORTATION AUTHORITY RETAIL TRANSACTIONS AND USE TAX..NO
000108 ,2,3,011 056 088 203 227 240,MEAS_V,NO,209,482,273,1,~  5KT-4,MEASURE V MOBILE HOME P,NO,208,485,1,-3,1,3,27,3.70%,5KT-4.MEASURE V MOBILE HOME PARK SPACE RENT STABILIZATION..NO
000108 ,1,1,011 056 088 089 203 227 229 240,PRES,Write_in,22,485,463,1,~  5KT-4,PRESIDENT AND VICE PRES,Write_in,21,485,1,0,1,0,253,0.40%,5KT-4.PRESIDENT AND VICE PRESIDENT.Write_in
000108 ,1,1,011 056 088 089 203 227 229 240,PROP_51,NO,136,485,349,1,~  5KT-4,PROPOSITION 51 SCHOOL B,NO,135,485,1,0,1,0,176,0.57%,5KT-4.PROPOSITION 51 SCHOOL BONDS. FUNDING FOR K-12 SCHOOL AND COMMUNITY COLLEGE FACILITIES. INITIATIVE.NO
000108 ,1,1,011 056 088 089 203 227 229 240,PROP_51,YES,312,485,173,1,~  5KT-4,PROPOSITION 51 SCHOOL B,YES,311,485,1,0,1,0,176,0.57%,5KT-4.PROPOSITION 51 SCHOOL BONDS. FUNDING FOR K-12 SCHOOL AND COMMUNITY COLLEGE FACILITIES. INITIATIVE.YES
000108 ,1,1,011 056 088 089 203 227 229 240,PROP_53,NO,214,485,271,0,~  5KT-4,PROPOSITION 53 REVENUE ,NO,215,485,-1,0,1,0,1,100.00%,5KT-4.PROPOSITION 53 REVENUE BONDS. STATEWIDE VOTER APPROVAL. INITIATIVE CONSTITUTIONAL AMENDMENT..NO
000108 ,1,1,011 056 088 089 203 227 229 240,PROP_54,YES,245,485,240,0,~  5KT-4,PROPOSITION 54 LEGISLAT,YES,246,485,-1,0,1,0,67,1.49%,5KT-4.PROPOSITION 54 LEGISLATURE. LEGISLATION AND PROCEEDINGS. INITIATIVE CONSTITUTIONAL AMENDMENT AND.YES
000108 ,1,2,011 056 088 089 203 227 229 240,PROP_56,YES,263,485,222,1,~  5KT-4,PROPOSITION 56 CIGARETT,YES,262,485,1,0,1,0,68,1.47%,"5KT-4.PROPOSITION 56 CIGARETTE TAX TO FUND HEALTHCARE, TOBACCO USE PREVENTION, RESEARCH, AND.YES"
000108 ,1,2,011 056 088 089 203 227 229 240,PROP_61,YES,249,485,236,0,~  5KT-4,PROPOSITION 61 STATE PR,YES,248,485,1,0,1,0,65,1.54%,5KT-4.PROPOSITION 61 STATE PRESCRIPTION DRUG PURCHASES. PRICING STANDARDS. INITIATIVE STATUTE..YES
000108 ,2,3,011 056 088 203 227 240,PROP_65,YES,212,482,270,0,~  5KT-4,PROPOSITION 65 CARRYOUT,YES,213,485,-1,-3,1,3,13,7.69%,5KT-4.PROPOSITION 65 CARRYOUT BAGS. CHARGES. INITIATIVE STATUTE..YES
000108 ,2,3,011 056 088 203 227 240,PROP_66,NO,235,482,247,0,~  5KT-4,PROPOSITION 66 DEATH PE,NO,236,485,-1,-3,1,3,41,2.44%,5KT-4.PROPOSITION 66 DEATH PENALTY. PROCEDURES. INITIATIVE STATUTE..NO
000108 ,2,3,011 056 088 203 227 240,PROP_67,YES,256,482,226,1,~  5KT-4,PROPOSITION 67 BAN ON S,YES,255,485,1,-3,1,3,58,1.72%,5KT-4.PROPOSITION 67 BAN ON SINGLE-USE PLASTIC BAGS. REFERENDUM..YES
000108 ,1,1,011 056 088 089 203 227 229 240,USREP,JARED_W_HUFFMAN,374,485,111,0,~  5KT-4,US REPRESENTATIVE IN CO,JARED W. HUFFMAN,375,485,-1,0,1,0,303,0.33%,"5KT-4.US REPRESENTATIVE IN CONGRESS, DISTRICT 2.JARED W. HUFFMAN"
000108 ,1,1,011 056 088 089 203 227 229 240,USSEN,LORETTA_L_SANCHEZ,182,485,303,1,~  5KT-4,US SENATOR,LORETTA L. SANCHEZ,181,485,1,0,1,0,50,2.00%,5KT-4.US SENATOR.LORETTA L. SANCHEZ
000109 ,2,3,013 049 055 056 090 203 204 227 240 243,MEAS_Q,NO,384,789,405,1,~  5KT-6,MEASURE Q HUMBOLDT COUN,NO,383,788,1,1,1,1,86,1.16%,5KT-6.MEASURE Q HUMBOLDT COUNTY CREATION OF FINANCE DEPARTMENT MEASURE..NO
000109 ,2,3,013 049 055 056 090 203 204 227 240 243,MEAS_V,NO,417,789,372,1,~  5KT-6,MEASURE V MOBILE HOME P,NO,416,788,1,1,1,1,109,0.92%,5KT-6.MEASURE V MOBILE HOME PARK SPACE RENT STABILIZATION..NO
000109 ,2,3,013 049 055 056 090 203 204 227 240 243,MEAS_V,YES,308,789,481,1,~  5KT-6,MEASURE V MOBILE HOME P,YES,307,788,1,1,1,1,109,0.92%,5KT-6.MEASURE V MOBILE HOME PARK SPACE RENT STABILIZATION..YES
000109 ,1,1,013 049 055 056 089 090 203 204 227 229 240,PROP_51,YES,317,789,472,0,~  5KT-6,PROPOSITION 51 SCHOOL B,YES,318,788,-1,1,1,1,106,0.94%,5KT-6.PROPOSITION 51 SCHOOL BONDS. FUNDING FOR K-12 SCHOOL AND COMMUNITY COLLEGE FACILITIES. INITIATIVE.YES
000109 ,1,1,013 049 055 056 089 090 203 204 227 229 240,PROP_53,NO,325,789,464,1,~  5KT-6,PROPOSITION 53 REVENUE ,NO,324,788,1,1,1,1,61,1.64%,5KT-6.PROPOSITION 53 REVENUE BONDS. STATEWIDE VOTER APPROVAL. INITIATIVE CONSTITUTIONAL AMENDMENT..NO
000109 ,1,1,013 049 055 056 089 090 203 204 227 229 240,PROP_55,YES,443,789,346,1,~  5KT-6,PROPOSITION 55 TAX EXTE,YES,442,788,1,1,1,1,148,0.68%,5KT-6.PROPOSITION 55 TAX EXTENSION TO FUND EDUCATION AND HEALTHCARE. INITIATIVE CONSTITUTIONAL AMENDMENT..YES
000109 ,1,2,013 049 055 056 089 090 203 204 227 229 240,PROP_56,YES,382,788,406,3,~  5KT-6,PROPOSITION 56 CIGARETT,YES,381,788,1,0,1,0,20,5.00%,"5KT-6.PROPOSITION 56 CIGARETTE TAX TO FUND HEALTHCARE, TOBACCO USE PREVENTION, RESEARCH, AND.YES"
000109 ,1,2,013 049 055 056 089 090 203 204 227 229 240,PROP_57,YES,476,788,312,1,~  5KT-6,PROPOSITION 57 CRIMINAL,YES,475,788,1,0,1,0,228,0.44%,5KT-6.PROPOSITION 57 CRIMINAL SENTENCES. PAROLE. JUVENILE CRIMINAL PROCEEDINGS AND SENTENCING. INITIATIVE.YES
000109 ,1,2,013 049 055 056 089 090 203 204 227 229 240,PROP_58,NO,212,788,576,1,~  5KT-6,PROPOSITION 58 ENGLISH ,NO,211,788,1,0,1,0,301,0.33%,5KT-6.PROPOSITION 58 ENGLISH PROFICIENCY. MULTILINGUAL EDUCATION. INITIATIVE STATUTE..NO
000109 ,1,2,013 049 055 056 089 090 203 204 227 229 240,PROP_59,YES,355,788,433,1,~  5KT-6,PROPOSITION 59 CORPORAT,YES,354,788,1,0,1,0,18,5.56%,5KT-6.PROPOSITION 59 CORPORATIONS. POLITICAL SPENDING. FEDERAL CONSTITUTIONAL PROTECTIONS..YES
000109 ,1,2,013 049 055 056 089 090 203 204 227 229 240,PROP_60,NO,413,788,375,1,~  5KT-6,PROPOSITION 60 ADULT FI,NO,412,788,1,0,1,0,132,0.76%,5KT-6.PROPOSITION 60 ADULT FILMS. CONDOMS. HEALTH REQUIREMENTS. INITIATIVE STATUTE..NO
000109 ,1,2,013 049 055 056 089 090 203 204 227 229 240,PROP_61,YES,314,788,474,0,~  5KT-6,PROPOSITION 61 STATE PR,YES,313,788,1,0,1,0,67,1.49%,5KT-6.PROPOSITION 61 STATE PRESCRIPTION DRUG PURCHASES. PRICING STANDARDS. INITIATIVE STATUTE..YES
000109 ,1,2,013 049 055 056 089 090 203 204 227 229 240,PROP_62,YES,308,788,480,2,~  5KT-6,PROPOSITION 62 DEATH PE,YES,309,788,-1,0,1,0,113,0.88%,5KT-6.PROPOSITION 62 DEATH PENALTY. INITIATIVE STATUTE..YES
000109 ,2,3,013 049 055 056 090 203 204 227 240 243,PROP_64,NO,427,789,362,2,~  5KT-6,PROPOSITION 64 MARIJUAN,NO,426,788,1,1,1,1,75,1.33%,5KT-6.PROPOSITION 64 MARIJUANA LEGALIZATION. INITIATIVE STATUTE..NO
000109 ,2,3,013 049 055 056 090 203 204 227 240 243,PROP_64,YES,352,789,437,2,~  5KT-6,PROPOSITION 64 MARIJUAN,YES,351,788,1,1,1,1,75,1.33%,5KT-6.PROPOSITION 64 MARIJUANA LEGALIZATION. INITIATIVE STATUTE..YES
000109 ,2,3,013 049 055 056 090 203 204 227 240 243,PROP_66,YES,305,789,484,1,~  5KT-6,PROPOSITION 66 DEATH PE,YES,304,788,1,1,1,1,89,1.12%,5KT-6.PROPOSITION 66 DEATH PENALTY. PROCEDURES. INITIATIVE STATUTE..YES
000109 ,2,3,013 049 055 056 090 203 204 227 240 243,PROP_67,NO,375,789,414,1,~  5KT-6,PROPOSITION 67 BAN ON S,NO,374,788,1,1,1,1,3,33.33%,5KT-6.PROPOSITION 67 BAN ON SINGLE-USE PLASTIC BAGS. REFERENDUM..NO
000109 ,1,1,013 049 055 056 089 090 203 204 227 229 240,STATEASS2,KEN_ANTON,255,789,534,1,~  5KT-6,"STATE ASSEMBLY, DISTRIC",KEN ANTON,254,788,1,1,1,1,154,0.65%,"5KT-6.STATE ASSEMBLY, DISTRICT 2.KEN ANTON"
000109 ,1,1,013 049 055 056 089 090 203 204 227 229 240,USREP,JARED_W_HUFFMAN,452,789,337,0,~  5KT-6,US REPRESENTATIVE IN CO,JARED W. HUFFMAN,451,788,1,1,1,1,182,0.55%,"5KT-6.US REPRESENTATIVE IN CONGRESS, DISTRICT 2.JARED W. HUFFMAN"
000110 ,2,3,036 222 223,MEAS_U,NO,55,102,47,1,~  5KTS3,MEASURE U LOCAL TRANSPO,NO,54,103,1,-1,1,1,10,10.00%,5KTS3.MEASURE U LOCAL TRANSPORTATION AUTHORITY RETAIL TRANSACTIONS AND USE TAX..NO
000110 ,1,1,036 222 223 229,PROP_52,NO,20,103,83,1,~  5KTS3,PROPOSITION 52 MEDI-CAL,NO,19,103,1,0,1,0,61,1.64%,5KTS3.PROPOSITION 52 MEDI-CAL HOSPITAL FEE PROGRAM. INITIATIVE CONSTITUTIONAL AMENDMENT AND STATUTE..NO
000110 ,1,1,036 222 223 229,PROP_52,YES,81,103,22,1,~  5KTS3,PROPOSITION 52 MEDI-CAL,YES,80,103,1,0,1,0,61,1.64%,5KTS3.PROPOSITION 52 MEDI-CAL HOSPITAL FEE PROGRAM. INITIATIVE CONSTITUTIONAL AMENDMENT AND STATUTE..YES
000110 ,1,1,036 222 223 229,PROP_53,YES,51,103,52,1,~  5KTS3,PROPOSITION 53 REVENUE ,YES,50,103,1,0,1,0,2,50.00%,5KTS3.PROPOSITION 53 REVENUE BONDS. STATEWIDE VOTER APPROVAL. INITIATIVE CONSTITUTIONAL AMENDMENT..YES
000110 ,1,2,036 222 223 229,PROP_61,YES,70,103,33,1,~  5KTS3,PROPOSITION 61 STATE PR,YES,69,103,1,0,1,0,41,2.44%,5KTS3.PROPOSITION 61 STATE PRESCRIPTION DRUG PURCHASES. PRICING STANDARDS. INITIATIVE STATUTE..YES
000110 ,2,3,036 222 223,PROP_67,YES,61,102,41,1,~  5KTS3,PROPOSITION 67 BAN ON S,YES,60,103,1,-1,1,1,21,4.76%,5KTS3.PROPOSITION 67 BAN ON SINGLE-USE PLASTIC BAGS. REFERENDUM..YES
000111 ,1,2,036 222 223,PROP_62,NO,13,24,11,1,~  5MC,PROPOSITION 62 DEATH PE,NO,12,25,1,-1,1,1,1,100.00%,5MC.PROPOSITION 62 DEATH PENALTY. INITIATIVE STATUTE..NO
000111 ,1,2,036 222 223,PROP_62,YES,12,24,12,1,~  5MC,PROPOSITION 62 DEATH PE,YES,11,25,1,-1,1,1,1,100.00%,5MC.PROPOSITION 62 DEATH PENALTY. INITIATIVE STATUTE..YES
000112 ,2,3,012 013 049 093 094 204 205 227 240,MEAS_Q,NO,358,823,465,0,~  5MK-1,MEASURE Q HUMBOLDT COUN,NO,359,831,-1,-8,1,8,10,10.00%,5MK-1.MEASURE Q HUMBOLDT COUNTY CREATION OF FINANCE DEPARTMENT MEASURE..NO
000112 ,2,3,012 013 049 093 094 204 205 227 240,MEAS_R,NO,354,823,469,1,~  5MK-1,MEASURE R HUMBOLDT COUN,NO,353,831,1,-8,1,8,6,16.67%,5MK-1.MEASURE R HUMBOLDT COUNTY FINANCE DEPARTMENT ELECTIVE OFFICE MEASURE..NO
000112 ,2,3,012 013 049 093 094 204 205 227 240,MEAS_R,YES,348,823,475,1,~  5MK-1,MEASURE R HUMBOLDT COUN,YES,347,831,1,-8,1,8,6,16.67%,5MK-1.MEASURE R HUMBOLDT COUNTY FINANCE DEPARTMENT ELECTIVE OFFICE MEASURE..YES
000112 ,2,3,012 013 049 093 094 204 205 227 240,MEAS_S,YES,546,823,277,0,~  5MK-1,MEASURE S HUMBOLDT COUN,YES,547,831,-1,-8,1,8,303,0.33%,5MK-1.MEASURE S HUMBOLDT COUNTY COMMERCIAL MARIJUANA CULTIVATION MEASURE..YES
000112 ,2,3,012 013 049 093 094 204 205 227 240,MEAS_U,NO,374,823,449,0,~  5MK-1,MEASURE U LOCAL TRANSPO,NO,373,831,1,-8,1,8,18,5.56%,5MK-1.MEASURE U LOCAL TRANSPORTATION AUTHORITY RETAIL TRANSACTIONS AND USE TAX..NO
000112 ,2,3,012 013 049 093 094 204 205 227 240,MEAS_U,YES,390,823,433,0,~  5MK-1,MEASURE U LOCAL TRANSPO,YES,391,831,-1,-8,1,8,18,5.56%,5MK-1.MEASURE U LOCAL TRANSPORTATION AUTHORITY RETAIL TRANSACTIONS AND USE TAX..YES
000112 ,2,3,012 013 049 093 094 204 205 227 240,MEAS_V,YES,441,823,382,0,~  5MK-1,MEASURE V MOBILE HOME P,YES,442,831,-1,-8,1,8,119,0.84%,5MK-1.MEASURE V MOBILE HOME PARK SPACE RENT STABILIZATION..YES
000112 ,1,1,012 013 049 092 093 204 205 227 229 240,PROP_52,YES,557,830,273,0,~  5MK-1,PROPOSITION 52 MEDI-CAL,YES,558,831,-1,-1,1,1,337,0.30%,5MK-1.PROPOSITION 52 MEDI-CAL HOSPITAL FEE PROGRAM. INITIATIVE CONSTITUTIONAL AMENDMENT AND STATUTE..YES
000112 ,1,1,012 013 049 092 093 204 205 227 229 240,PROP_53,YES,331,830,499,2,~  5MK-1,PROPOSITION 53 REVENUE ,YES,330,831,1,-1,1,1,89,1.12%,5MK-1.PROPOSITION 53 REVENUE BONDS. STATEWIDE VOTER APPROVAL. INITIATIVE CONSTITUTIONAL AMENDMENT..YES
000112 ,1,1,012 013 049 092 093 204 205 227 229 240,PROP_54,YES,477,830,353,0,~  5MK-1,PROPOSITION 54 LEGISLAT,YES,478,831,-1,-1,1,1,176,0.57%,5MK-1.PROPOSITION 54 LEGISLATURE. LEGISLATION AND PROCEEDINGS. INITIATIVE CONSTITUTIONAL AMENDMENT AND.YES
000112 ,1,2,012 013 049 092 093 204 205 227 229 240,PROP_57,YES,541,831,290,2,~  5MK-1,PROPOSITION 57 CRIMINAL,YES,540,831,1,0,1,0,299,0.33%,5MK-1.PROPOSITION 57 CRIMINAL SENTENCES. PAROLE. JUVENILE CRIMINAL PROCEEDINGS AND SENTENCING. INITIATIVE.YES
000112 ,1,2,012 013 049 092 093 204 205 227 229 240,PROP_58,NO,170,831,661,1,~  5MK-1,PROPOSITION 58 ENGLISH ,NO,169,831,1,0,1,0,443,0.23%,5MK-1.PROPOSITION 58 ENGLISH PROFICIENCY. MULTILINGUAL EDUCATION. INITIATIVE STATUTE..NO
000112 ,1,2,012 013 049 092 093 204 205 227 229 240,PROP_60,YES,287,831,544,1,~  5MK-1,PROPOSITION 60 ADULT FI,YES,286,831,1,0,1,0,188,0.53%,5MK-1.PROPOSITION 60 ADULT FILMS. CONDOMS. HEALTH REQUIREMENTS. INITIATIVE STATUTE..YES
000112 ,1,2,012 013 049 092 093 204 205 227 229 240,PROP_61,NO,323,831,508,1,~  5MK-1,PROPOSITION 61 STATE PR,NO,322,831,1,0,1,0,100,1.00%,5MK-1.PROPOSITION 61 STATE PRESCRIPTION DRUG PURCHASES. PRICING STANDARDS. INITIATIVE STATUTE..NO
000112 ,1,2,012 013 049 092 093 204 205 227 229 240,PROP_61,YES,423,831,408,1,~  5MK-1,PROPOSITION 61 STATE PR,YES,422,831,1,0,1,0,100,1.00%,5MK-1.PROPOSITION 61 STATE PRESCRIPTION DRUG PURCHASES. PRICING STANDARDS. INITIATIVE STATUTE..YES
000112 ,1,2,012 013 049 092 093 204 205 227 229 240,PROP_62,NO,375,831,456,1,~  5MK-1,PROPOSITION 62 DEATH PE,NO,374,831,1,0,1,0,27,3.70%,5MK-1.PROPOSITION 62 DEATH PENALTY. INITIATIVE STATUTE..NO
000112 ,1,2,012 013 049 092 093 204 205 227 229 240,PROP_62,YES,402,831,429,1,~  5MK-1,PROPOSITION 62 DEATH PE,YES,401,831,1,0,1,0,27,3.70%,5MK-1.PROPOSITION 62 DEATH PENALTY. INITIATIVE STATUTE..YES
000112 ,2,3,012 013 049 093 094 204 205 227 240,PROP_65,NO,448,823,375,0,~  5MK-1,PROPOSITION 65 CARRYOUT,NO,449,831,-1,-8,1,8,116,0.86%,5MK-1.PROPOSITION 65 CARRYOUT BAGS. CHARGES. INITIATIVE STATUTE..NO
000112 ,2,3,012 013 049 093 094 204 205 227 240,PROP_66,NO,435,823,388,0,~  5MK-1,PROPOSITION 66 DEATH PE,NO,436,831,-1,-8,1,8,128,0.78%,5MK-1.PROPOSITION 66 DEATH PENALTY. PROCEDURES. INITIATIVE STATUTE..NO
000112 ,1,1,012 013 049 092 093 204 205 227 229 240,USSEN,LORETTA_L_SANCHEZ,218,830,612,2,~  5MK-1,US SENATOR,LORETTA L. SANCHEZ,217,831,1,-1,1,1,273,0.37%,5MK-1.US SENATOR.LORETTA L. SANCHEZ
000113 ,2,3,014 051 091 092 205 206 227 229 240,MEAS_R,NO,340,753,413,0,~  5MK-2,MEASURE R HUMBOLDT COUN,NO,339,755,1,-2,1,2,40,2.50%,5MK-2.MEASURE R HUMBOLDT COUNTY FINANCE DEPARTMENT ELECTIVE OFFICE MEASURE..NO
000113 ,2,3,014 051 091 092 205 206 227 229 240,MEAS_R,YES,300,753,453,0,~  5MK-2,MEASURE R HUMBOLDT COUN,YES,299,755,1,-2,1,2,40,2.50%,5MK-2.MEASURE R HUMBOLDT COUNTY FINANCE DEPARTMENT ELECTIVE OFFICE MEASURE..YES
000113 ,1,1,014 051 092 205 206 227 229 240,PROP_54,YES,444,746,302,1,~  5MK-2,PROPOSITION 54 LEGISLAT,YES,445,755,-1,-9,1,9,193,0.52%,5MK-2.PROPOSITION 54 LEGISLATURE. LEGISLATION AND PROCEEDINGS. INITIATIVE CONSTITUTIONAL AMENDMENT AND.YES
000113 ,1,2,014 051 092 205 206 227 229 240,PROP_56,NO,260,754,494,3,~  5MK-2,PROPOSITION 56 CIGARETT,NO,259,755,1,-1,1,1,213,0.47%,"5MK-2.PROPOSITION 56 CIGARETTE TAX TO FUND HEALTHCARE, TOBACCO USE PREVENTION, RESEARCH, AND.NO"
000113 ,1,2,014 051 092 205 206 227 229 240,PROP_58,NO,171,754,583,1,~  5MK-2,PROPOSITION 58 ENGLISH ,NO,170,755,1,-1,1,1,366,0.27%,5MK-2.PROPOSITION 58 ENGLISH PROFICIENCY. MULTILINGUAL EDUCATION. INITIATIVE STATUTE..NO
000113 ,1,2,014 051 092 205 206 227 229 240,PROP_60,NO,430,754,324,3,~  5MK-2,PROPOSITION 60 ADULT FI,NO,431,755,-1,-1,1,1,188,0.53%,5MK-2.PROPOSITION 60 ADULT FILMS. CONDOMS. HEALTH REQUIREMENTS. INITIATIVE STATUTE..NO
000113 ,1,2,014 051 092 205 206 227 229 240,PROP_61,NO,323,754,431,1,~  5MK-2,PROPOSITION 61 STATE PR,NO,324,755,-1,-1,1,1,42,2.38%,5MK-2.PROPOSITION 61 STATE PRESCRIPTION DRUG PURCHASES. PRICING STANDARDS. INITIATIVE STATUTE..NO
000113 ,1,2,014 051 092 205 206 227 229 240,PROP_61,YES,367,754,387,1,~  5MK-2,PROPOSITION 61 STATE PR,YES,366,755,1,-1,1,1,42,2.38%,5MK-2.PROPOSITION 61 STATE PRESCRIPTION DRUG PURCHASES. PRICING STANDARDS. INITIATIVE STATUTE..YES
000113 ,1,2,014 051 092 205 206 227 229 240,PROP_62,YES,371,754,383,3,~  5MK-2,PROPOSITION 62 DEATH PE,YES,372,755,-1,-1,1,1,36,2.78%,5MK-2.PROPOSITION 62 DEATH PENALTY. INITIATIVE STATUTE..YES
000113 ,1,2,014 051 092 205 206 227 229 240,PROP_63,YES,378,754,376,0,~  5MK-2,PROPOSITION 63 FIREARMS,YES,379,755,-1,-1,1,1,27,3.70%,5MK-2.PROPOSITION 63 FIREARMS. AMMUNITION SALES. INITIATIVE STATUTE..YES
000113 ,2,3,014 051 091 092 205 206 227 229 240,PROP_64,NO,310,753,443,3,~  5MK-2,PROPOSITION 64 MARIJUAN,NO,309,755,1,-2,1,2,116,0.86%,5MK-2.PROPOSITION 64 MARIJUANA LEGALIZATION. INITIATIVE STATUTE..NO
000113 ,2,3,014 051 091 092 205 206 227 229 240,PROP_66,YES,281,753,472,1,~  5MK-2,PROPOSITION 66 DEATH PE,YES,280,755,1,-2,1,2,111,0.90%,5MK-2.PROPOSITION 66 DEATH PENALTY. PROCEDURES. INITIATIVE STATUTE..YES
000113 ,2,3,014 051 091 092 205 206 227 229 240,PROP_67,NO,285,753,468,1,~  5MK-2,PROPOSITION 67 BAN ON S,NO,284,755,1,-2,1,2,158,0.63%,5MK-2.PROPOSITION 67 BAN ON SINGLE-USE PLASTIC BAGS. REFERENDUM..NO
000113 ,1,1,014 051 092 205 206 227 229 240,USSEN,LORETTA_L_SANCHEZ,180,746,566,2,~  5MK-2,US SENATOR,LORETTA L. SANCHEZ,179,755,1,-9,1,9,228,0.44%,5MK-2.US SENATOR.LORETTA L. SANCHEZ
000114 ,2,3,013 014 051 093 106 206 227 240,MEAS_Q,NO,255,555,300,1,~  5MK-3,MEASURE Q HUMBOLDT COUN,NO,254,557,1,-2,1,2,50,2.00%,5MK-3.MEASURE Q HUMBOLDT COUNTY CREATION OF FINANCE DEPARTMENT MEASURE..NO
000114 ,2,3,013 014 051 093 106 206 227 240,MEAS_Q,YES,205,555,350,1,~  5MK-3,MEASURE Q HUMBOLDT COUN,YES,204,557,1,-2,1,2,50,2.00%,5MK-3.MEASURE Q HUMBOLDT COUNTY CREATION OF FINANCE DEPARTMENT MEASURE..YES
000114 ,2,3,013 014 051 093 106 206 227 240,MEAS_V,YES,315,555,240,1,~  5MK-3,MEASURE V MOBILE HOME P,YES,314,557,1,-2,1,2,122,0.82%,5MK-3.MEASURE V MOBILE HOME PARK SPACE RENT STABILIZATION..YES
000114 ,1,1,013 014 051 093 106 206 227 229 240,PRES,HILLARY_CLINTON,338,557,219,1,~  5MK-3,PRESIDENT AND VICE PRES,HILLARY CLINTON      ,337,557,1,0,1,0,200,0.50%,5MK-3.PRESIDENT AND VICE PRESIDENT.HILLARY CLINTON      and TIM KAINE
000114 ,1,1,013 014 051 093 106 206 227 229 240,PROP_51,NO,253,557,304,0,~  5MK-3,PROPOSITION 51 SCHOOL B,NO,254,557,-1,0,1,0,17,5.88%,5MK-3.PROPOSITION 51 SCHOOL BONDS. FUNDING FOR K-12 SCHOOL AND COMMUNITY COLLEGE FACILITIES. INITIATIVE.NO
000114 ,1,1,013 014 051 093 106 206 227 229 240,PROP_51,YES,272,557,285,0,~  5MK-3,PROPOSITION 51 SCHOOL B,YES,271,557,1,0,1,0,17,5.88%,5MK-3.PROPOSITION 51 SCHOOL BONDS. FUNDING FOR K-12 SCHOOL AND COMMUNITY COLLEGE FACILITIES. INITIATIVE.YES
000114 ,1,1,013 014 051 093 106 206 227 229 240,PROP_52,NO,148,557,409,2,~  5MK-3,PROPOSITION 52 MEDI-CAL,NO,147,557,1,0,1,0,222,0.45%,5MK-3.PROPOSITION 52 MEDI-CAL HOSPITAL FEE PROGRAM. INITIATIVE CONSTITUTIONAL AMENDMENT AND STATUTE..NO
000114 ,1,2,013 014 051 093 106 206 227 229 240,PROP_57,NO,152,557,405,1,~  5MK-3,PROPOSITION 57 CRIMINAL,NO,151,557,1,0,1,0,219,0.46%,5MK-3.PROPOSITION 57 CRIMINAL SENTENCES. PAROLE. JUVENILE CRIMINAL PROCEEDINGS AND SENTENCING. INITIATIVE.NO
000114 ,1,2,013 014 051 093 106 206 227 229 240,PROP_57,YES,371,557,186,1,~  5MK-3,PROPOSITION 57 CRIMINAL,YES,370,557,1,0,1,0,219,0.46%,5MK-3.PROPOSITION 57 CRIMINAL SENTENCES. PAROLE. JUVENILE CRIMINAL PROCEEDINGS AND SENTENCING. INITIATIVE.YES
000114 ,1,2,013 014 051 093 106 206 227 229 240,PROP_59,NO,171,557,386,1,~  5MK-3,PROPOSITION 59 CORPORAT,NO,170,557,1,0,1,0,158,0.63%,5MK-3.PROPOSITION 59 CORPORATIONS. POLITICAL SPENDING. FEDERAL CONSTITUTIONAL PROTECTIONS..NO
000114 ,1,2,013 014 051 093 106 206 227 229 240,PROP_61,NO,188,557,369,2,~  5MK-3,PROPOSITION 61 STATE PR,NO,187,557,1,0,1,0,118,0.85%,5MK-3.PROPOSITION 61 STATE PRESCRIPTION DRUG PURCHASES. PRICING STANDARDS. INITIATIVE STATUTE..NO
000114 ,1,2,013 014 051 093 106 206 227 229 240,PROP_61,YES,306,557,251,2,~  5MK-3,PROPOSITION 61 STATE PR,YES,305,557,1,0,1,0,118,0.85%,5MK-3.PROPOSITION 61 STATE PRESCRIPTION DRUG PURCHASES. PRICING STANDARDS. INITIATIVE STATUTE..YES
000114 ,1,2,013 014 051 093 106 206 227 229 240,PROP_62,NO,226,557,331,1,~  5MK-3,PROPOSITION 62 DEATH PE,NO,225,557,1,0,1,0,71,1.41%,5MK-3.PROPOSITION 62 DEATH PENALTY. INITIATIVE STATUTE..NO
000114 ,1,2,013 014 051 093 106 206 227 229 240,PROP_62,YES,297,557,260,1,~  5MK-3,PROPOSITION 62 DEATH PE,YES,296,557,1,0,1,0,71,1.41%,5MK-3.PROPOSITION 62 DEATH PENALTY. INITIATIVE STATUTE..YES
000114 ,1,2,013 014 051 093 106 206 227 229 240,PROP_63,NO,243,557,314,1,~  5MK-3,PROPOSITION 63 FIREARMS,NO,242,557,1,0,1,0,43,2.33%,5MK-3.PROPOSITION 63 FIREARMS. AMMUNITION SALES. INITIATIVE STATUTE..NO
000114 ,2,3,013 014 051 093 106 206 227 240,PROP_64,NO,211,555,344,2,~  5MK-3,PROPOSITION 64 MARIJUAN,NO,210,557,1,-2,1,2,125,0.80%,5MK-3.PROPOSITION 64 MARIJUANA LEGALIZATION. INITIATIVE STATUTE..NO
000114 ,2,3,013 014 051 093 106 206 227 240,PROP_64,YES,336,555,219,2,~  5MK-3,PROPOSITION 64 MARIJUAN,YES,335,557,1,-2,1,2,125,0.80%,5MK-3.PROPOSITION 64 MARIJUANA LEGALIZATION. INITIATIVE STATUTE..YES
000114 ,2,3,013 014 051 093 106 206 227 240,PROP_66,NO,323,555,232,2,~  5MK-3,PROPOSITION 66 DEATH PE,NO,322,557,1,-2,1,2,145,0.69%,5MK-3.PROPOSITION 66 DEATH PENALTY. PROCEDURES. INITIATIVE STATUTE..NO
000114 ,2,3,013 014 051 093 106 206 227 240,PROP_66,YES,178,555,377,2,~  5MK-3,PROPOSITION 66 DEATH PE,YES,177,557,1,-2,1,2,145,0.69%,5MK-3.PROPOSITION 66 DEATH PENALTY. PROCEDURES. INITIATIVE STATUTE..YES
000114 ,2,3,013 014 051 093 106 206 227 240,PROP_67,NO,189,555,366,1,~  5MK-3,PROPOSITION 67 BAN ON S,NO,188,557,1,-2,1,2,159,0.63%,5MK-3.PROPOSITION 67 BAN ON SINGLE-USE PLASTIC BAGS. REFERENDUM..NO
000114 ,1,1,013 014 051 093 106 206 227 229 240,STATEASS2,JIM_WOOD,351,557,206,1,~  5MK-3,"STATE ASSEMBLY, DISTRIC",JIM WOOD,350,557,1,0,1,0,224,0.45%,"5MK-3.STATE ASSEMBLY, DISTRICT 2.JIM WOOD"
000114 ,1,1,013 014 051 093 106 206 227 229 240,USSEN,LORETTA_L_SANCHEZ,128,557,429,1,~  5MK-3,US SENATOR,LORETTA L. SANCHEZ,129,557,-1,0,1,0,198,0.51%,5MK-3.US SENATOR.LORETTA L. SANCHEZ
000115 ,2,3,014 015 050 051 096 206 207 227 240,MEAS_Q,YES,342,858,516,0,~  5MK-4,MEASURE Q HUMBOLDT COUN,YES,343,860,-1,-2,1,2,46,2.17%,5MK-4.MEASURE Q HUMBOLDT COUNTY CREATION OF FINANCE DEPARTMENT MEASURE..YES
000115 ,2,3,014 015 050 051 096 206 207 227 240,MEAS_V,YES,405,858,453,2,~  5MK-4,MEASURE V MOBILE HOME P,YES,404,860,1,-2,1,2,13,7.69%,5MK-4.MEASURE V MOBILE HOME PARK SPACE RENT STABILIZATION..YES
000115 ,1,1,014 015 050 051 095 096 206 207 227 240,PRES,DONALD_J_TRUMP,275,860,585,2,~  5MK-4,PRESIDENT AND VICE PRES,DONALD J. TRUMP      ,274,860,1,0,1,0,202,0.50%,5MK-4.PRESIDENT AND VICE PRESIDENT.DONALD J. TRUMP      and MICHAEL R. PENCE
000115 ,1,1,014 015 050 051 095 096 206 207 227 240,PRES,Write_in,25,860,835,0,~  5MK-4,PRESIDENT AND VICE PRES,Write_in,26,860,-1,0,1,0,202,0.50%,5MK-4.PRESIDENT AND VICE PRESIDENT.Write_in
000115 ,1,1,014 015 050 051 095 096 206 207 227 240,PROP_51,NO,404,860,456,1,~  5MK-4,PROPOSITION 51 SCHOOL B,NO,403,860,1,0,1,0,6,16.67%,5MK-4.PROPOSITION 51 SCHOOL BONDS. FUNDING FOR K-12 SCHOOL AND COMMUNITY COLLEGE FACILITIES. INITIATIVE.NO
000115 ,1,2,014 015 050 051 095 096 206 207 227 240,PROP_58,YES,625,860,235,2,~  5MK-4,PROPOSITION 58 ENGLISH ,YES,624,860,1,0,1,0,436,0.23%,5MK-4.PROPOSITION 58 ENGLISH PROFICIENCY. MULTILINGUAL EDUCATION. INITIATIVE STATUTE..YES
000115 ,1,2,014 015 050 051 095 096 206 207 227 240,PROP_59,YES,435,860,425,3,~  5MK-4,PROPOSITION 59 CORPORAT,YES,434,860,1,0,1,0,95,1.05%,5MK-4.PROPOSITION 59 CORPORATIONS. POLITICAL SPENDING. FEDERAL CONSTITUTIONAL PROTECTIONS..YES
000115 ,1,2,014 015 050 051 095 096 206 207 227 240,PROP_60,NO,485,860,375,1,~  5MK-4,PROPOSITION 60 ADULT FI,NO,484,860,1,0,1,0,193,0.52%,5MK-4.PROPOSITION 60 ADULT FILMS. CONDOMS. HEALTH REQUIREMENTS. INITIATIVE STATUTE..NO
000115 ,1,2,014 015 050 051 095 096 206 207 227 240,PROP_60,YES,292,860,568,1,~  5MK-4,PROPOSITION 60 ADULT FI,YES,291,860,1,0,1,0,193,0.52%,5MK-4.PROPOSITION 60 ADULT FILMS. CONDOMS. HEALTH REQUIREMENTS. INITIATIVE STATUTE..YES
000115 ,1,2,014 015 050 051 095 096 206 207 227 240,PROP_62,NO,408,860,452,2,~  5MK-4,PROPOSITION 62 DEATH PE,NO,407,860,1,0,1,0,1,100.00%,5MK-4.PROPOSITION 62 DEATH PENALTY. INITIATIVE STATUTE..NO
000115 ,2,3,014 015 050 051 096 206 207 227 240,PROP_64,NO,317,858,541,1,~  5MK-4,PROPOSITION 64 MARIJUAN,NO,316,860,1,-2,1,2,207,0.48%,5MK-4.PROPOSITION 64 MARIJUANA LEGALIZATION. INITIATIVE STATUTE..NO
000115 ,2,3,014 015 050 051 096 206 207 227 240,PROP_65,NO,462,858,396,3,~  5MK-4,PROPOSITION 65 CARRYOUT,NO,461,860,1,-2,1,2,104,0.96%,5MK-4.PROPOSITION 65 CARRYOUT BAGS. CHARGES. INITIATIVE STATUTE..NO
000116 ,2,3,014 050 107 207 208 227 228 241,MEAS_Q,YES,217,558,341,1,~  5MK-4A,MEASURE Q HUMBOLDT COUN,YES,216,558,1,0,1,0,44,2.27%,5MK-4A.MEASURE Q HUMBOLDT COUNTY CREATION OF FINANCE DEPARTMENT MEASURE..YES
000116 ,2,3,014 050 107 207 208 227 228 241,MEAS_U,YES,224,558,334,1,~  5MK-4A,MEASURE U LOCAL TRANSPO,YES,223,558,1,0,1,0,67,1.49%,5MK-4A.MEASURE U LOCAL TRANSPORTATION AUTHORITY RETAIL TRANSACTIONS AND USE TAX..YES
000116 ,2,3,014 050 107 207 208 227 228 241,MEAS_V,YES,259,558,299,0,~  5MK-4A,MEASURE V MOBILE HOME P,YES,260,558,-1,0,1,0,1,100.00%,5MK-4A.MEASURE V MOBILE HOME PARK SPACE RENT STABILIZATION..YES
000116 ,1,1,014 050 106 107 207 208 227 228 241,PROP_51,YES,276,558,282,2,~  5MK-4A,PROPOSITION 51 SCHOOL B,YES,275,558,1,0,1,0,12,8.33%,5MK-4A.PROPOSITION 51 SCHOOL BONDS. FUNDING FOR K-12 SCHOOL AND COMMUNITY COLLEGE FACILITIES. INITIATIVE.YES
000116 ,1,1,014 050 106 107 207 208 227 228 241,PROP_52,NO,154,558,404,1,~  5MK-4A,PROPOSITION 52 MEDI-CAL,NO,153,558,1,0,1,0,224,0.45%,5MK-4A.PROPOSITION 52 MEDI-CAL HOSPITAL FEE PROGRAM. INITIATIVE CONSTITUTIONAL AMENDMENT AND STATUTE..NO
000116 ,1,1,014 050 106 107 207 208 227 228 241,PROP_53,NO,280,558,278,3,~  5MK-4A,PROPOSITION 53 REVENUE ,NO,279,558,1,0,1,0,34,2.94%,5MK-4A.PROPOSITION 53 REVENUE BONDS. STATEWIDE VOTER APPROVAL. INITIATIVE CONSTITUTIONAL AMENDMENT..NO
000116 ,1,1,014 050 106 107 207 208 227 228 241,PROP_54,NO,205,558,353,2,~  5MK-4A,PROPOSITION 54 LEGISLAT,NO,204,558,1,0,1,0,114,0.88%,5MK-4A.PROPOSITION 54 LEGISLATURE. LEGISLATION AND PROCEEDINGS. INITIATIVE CONSTITUTIONAL AMENDMENT AND.NO
000116 ,1,1,014 050 106 107 207 208 227 228 241,PROP_55,NO,160,558,398,3,~  5MK-4A,PROPOSITION 55 TAX EXTE,NO,159,558,1,0,1,0,215,0.47%,5MK-4A.PROPOSITION 55 TAX EXTENSION TO FUND EDUCATION AND HEALTHCARE. INITIATIVE CONSTITUTIONAL AMENDMENT..NO
000116 ,1,2,014 050 106 107 207 208 227 228 241,PROP_56,NO,220,558,338,1,~  5MK-4A,PROPOSITION 56 CIGARETT,NO,219,558,1,0,1,0,99,1.01%,"5MK-4A.PROPOSITION 56 CIGARETTE TAX TO FUND HEALTHCARE, TOBACCO USE PREVENTION, RESEARCH, AND.NO"
000116 ,1,2,014 050 106 107 207 208 227 228 241,PROP_56,YES,319,558,239,1,~  5MK-4A,PROPOSITION 56 CIGARETT,YES,318,558,1,0,1,0,99,1.01%,"5MK-4A.PROPOSITION 56 CIGARETTE TAX TO FUND HEALTHCARE, TOBACCO USE PREVENTION, RESEARCH, AND.YES"
000116 ,1,2,014 050 106 107 207 208 227 228 241,PROP_57,NO,180,558,378,2,~  5MK-4A,PROPOSITION 57 CRIMINAL,NO,179,558,1,0,1,0,161,0.62%,5MK-4A.PROPOSITION 57 CRIMINAL SENTENCES. PAROLE. JUVENILE CRIMINAL PROCEEDINGS AND SENTENCING. INITIATIVE.NO
000116 ,1,2,014 050 106 107 207 208 227 228 241,PROP_57,YES,341,558,217,2,~  5MK-4A,PROPOSITION 57 CRIMINAL,YES,340,558,1,0,1,0,161,0.62%,5MK-4A.PROPOSITION 57 CRIMINAL SENTENCES. PAROLE. JUVENILE CRIMINAL PROCEEDINGS AND SENTENCING. INITIATIVE.YES
000116 ,1,2,014 050 106 107 207 208 227 228 241,PROP_59,NO,189,558,369,1,~  5MK-4A,PROPOSITION 59 CORPORAT,NO,188,558,1,0,1,0,122,0.82%,5MK-4A.PROPOSITION 59 CORPORATIONS. POLITICAL SPENDING. FEDERAL CONSTITUTIONAL PROTECTIONS..NO
000116 ,1,2,014 050 106 107 207 208 227 228 241,PROP_60,NO,334,558,224,2,~  5MK-4A,PROPOSITION 60 ADULT FI,NO,335,558,-1,0,1,0,159,0.63%,5MK-4A.PROPOSITION 60 ADULT FILMS. CONDOMS. HEALTH REQUIREMENTS. INITIATIVE STATUTE..NO
000116 ,1,2,014 050 106 107 207 208 227 228 241,PROP_61,YES,290,558,268,0,~  5MK-4A,PROPOSITION 61 STATE PR,YES,289,558,1,0,1,0,80,1.25%,5MK-4A.PROPOSITION 61 STATE PRESCRIPTION DRUG PURCHASES. PRICING STANDARDS. INITIATIVE STATUTE..YES
000116 ,2,3,014 050 107 207 208 227 228 241,PROP_65,NO,286,558,272,2,~  5MK-4A,PROPOSITION 65 CARRYOUT,NO,285,558,1,0,1,0,40,2.50%,5MK-4A.PROPOSITION 65 CARRYOUT BAGS. CHARGES. INITIATIVE STATUTE..NO
000116 ,2,3,014 050 107 207 208 227 228 241,PROP_66,NO,282,558,276,1,~  5MK-4A,PROPOSITION 66 DEATH PE,NO,281,558,1,0,1,0,61,1.64%,5MK-4A.PROPOSITION 66 DEATH PENALTY. PROCEDURES. INITIATIVE STATUTE..NO
000116 ,2,3,014 050 107 207 208 227 228 241,PROP_66,YES,221,558,337,1,~  5MK-4A,PROPOSITION 66 DEATH PE,YES,220,558,1,0,1,0,61,1.64%,5MK-4A.PROPOSITION 66 DEATH PENALTY. PROCEDURES. INITIATIVE STATUTE..YES
000116 ,1,1,014 050 106 107 207 208 227 228 241,STATEASS2,KEN_ANTON,144,558,414,1,~  5MK-4A,"STATE ASSEMBLY, DISTRIC",KEN ANTON,143,558,1,0,1,0,192,0.52%,"5MK-4A.STATE ASSEMBLY, DISTRICT 2.KEN ANTON"
000116 ,1,1,014 050 106 107 207 208 227 228 241,USREP,DALE_K_MENSING,139,558,419,1,~  5MK-4A,US REPRESENTATIVE IN CO,DALE K. MENSING,138,558,1,0,1,0,248,0.40%,"5MK-4A.US REPRESENTATIVE IN CONGRESS, DISTRICT 2.DALE K. MENSING"
000116 ,1,1,014 050 106 107 207 208 227 228 241,USSEN,KAMALA_D_HARRIS,287,558,271,2,~  5MK-4A,US SENATOR,KAMALA D. HARRIS,286,558,1,0,1,0,141,0.71%,5MK-4A.US SENATOR.KAMALA D. HARRIS
000116 ,1,1,014 050 106 107 207 208 227 228 241,USSEN,LORETTA_L_SANCHEZ,146,558,412,2,~  5MK-4A,US SENATOR,LORETTA L. SANCHEZ,145,558,1,0,1,0,141,0.71%,5MK-4A.US SENATOR.LORETTA L. SANCHEZ
000117 ,2,3,015 016 054 055 097 208 209 228 241,MEAS_S,NO,191,751,560,0,~  5MK-5,MEASURE S HUMBOLDT COUN,NO,192,755,-1,-4,1,4,315,0.32%,5MK-5.MEASURE S HUMBOLDT COUNTY COMMERCIAL MARIJUANA CULTIVATION MEASURE..NO
000117 ,2,3,015 016 054 055 097 208 209 228 241,MEAS_U,NO,323,751,428,2,~  5MK-5,MEASURE U LOCAL TRANSPO,NO,322,755,1,-4,1,4,45,2.22%,5MK-5.MEASURE U LOCAL TRANSPORTATION AUTHORITY RETAIL TRANSACTIONS AND USE TAX..NO
000117 ,2,3,015 016 054 055 097 208 209 228 241,MEAS_U,YES,368,751,383,2,~  5MK-5,MEASURE U LOCAL TRANSPO,YES,367,755,1,-4,1,4,45,2.22%,5MK-5.MEASURE U LOCAL TRANSPORTATION AUTHORITY RETAIL TRANSACTIONS AND USE TAX..YES
000117 ,1,1,015 016 054 055 096 097 208 209 228 229 241,PRES,DONALD_J_TRUMP,213,755,542,0,~  5MK-5,PRESIDENT AND VICE PRES,DONALD J. TRUMP      ,212,755,1,0,1,0,217,0.46%,5MK-5.PRESIDENT AND VICE PRESIDENT.DONALD J. TRUMP      and MICHAEL R. PENCE
000117 ,1,1,015 016 054 055 096 097 208 209 228 229 241,PRES,HILLARY_CLINTON,428,755,327,0,~  5MK-5,PRESIDENT AND VICE PRES,HILLARY CLINTON      ,429,755,-1,0,1,0,217,0.46%,5MK-5.PRESIDENT AND VICE PRESIDENT.HILLARY CLINTON      and TIM KAINE
000117 ,1,1,015 016 054 055 096 097 208 209 228 229 241,PROP_51,YES,367,755,388,0,~  5MK-5,PROPOSITION 51 SCHOOL B,YES,368,755,-1,0,1,0,25,4.00%,5MK-5.PROPOSITION 51 SCHOOL BONDS. FUNDING FOR K-12 SCHOOL AND COMMUNITY COLLEGE FACILITIES. INITIATIVE.YES
000117 ,1,1,015 016 054 055 096 097 208 209 228 229 241,PROP_53,NO,370,755,385,1,~  5MK-5,PROPOSITION 53 REVENUE ,NO,369,755,1,0,1,0,45,2.22%,5MK-5.PROPOSITION 53 REVENUE BONDS. STATEWIDE VOTER APPROVAL. INITIATIVE CONSTITUTIONAL AMENDMENT..NO
000117 ,1,1,015 016 054 055 096 097 208 209 228 229 241,PROP_54,NO,243,755,512,1,~  5MK-5,PROPOSITION 54 LEGISLAT,NO,242,755,1,0,1,0,215,0.47%,5MK-5.PROPOSITION 54 LEGISLATURE. LEGISLATION AND PROCEEDINGS. INITIATIVE CONSTITUTIONAL AMENDMENT AND.NO
000117 ,1,2,015 016 054 055 096 097 208 209 228 229 241,PROP_56,NO,271,752,481,2,~  5MK-5,PROPOSITION 56 CIGARETT,NO,272,755,-1,-3,1,3,186,0.54%,"5MK-5.PROPOSITION 56 CIGARETTE TAX TO FUND HEALTHCARE, TOBACCO USE PREVENTION, RESEARCH, AND.NO"
000117 ,1,2,015 016 054 055 096 097 208 209 228 229 241,PROP_56,YES,457,752,295,2,~  5MK-5,PROPOSITION 56 CIGARETT,YES,458,755,-1,-3,1,3,186,0.54%,"5MK-5.PROPOSITION 56 CIGARETTE TAX TO FUND HEALTHCARE, TOBACCO USE PREVENTION, RESEARCH, AND.YES"
000117 ,1,2,015 016 054 055 096 097 208 209 228 229 241,PROP_57,YES,497,752,255,3,~  5MK-5,PROPOSITION 57 CRIMINAL,YES,498,755,-1,-3,1,3,285,0.35%,5MK-5.PROPOSITION 57 CRIMINAL SENTENCES. PAROLE. JUVENILE CRIMINAL PROCEEDINGS AND SENTENCING. INITIATIVE.YES
000117 ,1,2,015 016 054 055 096 097 208 209 228 229 241,PROP_59,YES,453,752,299,0,~  5MK-5,PROPOSITION 59 CORPORAT,YES,452,755,1,-3,1,3,219,0.46%,5MK-5.PROPOSITION 59 CORPORATIONS. POLITICAL SPENDING. FEDERAL CONSTITUTIONAL PROTECTIONS..YES
000117 ,1,2,015 016 054 055 096 097 208 209 228 229 241,PROP_60,YES,269,752,483,1,~  5MK-5,PROPOSITION 60 ADULT FI,YES,268,755,1,-3,1,3,136,0.74%,5MK-5.PROPOSITION 60 ADULT FILMS. CONDOMS. HEALTH REQUIREMENTS. INITIATIVE STATUTE..YES
000117 ,1,2,015 016 054 055 096 097 208 209 228 229 241,PROP_61,YES,399,752,353,0,~  5MK-5,PROPOSITION 61 STATE PR,YES,400,755,-1,-3,1,3,109,0.92%,5MK-5.PROPOSITION 61 STATE PRESCRIPTION DRUG PURCHASES. PRICING STANDARDS. INITIATIVE STATUTE..YES
000117 ,2,3,015 016 054 055 097 208 209 228 241,PROP_64,YES,458,751,293,1,~  5MK-5,PROPOSITION 64 MARIJUAN,YES,457,755,1,-4,1,4,185,0.54%,5MK-5.PROPOSITION 64 MARIJUANA LEGALIZATION. INITIATIVE STATUTE..YES
000117 ,2,3,015 016 054 055 097 208 209 228 241,PROP_66,NO,366,751,385,2,~  5MK-5,PROPOSITION 66 DEATH PE,NO,365,755,1,-4,1,4,55,1.82%,5MK-5.PROPOSITION 66 DEATH PENALTY. PROCEDURES. INITIATIVE STATUTE..NO
000117 ,1,1,015 016 054 055 096 097 208 209 228 229 241,STATEASS2,JIM_WOOD,469,755,286,0,~  5MK-5,"STATE ASSEMBLY, DISTRIC",JIM WOOD,468,755,1,0,1,0,282,0.35%,"5MK-5.STATE ASSEMBLY, DISTRICT 2.JIM WOOD"
000117 ,1,1,015 016 054 055 096 097 208 209 228 229 241,STATEASS2,KEN_ANTON,185,755,570,0,~  5MK-5,"STATE ASSEMBLY, DISTRIC",KEN ANTON,186,755,-1,0,1,0,282,0.35%,"5MK-5.STATE ASSEMBLY, DISTRICT 2.KEN ANTON"
000117 ,1,1,015 016 054 055 096 097 208 209 228 229 241,USREP,JARED_W_HUFFMAN,522,755,233,0,~  5MK-5,US REPRESENTATIVE IN CO,JARED W. HUFFMAN,523,755,-1,0,1,0,331,0.30%,"5MK-5.US REPRESENTATIVE IN CONGRESS, DISTRICT 2.JARED W. HUFFMAN"
000117 ,1,1,015 016 054 055 096 097 208 209 228 229 241,USSEN,LORETTA_L_SANCHEZ,175,755,580,2,~  5MK-5,US SENATOR,LORETTA L. SANCHEZ,174,755,1,0,1,0,274,0.36%,5MK-5.US SENATOR.LORETTA L. SANCHEZ
000118 ,2,3,015 054 055 103 209 228 241,MEAS_Q,NO,323,696,373,1,~  5MK-5A,MEASURE Q HUMBOLDT COUN,NO,322,697,1,-1,1,1,48,2.08%,5MK-5A.MEASURE Q HUMBOLDT COUNTY CREATION OF FINANCE DEPARTMENT MEASURE..NO
000118 ,2,3,015 054 055 103 209 228 241,MEAS_R,YES,277,696,419,2,~  5MK-5A,MEASURE R HUMBOLDT COUN,YES,276,697,1,-1,1,1,46,2.17%,5MK-5A.MEASURE R HUMBOLDT COUNTY FINANCE DEPARTMENT ELECTIVE OFFICE MEASURE..YES
000118 ,2,3,015 054 055 103 209 228 241,MEAS_U,YES,296,696,400,1,~  5MK-5A,MEASURE U LOCAL TRANSPO,YES,295,697,1,-1,1,1,46,2.17%,5MK-5A.MEASURE U LOCAL TRANSPORTATION AUTHORITY RETAIL TRANSACTIONS AND USE TAX..YES
000118 ,1,1,015 054 055 102 103 209 228 229 241,PRES,DONALD_J_TRUMP,230,697,467,1,~  5MK-5A,PRESIDENT AND VICE PRES,DONALD J. TRUMP      ,229,697,1,0,1,0,151,0.66%,5MK-5A.PRESIDENT AND VICE PRESIDENT.DONALD J. TRUMP      and MICHAEL R. PENCE
000118 ,1,1,015 054 055 102 103 209 228 229 241,PROP_52,YES,420,697,277,3,~  5MK-5A,PROPOSITION 52 MEDI-CAL,YES,419,697,1,0,1,0,178,0.56%,5MK-5A.PROPOSITION 52 MEDI-CAL HOSPITAL FEE PROGRAM. INITIATIVE CONSTITUTIONAL AMENDMENT AND STATUTE..YES
000118 ,1,1,015 054 055 102 103 209 228 229 241,PROP_53,NO,356,697,341,1,~  5MK-5A,PROPOSITION 53 REVENUE ,NO,355,697,1,0,1,0,67,1.49%,5MK-5A.PROPOSITION 53 REVENUE BONDS. STATEWIDE VOTER APPROVAL. INITIATIVE CONSTITUTIONAL AMENDMENT..NO
000118 ,1,2,015 054 055 102 103 209 228 229 241,PROP_57,NO,274,697,423,0,~  5MK-5A,PROPOSITION 57 CRIMINAL,NO,273,697,1,0,1,0,114,0.88%,5MK-5A.PROPOSITION 57 CRIMINAL SENTENCES. PAROLE. JUVENILE CRIMINAL PROCEEDINGS AND SENTENCING. INITIATIVE.NO
000118 ,1,2,015 054 055 102 103 209 228 229 241,PROP_58,NO,163,697,534,0,~  5MK-5A,PROPOSITION 58 ENGLISH ,NO,162,697,1,0,1,0,337,0.30%,5MK-5A.PROPOSITION 58 ENGLISH PROFICIENCY. MULTILINGUAL EDUCATION. INITIATIVE STATUTE..NO
000118 ,1,2,015 054 055 102 103 209 228 229 241,PROP_59,NO,275,697,422,0,~  5MK-5A,PROPOSITION 59 CORPORAT,NO,276,697,-1,0,1,0,75,1.33%,5MK-5A.PROPOSITION 59 CORPORATIONS. POLITICAL SPENDING. FEDERAL CONSTITUTIONAL PROTECTIONS..NO
000118 ,1,2,015 054 055 102 103 209 228 229 241,PROP_61,YES,350,697,347,2,~  5MK-5A,PROPOSITION 61 STATE PR,YES,349,697,1,0,1,0,60,1.67%,5MK-5A.PROPOSITION 61 STATE PRESCRIPTION DRUG PURCHASES. PRICING STANDARDS. INITIATIVE STATUTE..YES
000118 ,1,2,015 054 055 102 103 209 228 229 241,PROP_63,NO,335,697,362,1,~  5MK-5A,PROPOSITION 63 FIREARMS,NO,334,697,1,0,1,0,1,100.00%,5MK-5A.PROPOSITION 63 FIREARMS. AMMUNITION SALES. INITIATIVE STATUTE..NO
000118 ,2,3,015 054 055 103 209 228 241,PROP_65,NO,385,696,311,2,~  5MK-5A,PROPOSITION 65 CARRYOUT,NO,384,697,1,-1,1,1,105,0.95%,5MK-5A.PROPOSITION 65 CARRYOUT BAGS. CHARGES. INITIATIVE STATUTE..NO
000118 ,2,3,015 054 055 103 209 228 241,PROP_66,NO,357,696,339,0,~  5MK-5A,PROPOSITION 66 DEATH PE,NO,356,697,1,-1,1,1,88,1.14%,5MK-5A.PROPOSITION 66 DEATH PENALTY. PROCEDURES. INITIATIVE STATUTE..NO
000118 ,1,1,015 054 055 102 103 209 228 229 241,STATEASS2,JIM_WOOD,411,697,286,0,~  5MK-5A,"STATE ASSEMBLY, DISTRIC",JIM WOOD,412,697,-1,0,1,0,221,0.45%,"5MK-5A.STATE ASSEMBLY, DISTRICT 2.JIM WOOD"
000118 ,1,1,015 054 055 102 103 209 228 229 241,USREP,DALE_K_MENSING,210,697,487,1,~  5MK-5A,US REPRESENTATIVE IN CO,DALE K. MENSING,209,697,1,0,1,0,243,0.41%,"5MK-5A.US REPRESENTATIVE IN CONGRESS, DISTRICT 2.DALE K. MENSING"
000118 ,1,1,015 054 055 102 103 209 228 229 241,USREP,JARED_W_HUFFMAN,453,697,244,1,~  5MK-5A,US REPRESENTATIVE IN CO,JARED W. HUFFMAN,452,697,1,0,1,0,243,0.41%,"5MK-5A.US REPRESENTATIVE IN CONGRESS, DISTRICT 2.JARED W. HUFFMAN"
000118 ,1,1,015 054 055 102 103 209 228 229 241,USSEN,KAMALA_D_HARRIS,376,697,321,2,~  5MK-5A,US SENATOR,KAMALA D. HARRIS,375,697,1,0,1,0,189,0.53%,5MK-5A.US SENATOR.KAMALA D. HARRIS
000119 ,2,3,016 055 094 095 209 210 228 241,MEAS_R,NO,281,704,423,0,~  5MK-6,MEASURE R HUMBOLDT COUN,NO,280,704,1,0,1,0,42,2.38%,5MK-6.MEASURE R HUMBOLDT COUNTY FINANCE DEPARTMENT ELECTIVE OFFICE MEASURE..NO
000119 ,2,3,016 055 094 095 209 210 228 241,MEAS_U,YES,310,704,394,0,~  5MK-6,MEASURE U LOCAL TRANSPO,YES,311,704,-1,0,1,0,10,10.00%,5MK-6.MEASURE U LOCAL TRANSPORTATION AUTHORITY RETAIL TRANSACTIONS AND USE TAX..YES
000119 ,2,3,016 055 094 095 209 210 228 241,MEAS_V,NO,289,704,415,1,~  5MK-6,MEASURE V MOBILE HOME P,NO,288,704,1,0,1,0,64,1.56%,5MK-6.MEASURE V MOBILE HOME PARK SPACE RENT STABILIZATION..NO
000119 ,2,3,016 055 094 095 209 210 228 241,MEAS_V,YES,353,704,351,1,~  5MK-6,MEASURE V MOBILE HOME P,YES,352,704,1,0,1,0,64,1.56%,5MK-6.MEASURE V MOBILE HOME PARK SPACE RENT STABILIZATION..YES
000119 ,1,1,016 055 094 209 210 228 229 241,PRES,GARY_JOHNSON,30,704,674,1,~  5MK-6,PRESIDENT AND VICE PRES,GARY JOHNSON      and,29,704,1,0,1,0,158,0.63%,5MK-6.PRESIDENT AND VICE PRESIDENT.GARY JOHNSON      and BILL WELD
000119 ,1,1,016 055 094 209 210 228 229 241,PRES,GLORIA_ESTELA_LA_RIVA,7,704,697,1,~  5MK-6,PRESIDENT AND VICE PRES,GLORIA ESTELA LA RIVA,6,704,1,0,1,0,158,0.63%,5MK-6.PRESIDENT AND VICE PRESIDENT.GLORIA ESTELA LA RIVA      and DENNIS J. BANKS
000119 ,1,1,016 055 094 209 210 228 229 241,PRES,HILLARY_CLINTON,375,704,329,1,~  5MK-6,PRESIDENT AND VICE PRES,HILLARY CLINTON      ,374,704,1,0,1,0,158,0.63%,5MK-6.PRESIDENT AND VICE PRESIDENT.HILLARY CLINTON      and TIM KAINE
000119 ,1,1,016 055 094 209 210 228 229 241,PROP_51,YES,345,704,359,0,~  5MK-6,PROPOSITION 51 SCHOOL B,YES,346,704,-1,0,1,0,31,3.23%,5MK-6.PROPOSITION 51 SCHOOL BONDS. FUNDING FOR K-12 SCHOOL AND COMMUNITY COLLEGE FACILITIES. INITIATIVE.YES
000119 ,1,1,016 055 094 209 210 228 229 241,PROP_53,NO,281,704,423,3,~  5MK-6,PROPOSITION 53 REVENUE ,NO,280,704,1,0,1,0,79,1.27%,5MK-6.PROPOSITION 53 REVENUE BONDS. STATEWIDE VOTER APPROVAL. INITIATIVE CONSTITUTIONAL AMENDMENT..NO
000119 ,1,1,016 055 094 209 210 228 229 241,PROP_54,NO,226,704,478,1,~  5MK-6,PROPOSITION 54 LEGISLAT,NO,225,704,1,0,1,0,195,0.51%,5MK-6.PROPOSITION 54 LEGISLATURE. LEGISLATION AND PROCEEDINGS. INITIATIVE CONSTITUTIONAL AMENDMENT AND.NO
000119 ,1,1,016 055 094 209 210 228 229 241,PROP_55,NO,182,704,522,1,~  5MK-6,PROPOSITION 55 TAX EXTE,NO,181,704,1,0,1,0,304,0.33%,5MK-6.PROPOSITION 55 TAX EXTENSION TO FUND EDUCATION AND HEALTHCARE. INITIATIVE CONSTITUTIONAL AMENDMENT..NO
000119 ,1,2,016 055 094 209 210 228 229 241,PROP_57,YES,442,704,262,1,~  5MK-6,PROPOSITION 57 CRIMINAL,YES,441,704,1,0,1,0,223,0.45%,5MK-6.PROPOSITION 57 CRIMINAL SENTENCES. PAROLE. JUVENILE CRIMINAL PROCEEDINGS AND SENTENCING. INITIATIVE.YES
000119 ,1,2,016 055 094 209 210 228 229 241,PROP_59,NO,252,704,452,0,~  5MK-6,PROPOSITION 59 CORPORAT,NO,253,704,-1,0,1,0,120,0.83%,5MK-6.PROPOSITION 59 CORPORATIONS. POLITICAL SPENDING. FEDERAL CONSTITUTIONAL PROTECTIONS..NO
000119 ,1,2,016 055 094 209 210 228 229 241,PROP_61,NO,270,704,434,3,~  5MK-6,PROPOSITION 61 STATE PR,NO,269,704,1,0,1,0,95,1.05%,5MK-6.PROPOSITION 61 STATE PRESCRIPTION DRUG PURCHASES. PRICING STANDARDS. INITIATIVE STATUTE..NO
000119 ,1,2,016 055 094 209 210 228 229 241,PROP_63,NO,345,704,359,1,~  5MK-6,PROPOSITION 63 FIREARMS,NO,344,704,1,0,1,0,16,6.25%,5MK-6.PROPOSITION 63 FIREARMS. AMMUNITION SALES. INITIATIVE STATUTE..NO
000119 ,1,1,016 055 094 209 210 228 229 241,USSEN,LORETTA_L_SANCHEZ,196,704,508,0,~  5MK-6,US SENATOR,LORETTA L. SANCHEZ,197,704,-1,0,1,0,171,0.58%,5MK-6.US SENATOR.LORETTA L. SANCHEZ
000120 ,2,3,016 055 101 102 210 211 228 241,MEAS_S,YES,327,503,176,0,~  5MK-6A,MEASURE S HUMBOLDT COUN,YES,326,507,1,-4,1,4,173,0.58%,5MK-6A.MEASURE S HUMBOLDT COUNTY COMMERCIAL MARIJUANA CULTIVATION MEASURE..YES
000120 ,2,3,016 055 101 102 210 211 228 241,MEAS_V,YES,253,503,250,0,~  5MK-6A,MEASURE V MOBILE HOME P,YES,252,507,1,-4,1,4,41,2.44%,5MK-6A.MEASURE V MOBILE HOME PARK SPACE RENT STABILIZATION..YES
000120 ,1,1,016 055 101 210 211 228 229 241,PRES,Write_in,10,506,496,1,~  5MK-6A,PRESIDENT AND VICE PRES,Write_in,9,507,1,-1,1,1,113,0.88%,5MK-6A.PRESIDENT AND VICE PRESIDENT.Write_in
000120 ,1,1,016 055 101 210 211 228 229 241,PROP_51,NO,255,506,251,0,~  5MK-6A,PROPOSITION 51 SCHOOL B,NO,256,507,-1,-1,1,1,28,3.57%,5MK-6A.PROPOSITION 51 SCHOOL BONDS. FUNDING FOR K-12 SCHOOL AND COMMUNITY COLLEGE FACILITIES. INITIATIVE.NO
000120 ,1,1,016 055 101 210 211 228 229 241,PROP_52,NO,141,506,365,0,~  5MK-6A,PROPOSITION 52 MEDI-CAL,NO,142,507,-1,-1,1,1,188,0.53%,5MK-6A.PROPOSITION 52 MEDI-CAL HOSPITAL FEE PROGRAM. INITIATIVE CONSTITUTIONAL AMENDMENT AND STATUTE..NO
000120 ,1,1,016 055 101 210 211 228 229 241,PROP_53,YES,226,506,280,2,~  5MK-6A,PROPOSITION 53 REVENUE ,YES,225,507,1,-1,1,1,20,5.00%,5MK-6A.PROPOSITION 53 REVENUE BONDS. STATEWIDE VOTER APPROVAL. INITIATIVE CONSTITUTIONAL AMENDMENT..YES
000120 ,1,1,016 055 101 210 211 228 229 241,PROP_54,NO,168,506,338,1,~  5MK-6A,PROPOSITION 54 LEGISLAT,NO,167,507,1,-1,1,1,145,0.69%,5MK-6A.PROPOSITION 54 LEGISLATURE. LEGISLATION AND PROCEEDINGS. INITIATIVE CONSTITUTIONAL AMENDMENT AND.NO
000120 ,1,1,016 055 101 210 211 228 229 241,PROP_54,YES,311,506,195,1,~  5MK-6A,PROPOSITION 54 LEGISLAT,YES,312,507,-1,-1,1,1,145,0.69%,5MK-6A.PROPOSITION 54 LEGISLATURE. LEGISLATION AND PROCEEDINGS. INITIATIVE CONSTITUTIONAL AMENDMENT AND.YES
000120 ,1,1,016 055 101 210 211 228 229 241,PROP_55,YES,347,506,159,1,~  5MK-6A,PROPOSITION 55 TAX EXTE,YES,348,507,-1,-1,1,1,208,0.48%,5MK-6A.PROPOSITION 55 TAX EXTENSION TO FUND EDUCATION AND HEALTHCARE. INITIATIVE CONSTITUTIONAL AMENDMENT..YES
000120 ,1,2,016 055 101 210 211 228 229 241,PROP_56,YES,295,505,210,1,~  5MK-6A,PROPOSITION 56 CIGARETT,YES,294,507,1,-2,1,2,101,0.99%,"5MK-6A.PROPOSITION 56 CIGARETTE TAX TO FUND HEALTHCARE, TOBACCO USE PREVENTION, RESEARCH, AND.YES"
000120 ,1,2,016 055 101 210 211 228 229 241,PROP_57,NO,167,505,338,1,~  5MK-6A,PROPOSITION 57 CRIMINAL,NO,168,507,-1,-2,1,2,135,0.74%,5MK-6A.PROPOSITION 57 CRIMINAL SENTENCES. PAROLE. JUVENILE CRIMINAL PROCEEDINGS AND SENTENCING. INITIATIVE.NO
000120 ,1,2,016 055 101 210 211 228 229 241,PROP_58,YES,352,505,153,3,~  5MK-6A,PROPOSITION 58 ENGLISH ,YES,353,507,-1,-2,1,2,235,0.43%,5MK-6A.PROPOSITION 58 ENGLISH PROFICIENCY. MULTILINGUAL EDUCATION. INITIATIVE STATUTE..YES
000120 ,1,2,016 055 101 210 211 228 229 241,PROP_59,NO,161,505,344,1,~  5MK-6A,PROPOSITION 59 CORPORAT,NO,162,507,-1,-2,1,2,134,0.75%,5MK-6A.PROPOSITION 59 CORPORATIONS. POLITICAL SPENDING. FEDERAL CONSTITUTIONAL PROTECTIONS..NO
000120 ,1,2,016 055 101 210 211 228 229 241,PROP_60,NO,287,505,218,2,~  5MK-6A,PROPOSITION 60 ADULT FI,NO,288,507,-1,-2,1,2,110,0.91%,5MK-6A.PROPOSITION 60 ADULT FILMS. CONDOMS. HEALTH REQUIREMENTS. INITIATIVE STATUTE..NO
000120 ,1,2,016 055 101 210 211 228 229 241,PROP_60,YES,179,505,326,2,~  5MK-6A,PROPOSITION 60 ADULT FI,YES,178,507,1,-2,1,2,110,0.91%,5MK-6A.PROPOSITION 60 ADULT FILMS. CONDOMS. HEALTH REQUIREMENTS. INITIATIVE STATUTE..YES
000120 ,1,2,016 055 101 210 211 228 229 241,PROP_61,NO,215,505,290,1,~  5MK-6A,PROPOSITION 61 STATE PR,NO,216,507,-1,-2,1,2,34,2.94%,5MK-6A.PROPOSITION 61 STATE PRESCRIPTION DRUG PURCHASES. PRICING STANDARDS. INITIATIVE STATUTE..NO
000120 ,1,2,016 055 101 210 211 228 229 241,PROP_62,NO,259,505,246,0,~  5MK-6A,PROPOSITION 62 DEATH PE,NO,260,507,-1,-2,1,2,45,2.22%,5MK-6A.PROPOSITION 62 DEATH PENALTY. INITIATIVE STATUTE..NO
000120 ,1,2,016 055 101 210 211 228 229 241,PROP_62,YES,214,505,291,0,~  5MK-6A,PROPOSITION 62 DEATH PE,YES,215,507,-1,-2,1,2,45,2.22%,5MK-6A.PROPOSITION 62 DEATH PENALTY. INITIATIVE STATUTE..YES
000120 ,2,3,016 055 101 102 210 211 228 241,PROP_64,YES,293,503,210,0,~  5MK-6A,PROPOSITION 64 MARIJUAN,YES,292,507,1,-4,1,4,89,1.12%,5MK-6A.PROPOSITION 64 MARIJUANA LEGALIZATION. INITIATIVE STATUTE..YES
000120 ,2,3,016 055 101 102 210 211 228 241,PROP_66,YES,207,503,296,1,~  5MK-6A,PROPOSITION 66 DEATH PE,YES,206,507,1,-4,1,4,43,2.33%,5MK-6A.PROPOSITION 66 DEATH PENALTY. PROCEDURES. INITIATIVE STATUTE..YES
000120 ,2,3,016 055 101 102 210 211 228 241,PROP_67,NO,197,503,306,1,~  5MK-6A,PROPOSITION 67 BAN ON S,NO,196,507,1,-4,1,4,94,1.06%,5MK-6A.PROPOSITION 67 BAN ON SINGLE-USE PLASTIC BAGS. REFERENDUM..NO
000120 ,2,3,016 055 101 102 210 211 228 241,PROP_67,YES,291,503,212,1,~  5MK-6A,PROPOSITION 67 BAN ON S,YES,290,507,1,-4,1,4,94,1.06%,5MK-6A.PROPOSITION 67 BAN ON SINGLE-USE PLASTIC BAGS. REFERENDUM..YES
000120 ,1,1,016 055 101 210 211 228 229 241,STATEASS2,JIM_WOOD,281,506,225,0,~  5MK-6A,"STATE ASSEMBLY, DISTRIC",JIM WOOD,282,507,-1,-1,1,1,139,0.72%,"5MK-6A.STATE ASSEMBLY, DISTRICT 2.JIM WOOD"
000120 ,1,1,016 055 101 210 211 228 229 241,USREP,DALE_K_MENSING,135,506,371,0,~  5MK-6A,US REPRESENTATIVE IN CO,DALE K. MENSING,136,507,-1,-1,1,1,202,0.50%,"5MK-6A.US REPRESENTATIVE IN CONGRESS, DISTRICT 2.DALE K. MENSING"
000120 ,1,1,016 055 101 210 211 228 229 241,USSEN,LORETTA_L_SANCHEZ,132,506,374,0,~  5MK-6A,US SENATOR,LORETTA L. SANCHEZ,133,507,-1,-1,1,1,138,0.72%,5MK-6A.US SENATOR.LORETTA L. SANCHEZ
000121 ,2,3,017 055 098 099 211 228 241 243,MEAS_Q,NO,289,579,290,1,~  5MK-7,MEASURE Q HUMBOLDT COUN,NO,288,580,1,-1,1,1,61,1.64%,5MK-7.MEASURE Q HUMBOLDT COUNTY CREATION OF FINANCE DEPARTMENT MEASURE..NO
000121 ,2,3,017 055 098 099 211 228 241 243,MEAS_S,YES,374,579,205,1,~  5MK-7,MEASURE S HUMBOLDT COUN,YES,373,580,1,-1,1,1,194,0.52%,5MK-7.MEASURE S HUMBOLDT COUNTY COMMERCIAL MARIJUANA CULTIVATION MEASURE..YES
000121 ,2,3,017 055 098 099 211 228 241 243,MEAS_U,YES,239,579,340,1,~  5MK-7,MEASURE U LOCAL TRANSPO,YES,238,580,1,-1,1,1,61,1.64%,5MK-7.MEASURE U LOCAL TRANSPORTATION AUTHORITY RETAIL TRANSACTIONS AND USE TAX..YES
000121 ,1,1,017 055 099 211 228 229 241 243,PRES,JILL_STEIN,22,580,558,0,~  5MK-7,PRESIDENT AND VICE PRES,JILL STEIN      and A,21,580,1,0,1,0,85,1.18%,5MK-7.PRESIDENT AND VICE PRESIDENT.JILL STEIN      and AJAMU BARAKA
000121 ,1,1,017 055 099 211 228 229 241 243,PROP_53,NO,268,580,312,1,~  5MK-7,PROPOSITION 53 REVENUE ,NO,267,580,1,0,1,0,9,11.11%,5MK-7.PROPOSITION 53 REVENUE BONDS. STATEWIDE VOTER APPROVAL. INITIATIVE CONSTITUTIONAL AMENDMENT..NO
000121 ,1,2,017 055 099 211 228 229 241,PROP_60,YES,202,577,375,0,~  5MK-7,PROPOSITION 60 ADULT FI,YES,201,580,1,-3,1,3,120,0.83%,5MK-7.PROPOSITION 60 ADULT FILMS. CONDOMS. HEALTH REQUIREMENTS. INITIATIVE STATUTE..YES
000121 ,1,2,017 055 099 211 228 229 241,PROP_61,NO,259,577,318,2,~  5MK-7,PROPOSITION 61 STATE PR,NO,258,580,1,-3,1,3,13,7.69%,5MK-7.PROPOSITION 61 STATE PRESCRIPTION DRUG PURCHASES. PRICING STANDARDS. INITIATIVE STATUTE..NO
000121 ,1,2,017 055 099 211 228 229 241,PROP_63,NO,270,577,307,0,~  5MK-7,PROPOSITION 63 FIREARMS,NO,271,580,-1,-3,1,3,16,6.25%,5MK-7.PROPOSITION 63 FIREARMS. AMMUNITION SALES. INITIATIVE STATUTE..NO
000121 ,2,3,017 055 098 099 211 228 241 243,PROP_66,NO,305,579,274,2,~  5MK-7,PROPOSITION 66 DEATH PE,NO,304,580,1,-1,1,1,76,1.32%,5MK-7.PROPOSITION 66 DEATH PENALTY. PROCEDURES. INITIATIVE STATUTE..NO
000121 ,2,3,017 055 098 099 211 228 241 243,PROP_66,YES,229,579,350,2,~  5MK-7,PROPOSITION 66 DEATH PE,YES,228,580,1,-1,1,1,76,1.32%,5MK-7.PROPOSITION 66 DEATH PENALTY. PROCEDURES. INITIATIVE STATUTE..YES
000121 ,2,3,017 055 098 099 211 228 241 243,PROP_67,NO,254,579,325,1,~  5MK-7,PROPOSITION 67 BAN ON S,NO,253,580,1,-1,1,1,58,1.72%,5MK-7.PROPOSITION 67 BAN ON SINGLE-USE PLASTIC BAGS. REFERENDUM..NO
000121 ,1,1,017 055 099 211 228 229 241 243,STATEASS2,KEN_ANTON,152,580,428,0,~  5MK-7,"STATE ASSEMBLY, DISTRIC",KEN ANTON,153,580,-1,0,1,0,195,0.51%,"5MK-7.STATE ASSEMBLY, DISTRICT 2.KEN ANTON"
000122 ,2,3,016 017 055 100 101 211 212 228 241,MEAS_R,NO,317,711,394,1,~  5MK-8,MEASURE R HUMBOLDT COUN,NO,316,715,1,-4,1,4,28,3.57%,5MK-8.MEASURE R HUMBOLDT COUNTY FINANCE DEPARTMENT ELECTIVE OFFICE MEASURE..NO
000122 ,2,3,016 017 055 100 101 211 212 228 241,MEAS_S,YES,463,711,248,1,~  5MK-8,MEASURE S HUMBOLDT COUN,YES,464,715,-1,-4,1,4,257,0.39%,5MK-8.MEASURE S HUMBOLDT COUNTY COMMERCIAL MARIJUANA CULTIVATION MEASURE..YES
000122 ,2,3,016 017 055 100 101 211 212 228 241,MEAS_U,NO,333,711,378,0,~  5MK-8,MEASURE U LOCAL TRANSPO,NO,334,715,-1,-4,1,4,20,5.00%,5MK-8.MEASURE U LOCAL TRANSPORTATION AUTHORITY RETAIL TRANSACTIONS AND USE TAX..NO
000122 ,2,3,016 017 055 100 101 211 212 228 241,MEAS_U,YES,315,711,396,0,~  5MK-8,MEASURE U LOCAL TRANSPO,YES,314,715,1,-4,1,4,20,5.00%,5MK-8.MEASURE U LOCAL TRANSPORTATION AUTHORITY RETAIL TRANSACTIONS AND USE TAX..YES
000122 ,2,3,016 017 055 100 101 211 212 228 241,MEAS_V,NO,308,711,403,2,~  5MK-8,MEASURE V MOBILE HOME P,NO,307,715,1,-4,1,4,43,2.33%,5MK-8.MEASURE V MOBILE HOME PARK SPACE RENT STABILIZATION..NO
000122 ,2,3,016 017 055 100 101 211 212 228 241,MEAS_V,YES,351,711,360,2,~  5MK-8,MEASURE V MOBILE HOME P,YES,350,715,1,-4,1,4,43,2.33%,5MK-8.MEASURE V MOBILE HOME PARK SPACE RENT STABILIZATION..YES
000122 ,1,1,016 017 055 099 100 211 212 228 229 241,PRES,DONALD_J_TRUMP,210,714,504,0,~  5MK-8,PRESIDENT AND VICE PRES,DONALD J. TRUMP      ,211,715,-1,-1,1,1,204,0.49%,5MK-8.PRESIDENT AND VICE PRESIDENT.DONALD J. TRUMP      and MICHAEL R. PENCE
000122 ,1,1,016 017 055 099 100 211 212 228 229 241,PROP_52,YES,477,714,237,0,~  5MK-8,PROPOSITION 52 MEDI-CAL,YES,478,715,-1,-1,1,1,280,0.36%,5MK-8.PROPOSITION 52 MEDI-CAL HOSPITAL FEE PROGRAM. INITIATIVE CONSTITUTIONAL AMENDMENT AND STATUTE..YES
000122 ,1,1,016 017 055 099 100 211 212 228 229 241,PROP_53,NO,399,714,315,2,~  5MK-8,PROPOSITION 53 REVENUE ,NO,400,715,-1,-1,1,1,136,0.74%,5MK-8.PROPOSITION 53 REVENUE BONDS. STATEWIDE VOTER APPROVAL. INITIATIVE CONSTITUTIONAL AMENDMENT..NO
000122 ,1,1,016 017 055 099 100 211 212 228 229 241,PROP_54,YES,413,714,301,3,~  5MK-8,PROPOSITION 54 LEGISLAT,YES,414,715,-1,-1,1,1,159,0.63%,5MK-8.PROPOSITION 54 LEGISLATURE. LEGISLATION AND PROCEEDINGS. INITIATIVE CONSTITUTIONAL AMENDMENT AND.YES
000122 ,1,2,016 017 055 099 100 211 212 228 229 241,PROP_59,NO,233,713,480,0,~  5MK-8,PROPOSITION 59 CORPORAT,NO,234,715,-1,-2,1,2,176,0.57%,5MK-8.PROPOSITION 59 CORPORATIONS. POLITICAL SPENDING. FEDERAL CONSTITUTIONAL PROTECTIONS..NO
000122 ,1,2,016 017 055 099 100 211 212 228 229 241,PROP_59,YES,409,713,304,0,~  5MK-8,PROPOSITION 59 CORPORAT,YES,410,715,-1,-2,1,2,176,0.57%,5MK-8.PROPOSITION 59 CORPORATIONS. POLITICAL SPENDING. FEDERAL CONSTITUTIONAL PROTECTIONS..YES
000122 ,1,2,016 017 055 099 100 211 212 228 229 241,PROP_60,YES,229,713,484,2,~  5MK-8,PROPOSITION 60 ADULT FI,YES,228,715,1,-2,1,2,197,0.51%,5MK-8.PROPOSITION 60 ADULT FILMS. CONDOMS. HEALTH REQUIREMENTS. INITIATIVE STATUTE..YES
000122 ,1,2,016 017 055 099 100 211 212 228 229 241,PROP_61,NO,283,713,430,2,~  5MK-8,PROPOSITION 61 STATE PR,NO,282,715,1,-2,1,2,79,1.27%,5MK-8.PROPOSITION 61 STATE PRESCRIPTION DRUG PURCHASES. PRICING STANDARDS. INITIATIVE STATUTE..NO
000122 ,1,2,016 017 055 099 100 211 212 228 229 241,PROP_62,NO,315,713,398,1,~  5MK-8,PROPOSITION 62 DEATH PE,NO,314,715,1,-2,1,2,38,2.63%,5MK-8.PROPOSITION 62 DEATH PENALTY. INITIATIVE STATUTE..NO
000122 ,1,2,016 017 055 099 100 211 212 228 229 241,PROP_63,YES,349,713,364,1,~  5MK-8,PROPOSITION 63 FIREARMS,YES,350,715,-1,-2,1,2,17,5.88%,5MK-8.PROPOSITION 63 FIREARMS. AMMUNITION SALES. INITIATIVE STATUTE..YES
000122 ,2,3,016 017 055 100 101 211 212 228 241,PROP_65,YES,267,711,444,3,~  5MK-8,PROPOSITION 65 CARRYOUT,YES,266,715,1,-4,1,4,149,0.67%,5MK-8.PROPOSITION 65 CARRYOUT BAGS. CHARGES. INITIATIVE STATUTE..YES
000122 ,2,3,016 017 055 100 101 211 212 228 241,PROP_66,NO,382,711,329,2,~  5MK-8,PROPOSITION 66 DEATH PE,NO,381,715,1,-4,1,4,127,0.79%,5MK-8.PROPOSITION 66 DEATH PENALTY. PROCEDURES. INITIATIVE STATUTE..NO
000122 ,2,3,016 017 055 100 101 211 212 228 241,PROP_66,YES,255,711,456,2,~  5MK-8,PROPOSITION 66 DEATH PE,YES,254,715,1,-4,1,4,127,0.79%,5MK-8.PROPOSITION 66 DEATH PENALTY. PROCEDURES. INITIATIVE STATUTE..YES
000122 ,1,1,016 017 055 099 100 211 212 228 229 241,STATEASS2,JIM_WOOD,460,714,254,0,~  5MK-8,"STATE ASSEMBLY, DISTRIC",JIM WOOD,461,715,-1,-1,1,1,311,0.32%,"5MK-8.STATE ASSEMBLY, DISTRICT 2.JIM WOOD"
000122 ,1,1,016 017 055 099 100 211 212 228 229 241,USREP,DALE_K_MENSING,172,714,542,0,~  5MK-8,US REPRESENTATIVE IN CO,DALE K. MENSING,173,715,-1,-1,1,1,330,0.30%,"5MK-8.US REPRESENTATIVE IN CONGRESS, DISTRICT 2.DALE K. MENSING"
000122 ,1,1,016 017 055 099 100 211 212 228 229 241,USSEN,KAMALA_D_HARRIS,395,714,319,1,~  5MK-8,US SENATOR,KAMALA D. HARRIS,394,715,1,-1,1,1,205,0.49%,5MK-8.US SENATOR.KAMALA D. HARRIS
000122 ,1,1,016 017 055 099 100 211 212 228 229 241,USSEN,LORETTA_L_SANCHEZ,188,714,526,1,~  5MK-8,US SENATOR,LORETTA L. SANCHEZ,189,715,-1,-1,1,1,205,0.49%,5MK-8.US SENATOR.LORETTA L. SANCHEZ
000123 ,1,1,036 221 222 223 229,PROP_53,YES,69,125,56,1,~  5OR,PROPOSITION 53 REVENUE ,YES,68,125,1,0,1,0,17,5.88%,5OR.PROPOSITION 53 REVENUE BONDS. STATEWIDE VOTER APPROVAL. INITIATIVE CONSTITUTIONAL AMENDMENT..YES
000124 ,1,1,036 221 223,PROP_53,NO,42,94,52,1,~  5PA-3,PROPOSITION 53 REVENUE ,NO,41,94,1,0,1,0,4,25.00%,5PA-3.PROPOSITION 53 REVENUE BONDS. STATEWIDE VOTER APPROVAL. INITIATIVE CONSTITUTIONAL AMENDMENT..NO
000124 ,1,1,036 221 223,PROP_53,YES,46,94,48,1,~  5PA-3,PROPOSITION 53 REVENUE ,YES,45,94,1,0,1,0,4,25.00%,5PA-3.PROPOSITION 53 REVENUE BONDS. STATEWIDE VOTER APPROVAL. INITIATIVE CONSTITUTIONAL AMENDMENT..YES
000124 ,1,1,036 221 223,PROP_55,NO,31,94,63,1,~  5PA-3,PROPOSITION 55 TAX EXTE,NO,30,94,1,0,1,0,30,3.33%,5PA-3.PROPOSITION 55 TAX EXTENSION TO FUND EDUCATION AND HEALTHCARE. INITIATIVE CONSTITUTIONAL AMENDMENT..NO
000124 ,1,2,036 221 223,PROP_56,YES,66,94,28,1,~  5PA-3,PROPOSITION 56 CIGARETT,YES,65,94,1,0,1,0,37,2.70%,"5PA-3.PROPOSITION 56 CIGARETTE TAX TO FUND HEALTHCARE, TOBACCO USE PREVENTION, RESEARCH, AND.YES"
000124 ,1,2,036 221 223,PROP_59,YES,53,94,41,1,~  5PA-3,PROPOSITION 59 CORPORAT,YES,52,94,1,0,1,0,19,5.26%,5PA-3.PROPOSITION 59 CORPORATIONS. POLITICAL SPENDING. FEDERAL CONSTITUTIONAL PROTECTIONS..YES
000124 ,1,2,036 221 223,PROP_61,YES,47,94,47,1,~  5PA-3,PROPOSITION 61 STATE PR,YES,46,94,1,0,1,0,8,12.50%,5PA-3.PROPOSITION 61 STATE PRESCRIPTION DRUG PURCHASES. PRICING STANDARDS. INITIATIVE STATUTE..YES
000124 ,2,3,036 221 223,PROP_65,YES,28,94,66,1,~  5PA-3,PROPOSITION 65 CARRYOUT,YES,27,94,1,0,1,0,34,2.94%,5PA-3.PROPOSITION 65 CARRYOUT BAGS. CHARGES. INITIATIVE STATUTE..YES
000125 ,2,3,018 055 101 212 229 241,MEAS_Q,NO,95,218,123,1,~  5T--1,MEASURE Q HUMBOLDT COUN,NO,94,220,1,-2,1,2,2,50.00%,5T--1.MEASURE Q HUMBOLDT COUNTY CREATION OF FINANCE DEPARTMENT MEASURE..NO
000125 ,2,3,018 055 101 212 229 241,MEAS_R,NO,110,218,108,1,~  5T--1,MEASURE R HUMBOLDT COUN,NO,109,220,1,-2,1,2,26,3.85%,5T--1.MEASURE R HUMBOLDT COUNTY FINANCE DEPARTMENT ELECTIVE OFFICE MEASURE..NO
000125 ,1,2,018 055 101 212 229 241,PROP_57,NO,38,220,182,0,~  5T--1,PROPOSITION 57 CRIMINAL,NO,37,220,1,0,1,0,130,0.77%,5T--1.PROPOSITION 57 CRIMINAL SENTENCES. PAROLE. JUVENILE CRIMINAL PROCEEDINGS AND SENTENCING. INITIATIVE.NO
000125 ,1,2,018 055 101 212 229 241,PROP_60,NO,124,220,96,2,~  5T--1,PROPOSITION 60 ADULT FI,NO,123,220,1,0,1,0,43,2.33%,5T--1.PROPOSITION 60 ADULT FILMS. CONDOMS. HEALTH REQUIREMENTS. INITIATIVE STATUTE..NO
000125 ,1,2,018 055 101 212 229 241,PROP_60,YES,81,220,139,2,~  5T--1,PROPOSITION 60 ADULT FI,YES,80,220,1,0,1,0,43,2.33%,5T--1.PROPOSITION 60 ADULT FILMS. CONDOMS. HEALTH REQUIREMENTS. INITIATIVE STATUTE..YES
000125 ,1,2,018 055 101 212 229 241,PROP_61,NO,93,220,127,1,~  5T--1,PROPOSITION 61 STATE PR,NO,92,220,1,0,1,0,15,6.67%,5T--1.PROPOSITION 61 STATE PRESCRIPTION DRUG PURCHASES. PRICING STANDARDS. INITIATIVE STATUTE..NO
000125 ,1,2,018 055 101 212 229 241,PROP_62,NO,64,220,156,1,~  5T--1,PROPOSITION 62 DEATH PE,NO,63,220,1,0,1,0,77,1.30%,5T--1.PROPOSITION 62 DEATH PENALTY. INITIATIVE STATUTE..NO
000125 ,1,2,018 055 101 212 229 241,PROP_62,YES,141,220,79,1,~  5T--1,PROPOSITION 62 DEATH PE,YES,140,220,1,0,1,0,77,1.30%,5T--1.PROPOSITION 62 DEATH PENALTY. INITIATIVE STATUTE..YES
000125 ,2,3,018 055 101 212 229 241,PROP_65,NO,119,218,99,2,~  5T--1,PROPOSITION 65 CARRYOUT,NO,118,220,1,-2,1,2,26,3.85%,5T--1.PROPOSITION 65 CARRYOUT BAGS. CHARGES. INITIATIVE STATUTE..NO
000125 ,2,3,018 055 101 212 229 241,PROP_66,YES,64,218,154,1,~  5T--1,PROPOSITION 66 DEATH PE,YES,63,220,1,-2,1,2,70,1.43%,5T--1.PROPOSITION 66 DEATH PENALTY. PROCEDURES. INITIATIVE STATUTE..YES
000125 ,2,3,018 055 101 212 229 241,PROP_67,YES,166,218,52,1,~  5T--1,PROPOSITION 67 BAN ON S,YES,165,220,1,-2,1,2,121,0.83%,5T--1.PROPOSITION 67 BAN ON SINGLE-USE PLASTIC BAGS. REFERENDUM..YES
000126 ,2,3,017 018 056 104 212 213 228 229 241 243,MEAS_Q,NO,325,698,373,1,~  5TU-1,MEASURE Q HUMBOLDT COUN,NO,324,702,1,-4,1,4,61,1.64%,5TU-1.MEASURE Q HUMBOLDT COUNTY CREATION OF FINANCE DEPARTMENT MEASURE..NO
000126 ,2,3,017 018 056 104 212 213 228 229 241 243,MEAS_R,YES,307,698,391,1,~  5TU-1,MEASURE R HUMBOLDT COUN,YES,306,702,1,-4,1,4,18,5.56%,5TU-1.MEASURE R HUMBOLDT COUNTY FINANCE DEPARTMENT ELECTIVE OFFICE MEASURE..YES
000126 ,2,3,017 018 056 104 212 213 228 229 241 243,MEAS_U,YES,384,698,314,0,~  5TU-1,MEASURE U LOCAL TRANSPO,YES,385,702,-1,-4,1,4,135,0.74%,5TU-1.MEASURE U LOCAL TRANSPORTATION AUTHORITY RETAIL TRANSACTIONS AND USE TAX..YES
000126 ,2,3,017 018 056 104 212 213 228 229 241 243,MEAS_V,NO,258,698,440,1,~  5TU-1,MEASURE V MOBILE HOME P,NO,257,702,1,-4,1,4,130,0.77%,5TU-1.MEASURE V MOBILE HOME PARK SPACE RENT STABILIZATION..NO
000126 ,2,3,017 018 056 104 212 213 228 229 241 243,MEAS_V,YES,388,698,310,1,~  5TU-1,MEASURE V MOBILE HOME P,YES,387,702,1,-4,1,4,130,0.77%,5TU-1.MEASURE V MOBILE HOME PARK SPACE RENT STABILIZATION..YES
000126 ,1,1,017 018 056 103 104 212 213 228 229 241 243,PRES,DONALD_J_TRUMP,126,701,575,1,~  5TU-1,PRESIDENT AND VICE PRES,DONALD J. TRUMP      ,125,702,1,-1,1,1,340,0.29%,5TU-1.PRESIDENT AND VICE PRESIDENT.DONALD J. TRUMP      and MICHAEL R. PENCE
000126 ,1,1,017 018 056 103 104 212 213 228 229 241 243,PROP_51,YES,368,701,333,0,~  5TU-1,PROPOSITION 51 SCHOOL B,YES,369,702,-1,-1,1,1,73,1.37%,5TU-1.PROPOSITION 51 SCHOOL BONDS. FUNDING FOR K-12 SCHOOL AND COMMUNITY COLLEGE FACILITIES. INITIATIVE.YES
000126 ,1,1,017 018 056 103 104 212 213 228 229 241 243,PROP_54,NO,228,701,473,1,~  5TU-1,PROPOSITION 54 LEGISLAT,NO,227,702,1,-1,1,1,186,0.54%,5TU-1.PROPOSITION 54 LEGISLATURE. LEGISLATION AND PROCEEDINGS. INITIATIVE CONSTITUTIONAL AMENDMENT AND.NO
000126 ,1,1,017 018 056 103 104 212 213 228 229 241 243,PROP_55,NO,168,701,533,1,~  5TU-1,PROPOSITION 55 TAX EXTE,NO,167,702,1,-1,1,1,325,0.31%,5TU-1.PROPOSITION 55 TAX EXTENSION TO FUND EDUCATION AND HEALTHCARE. INITIATIVE CONSTITUTIONAL AMENDMENT..NO
000126 ,1,1,017 018 056 103 104 212 213 228 229 241 243,PROP_55,YES,491,701,210,1,~  5TU-1,PROPOSITION 55 TAX EXTE,YES,492,702,-1,-1,1,1,325,0.31%,5TU-1.PROPOSITION 55 TAX EXTENSION TO FUND EDUCATION AND HEALTHCARE. INITIATIVE CONSTITUTIONAL AMENDMENT..YES
000126 ,2,3,017 018 056 104 212 213 228 229 241 243,PROP_64,NO,256,698,442,2,~  5TU-1,PROPOSITION 64 MARIJUAN,NO,255,702,1,-4,1,4,168,0.60%,5TU-1.PROPOSITION 64 MARIJUANA LEGALIZATION. INITIATIVE STATUTE..NO
000126 ,2,3,017 018 056 104 212 213 228 229 241 243,PROP_66,YES,214,698,484,1,~  5TU-1,PROPOSITION 66 DEATH PE,YES,213,702,1,-4,1,4,195,0.51%,5TU-1.PROPOSITION 66 DEATH PENALTY. PROCEDURES. INITIATIVE STATUTE..YES
000126 ,2,3,017 018 056 104 212 213 228 229 241 243,PROP_67,NO,196,698,502,1,~  5TU-1,PROPOSITION 67 BAN ON S,NO,195,702,1,-4,1,4,283,0.35%,5TU-1.PROPOSITION 67 BAN ON SINGLE-USE PLASTIC BAGS. REFERENDUM..NO
000126 ,1,1,017 018 056 103 104 212 213 228 229 241 243,STATEASS2,KEN_ANTON,131,701,570,1,~  5TU-1,"STATE ASSEMBLY, DISTRIC",KEN ANTON,130,702,1,-1,1,1,374,0.27%,"5TU-1.STATE ASSEMBLY, DISTRICT 2.KEN ANTON"
000126 ,1,1,017 018 056 103 104 212 213 228 229 241 243,USREP,JARED_W_HUFFMAN,543,701,158,0,~  5TU-1,US REPRESENTATIVE IN CO,JARED W. HUFFMAN,544,702,-1,-1,1,1,424,0.24%,"5TU-1.US REPRESENTATIVE IN CONGRESS, DISTRICT 2.JARED W. HUFFMAN"
000126 ,1,1,017 018 056 103 104 212 213 228 229 241 243,USSEN,LORETTA_L_SANCHEZ,175,701,526,0,~  5TU-1,US SENATOR,LORETTA L. SANCHEZ,176,702,-1,-1,1,1,251,0.40%,5TU-1.US SENATOR.LORETTA L. SANCHEZ
000127 ,2,3,017 056 104 105 213 229 240 241,MEAS_Q,NO,294,613,319,1,~  5TU-4,MEASURE Q HUMBOLDT COUN,NO,295,614,-1,-1,1,1,89,1.12%,5TU-4.MEASURE Q HUMBOLDT COUNTY CREATION OF FINANCE DEPARTMENT MEASURE..NO
000127 ,2,3,017 056 104 105 213 229 240 241,MEAS_Q,YES,207,613,406,1,~  5TU-4,MEASURE Q HUMBOLDT COUN,YES,206,614,1,-1,1,1,89,1.12%,5TU-4.MEASURE Q HUMBOLDT COUNTY CREATION OF FINANCE DEPARTMENT MEASURE..YES
000127 ,2,3,017 056 104 105 213 229 240 241,MEAS_R,YES,254,613,359,1,~  5TU-4,MEASURE R HUMBOLDT COUN,YES,253,614,1,-1,1,1,14,7.14%,5TU-4.MEASURE R HUMBOLDT COUNTY FINANCE DEPARTMENT ELECTIVE OFFICE MEASURE..YES
000127 ,2,3,017 056 104 105 213 229 240 241,MEAS_S,YES,388,613,225,1,~  5TU-4,MEASURE S HUMBOLDT COUN,YES,387,614,1,-1,1,1,207,0.48%,5TU-4.MEASURE S HUMBOLDT COUNTY COMMERCIAL MARIJUANA CULTIVATION MEASURE..YES
000127 ,2,3,017 056 104 105 213 229 240 241,MEAS_V,NO,208,613,405,2,~  5TU-4,MEASURE V MOBILE HOME P,NO,207,614,1,-1,1,1,142,0.70%,5TU-4.MEASURE V MOBILE HOME PARK SPACE RENT STABILIZATION..NO
000127 ,1,1,017 056 105 106 213 229 240 241,PRES,DONALD_J_TRUMP,88,613,525,1,~  5TU-4,PRESIDENT AND VICE PRES,DONALD J. TRUMP      ,87,614,1,-1,1,1,346,0.29%,5TU-4.PRESIDENT AND VICE PRESIDENT.DONALD J. TRUMP      and MICHAEL R. PENCE
000127 ,1,1,017 056 105 106 213 229 240 241,PRES,GARY_JOHNSON,16,613,597,1,~  5TU-4,PRESIDENT AND VICE PRES,GARY JOHNSON      and,15,614,1,-1,1,1,346,0.29%,5TU-4.PRESIDENT AND VICE PRESIDENT.GARY JOHNSON      and BILL WELD
000127 ,1,1,017 056 105 106 213 229 240 241,PRES,GLORIA_ESTELA_LA_RIVA,4,613,609,1,~  5TU-4,PRESIDENT AND VICE PRES,GLORIA ESTELA LA RIVA,3,614,1,-1,1,1,346,0.29%,5TU-4.PRESIDENT AND VICE PRESIDENT.GLORIA ESTELA LA RIVA      and DENNIS J. BANKS
000127 ,1,1,017 056 105 106 213 229 240 241,PRES,HILLARY_CLINTON,434,613,179,1,~  5TU-4,PRESIDENT AND VICE PRES,HILLARY CLINTON      ,433,614,1,-1,1,1,346,0.29%,5TU-4.PRESIDENT AND VICE PRESIDENT.HILLARY CLINTON      and TIM KAINE
000127 ,1,1,017 056 105 106 213 229 240 241,PROP_51,YES,343,613,270,2,~  5TU-4,PROPOSITION 51 SCHOOL B,YES,342,614,1,-1,1,1,105,0.95%,5TU-4.PROPOSITION 51 SCHOOL BONDS. FUNDING FOR K-12 SCHOOL AND COMMUNITY COLLEGE FACILITIES. INITIATIVE.YES
000127 ,1,1,017 056 105 106 213 229 240 241,PROP_52,NO,120,613,493,1,~  5TU-4,PROPOSITION 52 MEDI-CAL,NO,121,614,-1,-1,1,1,323,0.31%,5TU-4.PROPOSITION 52 MEDI-CAL HOSPITAL FEE PROGRAM. INITIATIVE CONSTITUTIONAL AMENDMENT AND STATUTE..NO
000127 ,1,1,017 056 105 106 213 229 240 241,PROP_52,YES,445,613,168,1,~  5TU-4,PROPOSITION 52 MEDI-CAL,YES,444,614,1,-1,1,1,323,0.31%,5TU-4.PROPOSITION 52 MEDI-CAL HOSPITAL FEE PROGRAM. INITIATIVE CONSTITUTIONAL AMENDMENT AND STATUTE..YES
000127 ,1,1,017 056 105 106 213 229 240 241,PROP_53,NO,343,613,270,2,~  5TU-4,PROPOSITION 53 REVENUE ,NO,342,614,1,-1,1,1,119,0.84%,5TU-4.PROPOSITION 53 REVENUE BONDS. STATEWIDE VOTER APPROVAL. INITIATIVE CONSTITUTIONAL AMENDMENT..NO
000127 ,1,1,017 056 105 106 213 229 240 241,PROP_53,YES,224,613,389,2,~  5TU-4,PROPOSITION 53 REVENUE ,YES,223,614,1,-1,1,1,119,0.84%,5TU-4.PROPOSITION 53 REVENUE BONDS. STATEWIDE VOTER APPROVAL. INITIATIVE CONSTITUTIONAL AMENDMENT..YES
000127 ,1,1,017 056 105 106 213 229 240 241,PROP_54,NO,196,613,417,1,~  5TU-4,PROPOSITION 54 LEGISLAT,NO,195,614,1,-1,1,1,169,0.59%,5TU-4.PROPOSITION 54 LEGISLATURE. LEGISLATION AND PROCEEDINGS. INITIATIVE CONSTITUTIONAL AMENDMENT AND.NO
000127 ,1,1,017 056 105 106 213 229 240 241,PROP_54,YES,365,613,248,1,~  5TU-4,PROPOSITION 54 LEGISLAT,YES,364,614,1,-1,1,1,169,0.59%,5TU-4.PROPOSITION 54 LEGISLATURE. LEGISLATION AND PROCEEDINGS. INITIATIVE CONSTITUTIONAL AMENDMENT AND.YES
000127 ,2,3,017 056 104 105 213 229 240 241,PROP_64,NO,223,613,390,3,~  5TU-4,PROPOSITION 64 MARIJUAN,NO,222,614,1,-1,1,1,151,0.66%,5TU-4.PROPOSITION 64 MARIJUANA LEGALIZATION. INITIATIVE STATUTE..NO
000127 ,2,3,017 056 104 105 213 229 240 241,PROP_65,NO,317,613,296,3,~  5TU-4,PROPOSITION 65 CARRYOUT,NO,316,614,1,-1,1,1,50,2.00%,5TU-4.PROPOSITION 65 CARRYOUT BAGS. CHARGES. INITIATIVE STATUTE..NO
000127 ,2,3,017 056 104 105 213 229 240 241,PROP_67,NO,131,613,482,1,~  5TU-4,PROPOSITION 67 BAN ON S,NO,130,614,1,-1,1,1,325,0.31%,5TU-4.PROPOSITION 67 BAN ON SINGLE-USE PLASTIC BAGS. REFERENDUM..NO
000127 ,2,3,017 056 104 105 213 229 240 241,PROP_67,YES,456,613,157,1,~  5TU-4,PROPOSITION 67 BAN ON S,YES,455,614,1,-1,1,1,325,0.31%,5TU-4.PROPOSITION 67 BAN ON SINGLE-USE PLASTIC BAGS. REFERENDUM..YES
000127 ,1,1,017 056 105 106 213 229 240 241,USSEN,KAMALA_D_HARRIS,375,613,238,0,~  5TU-4,US SENATOR,KAMALA D. HARRIS,376,614,-1,-1,1,1,235,0.43%,5TU-4.US SENATOR.KAMALA D. HARRIS
000001 ,2,3,000 042 056 057 150 223 232 243,MEAS_Q,NO,281,632,351,1,~  1CS-1,MEASURE Q HUMBOLDT COUN,NO,281,630,0,2,0,2,18,0.00%,1CS-1.MEASURE Q HUMBOLDT COUNTY CREATION OF FINANCE DEPARTMENT MEASURE..NO
000001 ,2,3,000 042 056 057 150 223 232 243,MEAS_Q,YES,263,632,369,1,~  1CS-1,MEASURE Q HUMBOLDT COUN,YES,263,630,0,2,0,2,18,0.00%,1CS-1.MEASURE Q HUMBOLDT COUNTY CREATION OF FINANCE DEPARTMENT MEASURE..YES
000001 ,2,3,000 042 056 057 150 223 232 243,MEAS_S,NO,168,632,464,1,~  1CS-1,MEASURE S HUMBOLDT COUN,NO,168,630,0,2,0,2,251,0.00%,1CS-1.MEASURE S HUMBOLDT COUNTY COMMERCIAL MARIJUANA CULTIVATION MEASURE..NO
000001 ,2,3,000 042 056 057 150 223 232 243,MEAS_S,YES,419,632,213,1,~  1CS-1,MEASURE S HUMBOLDT COUN,YES,419,630,0,2,0,2,251,0.00%,1CS-1.MEASURE S HUMBOLDT COUNTY COMMERCIAL MARIJUANA CULTIVATION MEASURE..YES
000001 ,2,3,000 042 056 057 150 223 232 243,MEAS_U,NO,308,632,324,0,~  1CS-1,MEASURE U LOCAL TRANSPO,NO,308,630,0,2,0,2,38,0.00%,1CS-1.MEASURE U LOCAL TRANSPORTATION AUTHORITY RETAIL TRANSACTIONS AND USE TAX..NO
000001 ,2,3,000 042 056 057 150 223 232 243,MEAS_U,YES,270,632,362,0,~  1CS-1,MEASURE U LOCAL TRANSPO,YES,270,630,0,2,0,2,38,0.00%,1CS-1.MEASURE U LOCAL TRANSPORTATION AUTHORITY RETAIL TRANSACTIONS AND USE TAX..YES
000001 ,2,3,000 042 056 057 150 223 232 243,MEAS_V,YES,301,632,331,1,~  1CS-1,MEASURE V MOBILE HOME P,YES,301,630,0,2,0,2,27,0.00%,1CS-1.MEASURE V MOBILE HOME PARK SPACE RENT STABILIZATION..YES
000001 ,1,1,000 042 056 149 150 223 232 243,PRES,DONALD_J_TRUMP,221,632,411,0,~  1CS-1,PRESIDENT AND VICE PRES,DONALD J. TRUMP      ,221,630,0,2,0,2,89,0.00%,1CS-1.PRESIDENT AND VICE PRESIDENT.DONALD J. TRUMP      and MICHAEL R. PENCE
000001 ,1,1,000 042 056 149 150 223 232 243,PRES,GARY_JOHNSON,29,632,603,0,~  1CS-1,PRESIDENT AND VICE PRES,GARY JOHNSON      and,29,630,0,2,0,2,89,0.00%,1CS-1.PRESIDENT AND VICE PRESIDENT.GARY JOHNSON      and BILL WELD
000001 ,1,1,000 042 056 149 150 223 232 243,PRES,GLORIA_ESTELA_LA_RIVA,3,632,629,0,~  1CS-1,PRESIDENT AND VICE PRES,GLORIA ESTELA LA RIVA,3,630,0,2,0,2,89,0.00%,1CS-1.PRESIDENT AND VICE PRESIDENT.GLORIA ESTELA LA RIVA      and DENNIS J. BANKS
000001 ,1,1,000 042 056 149 150 223 232 243,PRES,JILL_STEIN,30,632,602,0,~  1CS-1,PRESIDENT AND VICE PRES,JILL STEIN      and A,30,630,0,2,0,2,89,0.00%,1CS-1.PRESIDENT AND VICE PRESIDENT.JILL STEIN      and AJAMU BARAKA
000001 ,1,1,000 042 056 149 150 223 232 243,PRES,Write_in,27,632,605,0,~  1CS-1,PRESIDENT AND VICE PRES,Write_in,27,630,0,2,0,2,89,0.00%,1CS-1.PRESIDENT AND VICE PRESIDENT.Write_in
000001 ,1,1,000 042 056 149 150 223 232 243,PROP_52,NO,209,632,423,0,~  1CS-1,PROPOSITION 52 MEDI-CAL,NO,209,630,0,2,0,2,171,0.00%,1CS-1.PROPOSITION 52 MEDI-CAL HOSPITAL FEE PROGRAM. INITIATIVE CONSTITUTIONAL AMENDMENT AND STATUTE..NO
000001 ,1,1,000 042 056 149 150 223 232 243,PROP_52,YES,380,632,252,0,~  1CS-1,PROPOSITION 52 MEDI-CAL,YES,380,630,0,2,0,2,171,0.00%,1CS-1.PROPOSITION 52 MEDI-CAL HOSPITAL FEE PROGRAM. INITIATIVE CONSTITUTIONAL AMENDMENT AND STATUTE..YES
000001 ,1,2,000 042 056 149 150 196 223 232 243,PROP_57,YES,383,633,250,1,~  1CS-1,PROPOSITION 57 CRIMINAL,YES,383,630,0,3,0,3,178,0.00%,1CS-1.PROPOSITION 57 CRIMINAL SENTENCES. PAROLE. JUVENILE CRIMINAL PROCEEDINGS AND SENTENCING. INITIATIVE.YES
000001 ,2,3,000 042 056 057 150 223 232 243,PROP_67,YES,346,632,286,1,~  1CS-1,PROPOSITION 67 BAN ON S,YES,346,630,0,2,0,2,91,0.00%,1CS-1.PROPOSITION 67 BAN ON SINGLE-USE PLASTIC BAGS. REFERENDUM..YES
000001 ,1,1,000 042 056 149 150 223 232 243,STATEASS2,KEN_ANTON,182,632,450,1,~  1CS-1,"STATE ASSEMBLY, DISTRIC",KEN ANTON,182,630,0,2,0,2,170,0.00%,"1CS-1.STATE ASSEMBLY, DISTRICT 2.KEN ANTON"
000001 ,1,1,000 042 056 149 150 223 232 243,USREP,DALE_K_MENSING,185,632,447,0,~  1CS-1,US REPRESENTATIVE IN CO,DALE K. MENSING,185,630,0,2,0,2,217,0.00%,"1CS-1.US REPRESENTATIVE IN CONGRESS, DISTRICT 2.DALE K. MENSING"
000002 ,2,3,000 041 042 057 058 149 223 232 243,MEAS_Q,NO,320,661,341,0,~  1CS-2,MEASURE Q HUMBOLDT COUN,NO,320,661,0,0,0,0,62,0.00%,1CS-2.MEASURE Q HUMBOLDT COUNTY CREATION OF FINANCE DEPARTMENT MEASURE..NO
000002 ,2,3,000 041 042 057 058 149 223 232 243,MEAS_Q,YES,258,661,403,0,~  1CS-2,MEASURE Q HUMBOLDT COUN,YES,258,661,0,0,0,0,62,0.00%,1CS-2.MEASURE Q HUMBOLDT COUNTY CREATION OF FINANCE DEPARTMENT MEASURE..YES
000002 ,2,3,000 041 042 057 058 149 223 232 243,MEAS_R,YES,251,661,410,1,~  1CS-2,MEASURE R HUMBOLDT COUN,YES,251,661,0,0,0,0,78,0.00%,1CS-2.MEASURE R HUMBOLDT COUNTY FINANCE DEPARTMENT ELECTIVE OFFICE MEASURE..YES
000002 ,2,3,000 041 042 057 058 149 223 232 243,MEAS_S,NO,175,661,486,0,~  1CS-2,MEASURE S HUMBOLDT COUN,NO,175,661,0,0,0,0,267,0.00%,1CS-2.MEASURE S HUMBOLDT COUNTY COMMERCIAL MARIJUANA CULTIVATION MEASURE..NO
000002 ,2,3,000 041 042 057 058 149 223 232 243,MEAS_S,YES,442,661,219,0,~  1CS-2,MEASURE S HUMBOLDT COUN,YES,442,661,0,0,0,0,267,0.00%,1CS-2.MEASURE S HUMBOLDT COUNTY COMMERCIAL MARIJUANA CULTIVATION MEASURE..YES
000002 ,2,3,000 041 042 057 058 149 223 232 243,MEAS_U,NO,346,661,315,0,~  1CS-2,MEASURE U LOCAL TRANSPO,NO,346,661,0,0,0,0,89,0.00%,1CS-2.MEASURE U LOCAL TRANSPORTATION AUTHORITY RETAIL TRANSACTIONS AND USE TAX..NO
000002 ,2,3,000 041 042 057 058 149 223 232 243,MEAS_V,NO,312,661,349,0,~  1CS-2,MEASURE V MOBILE HOME P,NO,312,661,0,0,0,0,12,0.00%,1CS-2.MEASURE V MOBILE HOME PARK SPACE RENT STABILIZATION..NO
000002 ,2,3,000 041 042 057 058 149 223 232 243,MEAS_V,YES,300,661,361,0,~  1CS-2,MEASURE V MOBILE HOME P,YES,300,661,0,0,0,0,12,0.00%,1CS-2.MEASURE V MOBILE HOME PARK SPACE RENT STABILIZATION..YES
000002 ,1,1,000 041 042 057 149 223 232 243,PRES,DONALD_J_TRUMP,265,661,396,0,~  1CS-2,PRESIDENT AND VICE PRES,DONALD J. TRUMP      ,265,661,0,0,0,0,53,0.00%,1CS-2.PRESIDENT AND VICE PRESIDENT.DONALD J. TRUMP      and MICHAEL R. PENCE
000002 ,1,1,000 041 042 057 149 223 232 243,PRES,GLORIA_ESTELA_LA_RIVA,4,661,657,0,~  1CS-2,PRESIDENT AND VICE PRES,GLORIA ESTELA LA RIVA,4,661,0,0,0,0,53,0.00%,1CS-2.PRESIDENT AND VICE PRESIDENT.GLORIA ESTELA LA RIVA      and DENNIS J. BANKS
000002 ,1,1,000 041 042 057 149 223 232 243,PRES,HILLARY_CLINTON,318,661,343,0,~  1CS-2,PRESIDENT AND VICE PRES,HILLARY CLINTON      ,318,661,0,0,0,0,53,0.00%,1CS-2.PRESIDENT AND VICE PRESIDENT.HILLARY CLINTON      and TIM KAINE
000002 ,1,1,000 041 042 057 149 223 232 243,PRES,JILL_STEIN,15,661,646,0,~  1CS-2,PRESIDENT AND VICE PRES,JILL STEIN      and A,15,661,0,0,0,0,53,0.00%,1CS-2.PRESIDENT AND VICE PRESIDENT.JILL STEIN      and AJAMU BARAKA
000002 ,1,1,000 041 042 057 149 223 232 243,PRES,Write_in,22,661,639,0,~  1CS-2,PRESIDENT AND VICE PRES,Write_in,22,661,0,0,0,0,53,0.00%,1CS-2.PRESIDENT AND VICE PRESIDENT.Write_in
000002 ,1,1,000 041 042 057 149 223 232 243,PROP_51,NO,360,661,301,0,~  1CS-2,PROPOSITION 51 SCHOOL B,NO,360,661,0,0,0,0,81,0.00%,1CS-2.PROPOSITION 51 SCHOOL BONDS. FUNDING FOR K-12 SCHOOL AND COMMUNITY COLLEGE FACILITIES. INITIATIVE.NO
000002 ,1,1,000 041 042 057 149 223 232 243,PROP_51,YES,279,661,382,0,~  1CS-2,PROPOSITION 51 SCHOOL B,YES,279,661,0,0,0,0,81,0.00%,1CS-2.PROPOSITION 51 SCHOOL BONDS. FUNDING FOR K-12 SCHOOL AND COMMUNITY COLLEGE FACILITIES. INITIATIVE.YES
000002 ,1,1,000 041 042 057 149 223 232 243,PROP_52,YES,406,661,255,1,~  1CS-2,PROPOSITION 52 MEDI-CAL,YES,406,661,0,0,0,0,182,0.00%,1CS-2.PROPOSITION 52 MEDI-CAL HOSPITAL FEE PROGRAM. INITIATIVE CONSTITUTIONAL AMENDMENT AND STATUTE..YES
000002 ,1,1,000 041 042 057 149 223 232 243,PROP_53,NO,344,661,317,0,~  1CS-2,PROPOSITION 53 REVENUE ,NO,344,661,0,0,0,0,70,0.00%,1CS-2.PROPOSITION 53 REVENUE BONDS. STATEWIDE VOTER APPROVAL. INITIATIVE CONSTITUTIONAL AMENDMENT..NO
000002 ,1,1,000 041 042 057 149 223 232 243,PROP_53,YES,274,661,387,0,~  1CS-2,PROPOSITION 53 REVENUE ,YES,274,661,0,0,0,0,70,0.00%,1CS-2.PROPOSITION 53 REVENUE BONDS. STATEWIDE VOTER APPROVAL. INITIATIVE CONSTITUTIONAL AMENDMENT..YES
000002 ,1,1,000 041 042 057 149 223 232 243,PROP_54,YES,357,661,304,2,~  1CS-2,PROPOSITION 54 LEGISLAT,YES,357,661,0,0,0,0,102,0.00%,1CS-2.PROPOSITION 54 LEGISLATURE. LEGISLATION AND PROCEEDINGS. INITIATIVE CONSTITUTIONAL AMENDMENT AND.YES
000002 ,2,3,000 041 042 057 058 149 223 232 243,PROP_64,NO,293,661,368,2,~  1CS-2,PROPOSITION 64 MARIJUAN,NO,293,661,0,0,0,0,55,0.00%,1CS-2.PROPOSITION 64 MARIJUANA LEGALIZATION. INITIATIVE STATUTE..NO
000002 ,2,3,000 041 042 057 058 149 223 232 243,PROP_66,NO,337,661,324,0,~  1CS-2,PROPOSITION 66 DEATH PE,NO,337,661,0,0,0,0,81,0.00%,1CS-2.PROPOSITION 66 DEATH PENALTY. PROCEDURES. INITIATIVE STATUTE..NO
000002 ,2,3,000 041 042 057 058 149 223 232 243,PROP_66,YES,256,661,405,0,~  1CS-2,PROPOSITION 66 DEATH PE,YES,256,661,0,0,0,0,81,0.00%,1CS-2.PROPOSITION 66 DEATH PENALTY. PROCEDURES. INITIATIVE STATUTE..YES
000002 ,2,3,000 041 042 057 058 149 223 232 243,PROP_67,NO,304,661,357,0,~  1CS-2,PROPOSITION 67 BAN ON S,NO,304,661,0,0,0,0,24,0.00%,1CS-2.PROPOSITION 67 BAN ON SINGLE-USE PLASTIC BAGS. REFERENDUM..NO
000002 ,2,3,000 041 042 057 058 149 223 232 243,PROP_67,YES,328,661,333,0,~  1CS-2,PROPOSITION 67 BAN ON S,YES,328,661,0,0,0,0,24,0.00%,1CS-2.PROPOSITION 67 BAN ON SINGLE-USE PLASTIC BAGS. REFERENDUM..YES
000002 ,1,1,000 041 042 057 149 223 232 243,STATEASS2,JIM_WOOD,380,661,281,0,~  1CS-2,"STATE ASSEMBLY, DISTRIC",JIM WOOD,380,661,0,0,0,0,191,0.00%,"1CS-2.STATE ASSEMBLY, DISTRICT 2.JIM WOOD"
000002 ,1,1,000 041 042 057 149 223 232 243,STATEASS2,KEN_ANTON,189,661,472,0,~  1CS-2,"STATE ASSEMBLY, DISTRIC",KEN ANTON,189,661,0,0,0,0,191,0.00%,"1CS-2.STATE ASSEMBLY, DISTRICT 2.KEN ANTON"
000002 ,1,1,000 041 042 057 149 223 232 243,USREP,DALE_K_MENSING,216,661,445,0,~  1CS-2,US REPRESENTATIVE IN CO,DALE K. MENSING,216,661,0,0,0,0,187,0.00%,"1CS-2.US REPRESENTATIVE IN CONGRESS, DISTRICT 2.DALE K. MENSING"
000002 ,1,1,000 041 042 057 149 223 232 243,USREP,JARED_W_HUFFMAN,403,661,258,0,~  1CS-2,US REPRESENTATIVE IN CO,JARED W. HUFFMAN,403,661,0,0,0,0,187,0.00%,"1CS-2.US REPRESENTATIVE IN CONGRESS, DISTRICT 2.JARED W. HUFFMAN"
000002 ,1,1,000 041 042 057 149 223 232 243,USSEN,KAMALA_D_HARRIS,349,661,312,0,~  1CS-2,US SENATOR,KAMALA D. HARRIS,349,661,0,0,0,0,179,0.00%,1CS-2.US SENATOR.KAMALA D. HARRIS
000002 ,1,1,000 041 042 057 149 223 232 243,USSEN,LORETTA_L_SANCHEZ,170,661,491,0,~  1CS-2,US SENATOR,LORETTA L. SANCHEZ,170,661,0,0,0,0,179,0.00%,1CS-2.US SENATOR.LORETTA L. SANCHEZ
000003 ,2,3,000 041 058 059 148 149 223 232,MEAS_R,NO,317,651,334,1,~  1CS-3,MEASURE R HUMBOLDT COUN,NO,317,650,0,1,0,1,69,0.00%,1CS-3.MEASURE R HUMBOLDT COUNTY FINANCE DEPARTMENT ELECTIVE OFFICE MEASURE..NO
000003 ,2,3,000 041 058 059 148 149 223 232,MEAS_R,YES,248,651,403,1,~  1CS-3,MEASURE R HUMBOLDT COUN,YES,248,650,0,1,0,1,69,0.00%,1CS-3.MEASURE R HUMBOLDT COUNTY FINANCE DEPARTMENT ELECTIVE OFFICE MEASURE..YES
000003 ,2,3,000 041 058 059 148 149 223 232,MEAS_U,YES,263,651,388,4,~  1CS-3,MEASURE U LOCAL TRANSPO,YES,263,650,0,1,0,1,71,0.00%,1CS-3.MEASURE U LOCAL TRANSPORTATION AUTHORITY RETAIL TRANSACTIONS AND USE TAX..YES
000003 ,1,1,000 041 058 148 149 223 232,PRES,HILLARY_CLINTON,285,650,365,0,~  1CS-3,PRESIDENT AND VICE PRES,HILLARY CLINTON      ,285,650,0,0,0,0,2,0.00%,1CS-3.PRESIDENT AND VICE PRESIDENT.HILLARY CLINTON      and TIM KAINE
000003 ,1,1,000 041 058 148 149 223 232,PRES,JILL_STEIN,17,650,633,0,~  1CS-3,PRESIDENT AND VICE PRES,JILL STEIN      and A,17,650,0,0,0,0,2,0.00%,1CS-3.PRESIDENT AND VICE PRESIDENT.JILL STEIN      and AJAMU BARAKA
000003 ,1,1,000 041 058 148 149 223 232,PROP_52,NO,251,650,399,1,~  1CS-3,PROPOSITION 52 MEDI-CAL,NO,251,650,0,0,0,0,112,0.00%,1CS-3.PROPOSITION 52 MEDI-CAL HOSPITAL FEE PROGRAM. INITIATIVE CONSTITUTIONAL AMENDMENT AND STATUTE..NO
000003 ,1,1,000 041 058 148 149 223 232,PROP_52,YES,363,650,287,1,~  1CS-3,PROPOSITION 52 MEDI-CAL,YES,363,650,0,0,0,0,112,0.00%,1CS-3.PROPOSITION 52 MEDI-CAL HOSPITAL FEE PROGRAM. INITIATIVE CONSTITUTIONAL AMENDMENT AND STATUTE..YES
000003 ,1,1,000 041 058 148 149 223 232,PROP_54,NO,244,650,406,1,~  1CS-3,PROPOSITION 54 LEGISLAT,NO,244,650,0,0,0,0,115,0.00%,1CS-3.PROPOSITION 54 LEGISLATURE. LEGISLATION AND PROCEEDINGS. INITIATIVE CONSTITUTIONAL AMENDMENT AND.NO
000003 ,1,2,000 041 058 148 149 223 232,PROP_59,NO,303,651,348,0,~  1CS-3,PROPOSITION 59 CORPORAT,NO,303,650,0,1,0,1,24,0.00%,1CS-3.PROPOSITION 59 CORPORATIONS. POLITICAL SPENDING. FEDERAL CONSTITUTIONAL PROTECTIONS..NO
000003 ,1,2,000 041 058 148 149 223 232,PROP_60,NO,361,651,290,2,~  1CS-3,PROPOSITION 60 ADULT FI,NO,361,650,0,1,0,1,136,0.00%,1CS-3.PROPOSITION 60 ADULT FILMS. CONDOMS. HEALTH REQUIREMENTS. INITIATIVE STATUTE..NO
000003 ,2,3,000 041 058 059 148 149 223 232,PROP_64,YES,330,651,321,0,~  1CS-3,PROPOSITION 64 MARIJUAN,YES,330,650,0,1,0,1,27,0.00%,1CS-3.PROPOSITION 64 MARIJUANA LEGALIZATION. INITIATIVE STATUTE..YES
000003 ,1,1,000 041 058 148 149 223 232,STATEASS2,KEN_ANTON,199,650,451,0,~  1CS-3,"STATE ASSEMBLY, DISTRIC",KEN ANTON,199,650,0,0,0,0,158,0.00%,"1CS-3.STATE ASSEMBLY, DISTRICT 2.KEN ANTON"
000003 ,1,1,000 041 058 148 149 223 232,USREP,DALE_K_MENSING,225,650,425,0,~  1CS-3,US REPRESENTATIVE IN CO,DALE K. MENSING,225,650,0,0,0,0,152,0.00%,"1CS-3.US REPRESENTATIVE IN CONGRESS, DISTRICT 2.DALE K. MENSING"
000003 ,1,1,000 041 058 148 149 223 232,USSEN,KAMALA_D_HARRIS,330,650,320,6,~  1CS-3,US SENATOR,KAMALA D. HARRIS,330,650,0,0,0,0,160,0.00%,1CS-3.US SENATOR.KAMALA D. HARRIS
000004 ,2,3,001 040 060 147 148 223 232 243,MEAS_Q,YES,283,706,423,1,~  1CS-4,MEASURE Q HUMBOLDT COUN,YES,283,706,0,0,0,0,66,0.00%,1CS-4.MEASURE Q HUMBOLDT COUNTY CREATION OF FINANCE DEPARTMENT MEASURE..YES
000004 ,2,3,001 040 060 147 148 223 232 243,MEAS_R,NO,355,706,351,0,~  1CS-4,MEASURE R HUMBOLDT COUN,NO,355,706,0,0,0,0,79,0.00%,1CS-4.MEASURE R HUMBOLDT COUNTY FINANCE DEPARTMENT ELECTIVE OFFICE MEASURE..NO
000004 ,2,3,001 040 060 147 148 223 232 243,MEAS_R,YES,276,706,430,0,~  1CS-4,MEASURE R HUMBOLDT COUN,YES,276,706,0,0,0,0,79,0.00%,1CS-4.MEASURE R HUMBOLDT COUNTY FINANCE DEPARTMENT ELECTIVE OFFICE MEASURE..YES
000004 ,2,3,001 040 060 147 148 223 232 243,MEAS_U,NO,410,706,296,0,~  1CS-4,MEASURE U LOCAL TRANSPO,NO,410,706,0,0,0,0,157,0.00%,1CS-4.MEASURE U LOCAL TRANSPORTATION AUTHORITY RETAIL TRANSACTIONS AND USE TAX..NO
000004 ,2,3,001 040 060 147 148 223 232 243,MEAS_U,YES,253,706,453,0,~  1CS-4,MEASURE U LOCAL TRANSPO,YES,253,706,0,0,0,0,157,0.00%,1CS-4.MEASURE U LOCAL TRANSPORTATION AUTHORITY RETAIL TRANSACTIONS AND USE TAX..YES
000004 ,1,1,001 040 059 060 147 148 223 232 243,PRES,DONALD_J_TRUMP,292,706,414,0,~  1CS-4,PRESIDENT AND VICE PRES,DONALD J. TRUMP      ,292,706,0,0,0,0,35,0.00%,1CS-4.PRESIDENT AND VICE PRESIDENT.DONALD J. TRUMP      and MICHAEL R. PENCE
000004 ,1,1,001 040 059 060 147 148 223 232 243,PRES,GARY_JOHNSON,27,706,679,0,~  1CS-4,PRESIDENT AND VICE PRES,GARY JOHNSON      and,27,706,0,0,0,0,35,0.00%,1CS-4.PRESIDENT AND VICE PRESIDENT.GARY JOHNSON      and BILL WELD
000004 ,1,1,001 040 059 060 147 148 223 232 243,PRES,GLORIA_ESTELA_LA_RIVA,4,706,702,0,~  1CS-4,PRESIDENT AND VICE PRES,GLORIA ESTELA LA RIVA,4,706,0,0,0,0,35,0.00%,1CS-4.PRESIDENT AND VICE PRESIDENT.GLORIA ESTELA LA RIVA      and DENNIS J. BANKS
000004 ,1,1,001 040 059 060 147 148 223 232 243,PRES,HILLARY_CLINTON,327,706,379,0,~  1CS-4,PRESIDENT AND VICE PRES,HILLARY CLINTON      ,327,706,0,0,0,0,35,0.00%,1CS-4.PRESIDENT AND VICE PRESIDENT.HILLARY CLINTON      and TIM KAINE
000004 ,1,1,001 040 059 060 147 148 223 232 243,PRES,JILL_STEIN,26,706,680,0,~  1CS-4,PRESIDENT AND VICE PRES,JILL STEIN      and A,26,706,0,0,0,0,35,0.00%,1CS-4.PRESIDENT AND VICE PRESIDENT.JILL STEIN      and AJAMU BARAKA
000004 ,1,1,001 040 059 060 147 148 223 232 243,PRES,Write_in,21,706,685,0,~  1CS-4,PRESIDENT AND VICE PRES,Write_in,21,706,0,0,0,0,35,0.00%,1CS-4.PRESIDENT AND VICE PRESIDENT.Write_in
000004 ,1,1,001 040 059 060 147 148 223 232 243,PROP_51,NO,393,706,313,1,~  1CS-4,PROPOSITION 51 SCHOOL B,NO,393,706,0,0,0,0,109,0.00%,1CS-4.PROPOSITION 51 SCHOOL BONDS. FUNDING FOR K-12 SCHOOL AND COMMUNITY COLLEGE FACILITIES. INITIATIVE.NO
000004 ,1,1,001 040 059 060 147 148 223 232 243,PROP_53,YES,327,706,379,1,~  1CS-4,PROPOSITION 53 REVENUE ,YES,327,706,0,0,0,0,1,0.00%,1CS-4.PROPOSITION 53 REVENUE BONDS. STATEWIDE VOTER APPROVAL. INITIATIVE CONSTITUTIONAL AMENDMENT..YES
000004 ,1,1,001 040 059 060 147 148 223 232 243,PROP_54,NO,273,706,433,1,~  1CS-4,PROPOSITION 54 LEGISLAT,NO,273,706,0,0,0,0,117,0.00%,1CS-4.PROPOSITION 54 LEGISLATURE. LEGISLATION AND PROCEEDINGS. INITIATIVE CONSTITUTIONAL AMENDMENT AND.NO
000004 ,1,2,001 040 059 060 147 148 223 232 243,PROP_56,NO,312,705,393,0,~  1CS-4,PROPOSITION 56 CIGARETT,NO,312,706,0,-1,0,1,67,0.00%,"1CS-4.PROPOSITION 56 CIGARETTE TAX TO FUND HEALTHCARE, TOBACCO USE PREVENTION, RESEARCH, AND.NO"
000004 ,1,2,001 040 059 060 147 148 223 232 243,PROP_57,NO,292,705,413,1,~  1CS-4,PROPOSITION 57 CRIMINAL,NO,292,706,0,-1,0,1,86,0.00%,1CS-4.PROPOSITION 57 CRIMINAL SENTENCES. PAROLE. JUVENILE CRIMINAL PROCEEDINGS AND SENTENCING. INITIATIVE.NO
000004 ,1,2,001 040 059 060 147 148 223 232 243,PROP_57,YES,378,705,327,1,~  1CS-4,PROPOSITION 57 CRIMINAL,YES,378,706,0,-1,0,1,86,0.00%,1CS-4.PROPOSITION 57 CRIMINAL SENTENCES. PAROLE. JUVENILE CRIMINAL PROCEEDINGS AND SENTENCING. INITIATIVE.YES
000004 ,1,2,001 040 059 060 147 148 223 232 243,PROP_58,NO,177,705,528,0,~  1CS-4,PROPOSITION 58 ENGLISH ,NO,177,706,0,-1,0,1,312,0.00%,1CS-4.PROPOSITION 58 ENGLISH PROFICIENCY. MULTILINGUAL EDUCATION. INITIATIVE STATUTE..NO
000004 ,1,2,001 040 059 060 147 148 223 232 243,PROP_60,NO,392,705,313,3,~  1CS-4,PROPOSITION 60 ADULT FI,NO,392,706,0,-1,0,1,139,0.00%,1CS-4.PROPOSITION 60 ADULT FILMS. CONDOMS. HEALTH REQUIREMENTS. INITIATIVE STATUTE..NO
000004 ,1,2,001 040 059 060 147 148 223 232 243,PROP_61,NO,353,705,352,2,~  1CS-4,PROPOSITION 61 STATE PR,NO,353,706,0,-1,0,1,57,0.00%,1CS-4.PROPOSITION 61 STATE PRESCRIPTION DRUG PURCHASES. PRICING STANDARDS. INITIATIVE STATUTE..NO
000004 ,1,2,001 040 059 060 147 148 223 232 243,PROP_62,NO,395,705,310,0,~  1CS-4,PROPOSITION 62 DEATH PE,NO,395,706,0,-1,0,1,118,0.00%,1CS-4.PROPOSITION 62 DEATH PENALTY. INITIATIVE STATUTE..NO
000004 ,1,2,001 040 059 060 147 148 223 232 243,PROP_63,NO,369,705,336,1,~  1CS-4,PROPOSITION 63 FIREARMS,NO,369,706,0,-1,0,1,66,0.00%,1CS-4.PROPOSITION 63 FIREARMS. AMMUNITION SALES. INITIATIVE STATUTE..NO
000004 ,2,3,001 040 060 147 148 223 232 243,PROP_64,NO,301,706,405,0,~  1CS-4,PROPOSITION 64 MARIJUAN,NO,301,706,0,0,0,0,88,0.00%,1CS-4.PROPOSITION 64 MARIJUANA LEGALIZATION. INITIATIVE STATUTE..NO
000004 ,2,3,001 040 060 147 148 223 232 243,PROP_64,YES,389,706,317,0,~  1CS-4,PROPOSITION 64 MARIJUAN,YES,389,706,0,0,0,0,88,0.00%,1CS-4.PROPOSITION 64 MARIJUANA LEGALIZATION. INITIATIVE STATUTE..YES
000004 ,2,3,001 040 060 147 148 223 232 243,PROP_67,NO,346,706,360,1,~  1CS-4,PROPOSITION 67 BAN ON S,NO,346,706,0,0,0,0,14,0.00%,1CS-4.PROPOSITION 67 BAN ON SINGLE-USE PLASTIC BAGS. REFERENDUM..NO
000004 ,1,1,001 040 059 060 147 148 223 232 243,STATEASS2,KEN_ANTON,221,706,485,0,~  1CS-4,"STATE ASSEMBLY, DISTRIC",KEN ANTON,221,706,0,0,0,0,164,0.00%,"1CS-4.STATE ASSEMBLY, DISTRICT 2.KEN ANTON"
000004 ,1,1,001 040 059 060 147 148 223 232 243,USREP,JARED_W_HUFFMAN,422,706,284,0,~  1CS-4,US REPRESENTATIVE IN CO,JARED W. HUFFMAN,422,706,0,0,0,0,169,0.00%,"1CS-4.US REPRESENTATIVE IN CONGRESS, DISTRICT 2.JARED W. HUFFMAN"
000004 ,1,1,001 040 059 060 147 148 223 232 243,USSEN,KAMALA_D_HARRIS,361,706,345,0,~  1CS-4,US SENATOR,KAMALA D. HARRIS,361,706,0,0,0,0,175,0.00%,1CS-4.US SENATOR.KAMALA D. HARRIS
000004 ,1,1,001 040 059 060 147 148 223 232 243,USSEN,LORETTA_L_SANCHEZ,186,706,520,0,~  1CS-4,US SENATOR,LORETTA L. SANCHEZ,186,706,0,0,0,0,175,0.00%,1CS-4.US SENATOR.LORETTA L. SANCHEZ
000005 ,1,1,001 038 039 061 146 147 223 233,EKA_CC,AUSTIN_ALLISON,371,737,366,0,~  1E-36,EUREKA CITY COUNCILMEMB,AUSTIN ALLISON,371,737,0,0,0,0,73,0.00%,1E-36.EUREKA CITY COUNCILMEMBER.AUSTIN ALLISON
000005 ,1,1,001 038 039 061 146 147 223 233,EKA_CC,HEIDI_S_MESSNER,444,737,293,0,~  1E-36,EUREKA CITY COUNCILMEMB,HEIDI S. MESSNER,444,737,0,0,0,0,73,0.00%,1E-36.EUREKA CITY COUNCILMEMBER.HEIDI S. MESSNER
000005 ,1,1,001 038 039 061 146 147 223 233,EKA_CC,JOHN_B_FULLERTON,299,737,438,0,~  1E-36,EUREKA CITY COUNCILMEMB,JOHN B. FULLERTON,299,737,0,0,0,0,73,0.00%,1E-36.EUREKA CITY COUNCILMEMBER.JOHN B. FULLERTON
000005 ,1,1,001 038 039 061 146 147 223 233,EKA_CC,Write_in,27,1474,1447,0,~  1E-36,EUREKA CITY COUNCILMEMB,Write_in,27,737,0,737,0,737,73,0.00%,1E-36.EUREKA CITY COUNCILMEMBER.Write_in
000005 ,2,4,001 038 039 060 061 146 147 223 233,MEAS_O,YES,365,737,372,3,~  1E-36,MEASURE O CITY OF EUREK,YES,365,737,0,0,0,0,81,0.00%,1E-36.MEASURE O CITY OF EUREKA LOW INCOME HOUSING UNITS..YES
000005 ,2,3,001 038 039 060 061 146 147 223 233,MEAS_Q,NO,309,737,428,0,~  1E-36,MEASURE Q HUMBOLDT COUN,NO,309,737,0,0,0,0,35,0.00%,1E-36.MEASURE Q HUMBOLDT COUNTY CREATION OF FINANCE DEPARTMENT MEASURE..NO
000005 ,2,3,001 038 039 060 061 146 147 223 233,MEAS_Q,YES,344,737,393,0,~  1E-36,MEASURE Q HUMBOLDT COUN,YES,344,737,0,0,0,0,35,0.00%,1E-36.MEASURE Q HUMBOLDT COUNTY CREATION OF FINANCE DEPARTMENT MEASURE..YES
000005 ,2,4,001 038 039 060 061 146 147 223 233,MEAS_V,NO,287,737,450,0,~  1E-36,MEASURE V MOBILE HOME P,NO,287,737,0,0,0,0,103,0.00%,1E-36.MEASURE V MOBILE HOME PARK SPACE RENT STABILIZATION..NO
000005 ,2,4,001 038 039 060 061 146 147 223 233,MEAS_V,YES,390,737,347,0,~  1E-36,MEASURE V MOBILE HOME P,YES,390,737,0,0,0,0,103,0.00%,1E-36.MEASURE V MOBILE HOME PARK SPACE RENT STABILIZATION..YES
000005 ,1,1,001 038 039 061 146 147 223 233,PRES,DONALD_J_TRUMP,207,737,530,0,~  1E-36,PRESIDENT AND VICE PRES,DONALD J. TRUMP      ,207,737,0,0,0,0,203,0.00%,1E-36.PRESIDENT AND VICE PRESIDENT.DONALD J. TRUMP      and MICHAEL R. PENCE
000005 ,1,1,001 038 039 061 146 147 223 233,PRES,GARY_JOHNSON,33,737,704,0,~  1E-36,PRESIDENT AND VICE PRES,GARY JOHNSON      and,33,737,0,0,0,0,203,0.00%,1E-36.PRESIDENT AND VICE PRESIDENT.GARY JOHNSON      and BILL WELD
000005 ,1,1,001 038 039 061 146 147 223 233,PRES,JILL_STEIN,39,737,698,0,~  1E-36,PRESIDENT AND VICE PRES,JILL STEIN      and A,39,737,0,0,0,0,203,0.00%,1E-36.PRESIDENT AND VICE PRESIDENT.JILL STEIN      and AJAMU BARAKA
000005 ,1,1,001 038 039 061 146 147 223 233,PRES,Write_in,32,737,705,0,~  1E-36,PRESIDENT AND VICE PRES,Write_in,32,737,0,0,0,0,203,0.00%,1E-36.PRESIDENT AND VICE PRESIDENT.Write_in
000005 ,1,1,001 038 039 061 146 147 223 233,PROP_51,NO,310,737,427,0,~  1E-36,PROPOSITION 51 SCHOOL B,NO,310,737,0,0,0,0,75,0.00%,1E-36.PROPOSITION 51 SCHOOL BONDS. FUNDING FOR K-12 SCHOOL AND COMMUNITY COLLEGE FACILITIES. INITIATIVE.NO
000005 ,1,1,001 038 039 061 146 147 223 233,PROP_51,YES,385,737,352,0,~  1E-36,PROPOSITION 51 SCHOOL B,YES,385,737,0,0,0,0,75,0.00%,1E-36.PROPOSITION 51 SCHOOL BONDS. FUNDING FOR K-12 SCHOOL AND COMMUNITY COLLEGE FACILITIES. INITIATIVE.YES
000005 ,1,1,001 038 039 061 146 147 223 233,PROP_52,NO,223,737,514,0,~  1E-36,PROPOSITION 52 MEDI-CAL,NO,223,737,0,0,0,0,236,0.00%,1E-36.PROPOSITION 52 MEDI-CAL HOSPITAL FEE PROGRAM. INITIATIVE CONSTITUTIONAL AMENDMENT AND STATUTE..NO
000005 ,1,1,001 038 039 061 146 147 223 233,PROP_52,YES,459,737,278,0,~  1E-36,PROPOSITION 52 MEDI-CAL,YES,459,737,0,0,0,0,236,0.00%,1E-36.PROPOSITION 52 MEDI-CAL HOSPITAL FEE PROGRAM. INITIATIVE CONSTITUTIONAL AMENDMENT AND STATUTE..YES
000005 ,1,1,001 038 039 061 146 147 223 233,PROP_53,NO,396,737,341,0,~  1E-36,PROPOSITION 53 REVENUE ,NO,396,737,0,0,0,0,111,0.00%,1E-36.PROPOSITION 53 REVENUE BONDS. STATEWIDE VOTER APPROVAL. INITIATIVE CONSTITUTIONAL AMENDMENT..NO
000005 ,1,1,001 038 039 061 146 147 223 233,PROP_53,YES,285,737,452,0,~  1E-36,PROPOSITION 53 REVENUE ,YES,285,737,0,0,0,0,111,0.00%,1E-36.PROPOSITION 53 REVENUE BONDS. STATEWIDE VOTER APPROVAL. INITIATIVE CONSTITUTIONAL AMENDMENT..YES
000005 ,1,1,001 038 039 061 146 147 223 233,PROP_54,NO,286,737,451,0,~  1E-36,PROPOSITION 54 LEGISLAT,NO,286,737,0,0,0,0,116,0.00%,1E-36.PROPOSITION 54 LEGISLATURE. LEGISLATION AND PROCEEDINGS. INITIATIVE CONSTITUTIONAL AMENDMENT AND.NO
000005 ,1,1,001 038 039 061 146 147 223 233,PROP_54,YES,402,737,335,0,~  1E-36,PROPOSITION 54 LEGISLAT,YES,402,737,0,0,0,0,116,0.00%,1E-36.PROPOSITION 54 LEGISLATURE. LEGISLATION AND PROCEEDINGS. INITIATIVE CONSTITUTIONAL AMENDMENT AND.YES
000005 ,1,2,001 038 039 061 146 147 223 233,PROP_55,NO,213,737,524,0,~  1E-36,PROPOSITION 55 TAX EXTE,NO,213,737,0,0,0,0,273,0.00%,1E-36.PROPOSITION 55 TAX EXTENSION TO FUND EDUCATION AND HEALTHCARE. INITIATIVE CONSTITUTIONAL AMENDMENT..NO
000005 ,1,2,001 038 039 061 146 147 223 233,PROP_55,YES,486,737,251,0,~  1E-36,PROPOSITION 55 TAX EXTE,YES,486,737,0,0,0,0,273,0.00%,1E-36.PROPOSITION 55 TAX EXTENSION TO FUND EDUCATION AND HEALTHCARE. INITIATIVE CONSTITUTIONAL AMENDMENT..YES
000005 ,1,2,001 038 039 061 146 147 223 233,PROP_56,NO,274,737,463,0,~  1E-36,PROPOSITION 56 CIGARETT,NO,274,737,0,0,0,0,165,0.00%,"1E-36.PROPOSITION 56 CIGARETTE TAX TO FUND HEALTHCARE, TOBACCO USE PREVENTION, RESEARCH, AND.NO"
000005 ,1,2,001 038 039 061 146 147 223 233,PROP_56,YES,439,737,298,0,~  1E-36,PROPOSITION 56 CIGARETT,YES,439,737,0,0,0,0,165,0.00%,"1E-36.PROPOSITION 56 CIGARETTE TAX TO FUND HEALTHCARE, TOBACCO USE PREVENTION, RESEARCH, AND.YES"
000005 ,1,2,001 038 039 061 146 147 223 233,PROP_57,NO,241,737,496,1,~  1E-36,PROPOSITION 57 CRIMINAL,NO,241,737,0,0,0,0,214,0.00%,1E-36.PROPOSITION 57 CRIMINAL SENTENCES. PAROLE. JUVENILE CRIMINAL PROCEEDINGS AND SENTENCING. INITIATIVE.NO
000005 ,1,2,001 038 039 061 146 147 223 233,PROP_58,NO,171,737,566,0,~  1E-36,PROPOSITION 58 ENGLISH ,NO,171,737,0,0,0,0,357,0.00%,1E-36.PROPOSITION 58 ENGLISH PROFICIENCY. MULTILINGUAL EDUCATION. INITIATIVE STATUTE..NO
000005 ,1,2,001 038 039 061 146 147 223 233,PROP_59,NO,250,737,487,0,~  1E-36,PROPOSITION 59 CORPORAT,NO,250,737,0,0,0,0,171,0.00%,1E-36.PROPOSITION 59 CORPORATIONS. POLITICAL SPENDING. FEDERAL CONSTITUTIONAL PROTECTIONS..NO
000005 ,1,2,001 038 039 061 146 147 223 233,PROP_59,YES,421,737,316,0,~  1E-36,PROPOSITION 59 CORPORAT,YES,421,737,0,0,0,0,171,0.00%,1E-36.PROPOSITION 59 CORPORATIONS. POLITICAL SPENDING. FEDERAL CONSTITUTIONAL PROTECTIONS..YES
000005 ,1,2,001 038 039 061 146 147 223 233,PROP_60,NO,424,737,313,0,~  1E-36,PROPOSITION 60 ADULT FI,NO,424,737,0,0,0,0,174,0.00%,1E-36.PROPOSITION 60 ADULT FILMS. CONDOMS. HEALTH REQUIREMENTS. INITIATIVE STATUTE..NO
000005 ,1,2,001 038 039 061 146 147 223 233,PROP_60,YES,250,737,487,0,~  1E-36,PROPOSITION 60 ADULT FI,YES,250,737,0,0,0,0,174,0.00%,1E-36.PROPOSITION 60 ADULT FILMS. CONDOMS. HEALTH REQUIREMENTS. INITIATIVE STATUTE..YES
000005 ,1,2,001 038 039 061 146 147 223 233,PROP_61,YES,332,737,405,2,~  1E-36,PROPOSITION 61 STATE PR,YES,332,737,0,0,0,0,6,0.00%,1E-36.PROPOSITION 61 STATE PRESCRIPTION DRUG PURCHASES. PRICING STANDARDS. INITIATIVE STATUTE..YES
000005 ,1,2,001 038 039 061 146 147 223 233,PROP_62,NO,324,737,413,1,~  1E-36,PROPOSITION 62 DEATH PE,NO,324,737,0,0,0,0,58,0.00%,1E-36.PROPOSITION 62 DEATH PENALTY. INITIATIVE STATUTE..NO
000005 ,2,3,001 038 039 060 061 146 147 223 233,PROP_63,NO,302,737,435,0,~  1E-36,PROPOSITION 63 FIREARMS,NO,302,737,0,0,0,0,108,0.00%,1E-36.PROPOSITION 63 FIREARMS. AMMUNITION SALES. INITIATIVE STATUTE..NO
000005 ,2,3,001 038 039 060 061 146 147 223 233,PROP_63,YES,410,737,327,0,~  1E-36,PROPOSITION 63 FIREARMS,YES,410,737,0,0,0,0,108,0.00%,1E-36.PROPOSITION 63 FIREARMS. AMMUNITION SALES. INITIATIVE STATUTE..YES
000005 ,2,3,001 038 039 060 061 146 147 223 233,PROP_64,NO,281,737,456,0,~  1E-36,PROPOSITION 64 MARIJUAN,NO,281,737,0,0,0,0,158,0.00%,1E-36.PROPOSITION 64 MARIJUANA LEGALIZATION. INITIATIVE STATUTE..NO
000005 ,2,3,001 038 039 060 061 146 147 223 233,PROP_64,YES,439,737,298,0,~  1E-36,PROPOSITION 64 MARIJUAN,YES,439,737,0,0,0,0,158,0.00%,1E-36.PROPOSITION 64 MARIJUANA LEGALIZATION. INITIATIVE STATUTE..YES
000005 ,2,3,001 038 039 060 061 146 147 223 233,PROP_65,NO,414,737,323,0,~  1E-36,PROPOSITION 65 CARRYOUT,NO,414,737,0,0,0,0,127,0.00%,1E-36.PROPOSITION 65 CARRYOUT BAGS. CHARGES. INITIATIVE STATUTE..NO
000005 ,2,3,001 038 039 060 061 146 147 223 233,PROP_65,YES,287,737,450,0,~  1E-36,PROPOSITION 65 CARRYOUT,YES,287,737,0,0,0,0,127,0.00%,1E-36.PROPOSITION 65 CARRYOUT BAGS. CHARGES. INITIATIVE STATUTE..YES
000005 ,2,3,001 038 039 060 061 146 147 223 233,PROP_66,NO,389,737,348,0,~  1E-36,PROPOSITION 66 DEATH PE,NO,389,737,0,0,0,0,104,0.00%,1E-36.PROPOSITION 66 DEATH PENALTY. PROCEDURES. INITIATIVE STATUTE..NO
000005 ,2,3,001 038 039 060 061 146 147 223 233,PROP_66,YES,285,737,452,0,~  1E-36,PROPOSITION 66 DEATH PE,YES,285,737,0,0,0,0,104,0.00%,1E-36.PROPOSITION 66 DEATH PENALTY. PROCEDURES. INITIATIVE STATUTE..YES
000005 ,2,3,001 038 039 060 061 146 147 223 233,PROP_67,NO,259,737,478,0,~  1E-36,PROPOSITION 67 BAN ON S,NO,259,737,0,0,0,0,185,0.00%,1E-36.PROPOSITION 67 BAN ON SINGLE-USE PLASTIC BAGS. REFERENDUM..NO
000005 ,2,3,001 038 039 060 061 146 147 223 233,PROP_67,YES,444,737,293,0,~  1E-36,PROPOSITION 67 BAN ON S,YES,444,737,0,0,0,0,185,0.00%,1E-36.PROPOSITION 67 BAN ON SINGLE-USE PLASTIC BAGS. REFERENDUM..YES
000005 ,1,1,001 038 039 061 146 147 223 233,STATEASS2,JIM_WOOD,460,737,277,1,~  1E-36,"STATE ASSEMBLY, DISTRIC",JIM WOOD,460,737,0,0,0,0,272,0.00%,"1E-36.STATE ASSEMBLY, DISTRICT 2.JIM WOOD"
000005 ,1,1,001 038 039 061 146 147 223 233,USREP,DALE_K_MENSING,195,737,542,0,~  1E-36,US REPRESENTATIVE IN CO,DALE K. MENSING,195,737,0,0,0,0,307,0.00%,"1E-36.US REPRESENTATIVE IN CONGRESS, DISTRICT 2.DALE K. MENSING"
000005 ,1,1,001 038 039 061 146 147 223 233,USREP,JARED_W_HUFFMAN,502,737,235,0,~  1E-36,US REPRESENTATIVE IN CO,JARED W. HUFFMAN,502,737,0,0,0,0,307,0.00%,"1E-36.US REPRESENTATIVE IN CONGRESS, DISTRICT 2.JARED W. HUFFMAN"
000005 ,1,1,001 038 039 061 146 147 223 233,USSEN,KAMALA_D_HARRIS,418,737,319,1,~  1E-36,US SENATOR,KAMALA D. HARRIS,418,737,0,0,0,0,240,0.00%,1E-36.US SENATOR.KAMALA D. HARRIS
000006 ,1,1,000 001 038 061 062 146 223 233,EKA_CC,AUSTIN_ALLISON,336,674,338,0,~  1E-43,EUREKA CITY COUNCILMEMB,AUSTIN ALLISON,336,674,0,0,0,0,84,0.00%,1E-43.EUREKA CITY COUNCILMEMBER.AUSTIN ALLISON
000006 ,1,1,000 001 038 061 062 146 223 233,EKA_CC,HEIDI_S_MESSNER,420,674,254,0,~  1E-43,EUREKA CITY COUNCILMEMB,HEIDI S. MESSNER,420,674,0,0,0,0,84,0.00%,1E-43.EUREKA CITY COUNCILMEMBER.HEIDI S. MESSNER
000006 ,1,1,000 001 038 061 062 146 223 233,EKA_CC,JOHN_B_FULLERTON,285,674,389,0,~  1E-43,EUREKA CITY COUNCILMEMB,JOHN B. FULLERTON,285,674,0,0,0,0,84,0.00%,1E-43.EUREKA CITY COUNCILMEMBER.JOHN B. FULLERTON
000006 ,2,4,000 001 038 061 062 146 223 233,MEAS_O,NO,275,674,399,0,~  1E-43,MEASURE O CITY OF EUREK,NO,275,674,0,0,0,0,56,0.00%,1E-43.MEASURE O CITY OF EUREKA LOW INCOME HOUSING UNITS..NO
000006 ,2,4,000 001 038 061 062 146 223 233,MEAS_O,YES,331,674,343,0,~  1E-43,MEASURE O CITY OF EUREK,YES,331,674,0,0,0,0,56,0.00%,1E-43.MEASURE O CITY OF EUREKA LOW INCOME HOUSING UNITS..YES
000006 ,2,3,000 001 038 061 062 146 223 233,MEAS_Q,NO,323,674,351,0,~  1E-43,MEASURE Q HUMBOLDT COUN,NO,323,674,0,0,0,0,51,0.00%,1E-43.MEASURE Q HUMBOLDT COUNTY CREATION OF FINANCE DEPARTMENT MEASURE..NO
000006 ,2,3,000 001 038 061 062 146 223 233,MEAS_Q,YES,272,674,402,0,~  1E-43,MEASURE Q HUMBOLDT COUN,YES,272,674,0,0,0,0,51,0.00%,1E-43.MEASURE Q HUMBOLDT COUNTY CREATION OF FINANCE DEPARTMENT MEASURE..YES
000006 ,2,3,000 001 038 061 062 146 223 233,MEAS_R,NO,297,674,377,0,~  1E-43,MEASURE R HUMBOLDT COUN,NO,297,674,0,0,0,0,8,0.00%,1E-43.MEASURE R HUMBOLDT COUNTY FINANCE DEPARTMENT ELECTIVE OFFICE MEASURE..NO
000006 ,2,3,000 001 038 061 062 146 223 233,MEAS_R,YES,289,674,385,0,~  1E-43,MEASURE R HUMBOLDT COUN,YES,289,674,0,0,0,0,8,0.00%,1E-43.MEASURE R HUMBOLDT COUNTY FINANCE DEPARTMENT ELECTIVE OFFICE MEASURE..YES
000006 ,2,3,000 001 038 061 062 146 223 233,MEAS_S,NO,169,674,505,0,~  1E-43,MEASURE S HUMBOLDT COUN,NO,169,674,0,0,0,0,290,0.00%,1E-43.MEASURE S HUMBOLDT COUNTY COMMERCIAL MARIJUANA CULTIVATION MEASURE..NO
000006 ,2,3,000 001 038 061 062 146 223 233,MEAS_S,YES,459,674,215,0,~  1E-43,MEASURE S HUMBOLDT COUN,YES,459,674,0,0,0,0,290,0.00%,1E-43.MEASURE S HUMBOLDT COUNTY COMMERCIAL MARIJUANA CULTIVATION MEASURE..YES
000006 ,1,1,000 001 038 061 062 146 223 233,PRES,DONALD_J_TRUMP,211,674,463,0,~  1E-43,PRESIDENT AND VICE PRES,DONALD J. TRUMP      ,211,674,0,0,0,0,169,0.00%,1E-43.PRESIDENT AND VICE PRESIDENT.DONALD J. TRUMP      and MICHAEL R. PENCE
000006 ,1,1,000 001 038 061 062 146 223 233,PRES,GARY_JOHNSON,34,674,640,0,~  1E-43,PRESIDENT AND VICE PRES,GARY JOHNSON      and,34,674,0,0,0,0,169,0.00%,1E-43.PRESIDENT AND VICE PRESIDENT.GARY JOHNSON      and BILL WELD
000006 ,1,1,000 001 038 061 062 146 223 233,PRES,GLORIA_ESTELA_LA_RIVA,2,674,672,0,~  1E-43,PRESIDENT AND VICE PRES,GLORIA ESTELA LA RIVA,2,674,0,0,0,0,169,0.00%,1E-43.PRESIDENT AND VICE PRESIDENT.GLORIA ESTELA LA RIVA      and DENNIS J. BANKS
000006 ,1,1,000 001 038 061 062 146 223 233,PRES,HILLARY_CLINTON,380,674,294,0,~  1E-43,PRESIDENT AND VICE PRES,HILLARY CLINTON      ,380,674,0,0,0,0,169,0.00%,1E-43.PRESIDENT AND VICE PRESIDENT.HILLARY CLINTON      and TIM KAINE
000006 ,1,1,000 001 038 061 062 146 223 233,PRES,JILL_STEIN,19,674,655,0,~  1E-43,PRESIDENT AND VICE PRES,JILL STEIN      and A,19,674,0,0,0,0,169,0.00%,1E-43.PRESIDENT AND VICE PRESIDENT.JILL STEIN      and AJAMU BARAKA
000006 ,1,1,000 001 038 061 062 146 223 233,PRES,Write_in,21,674,653,0,~  1E-43,PRESIDENT AND VICE PRES,Write_in,21,674,0,0,0,0,169,0.00%,1E-43.PRESIDENT AND VICE PRESIDENT.Write_in
000006 ,1,1,000 001 038 061 062 146 223 233,PROP_51,NO,327,674,347,0,~  1E-43,PROPOSITION 51 SCHOOL B,NO,327,674,0,0,0,0,22,0.00%,1E-43.PROPOSITION 51 SCHOOL BONDS. FUNDING FOR K-12 SCHOOL AND COMMUNITY COLLEGE FACILITIES. INITIATIVE.NO
000006 ,1,1,000 001 038 061 062 146 223 233,PROP_51,YES,305,674,369,0,~  1E-43,PROPOSITION 51 SCHOOL B,YES,305,674,0,0,0,0,22,0.00%,1E-43.PROPOSITION 51 SCHOOL BONDS. FUNDING FOR K-12 SCHOOL AND COMMUNITY COLLEGE FACILITIES. INITIATIVE.YES
000006 ,1,1,000 001 038 061 062 146 223 233,PROP_52,YES,453,674,221,1,~  1E-43,PROPOSITION 52 MEDI-CAL,YES,453,674,0,0,0,0,281,0.00%,1E-43.PROPOSITION 52 MEDI-CAL HOSPITAL FEE PROGRAM. INITIATIVE CONSTITUTIONAL AMENDMENT AND STATUTE..YES
000006 ,1,1,000 001 038 061 062 146 223 233,PROP_53,YES,284,674,390,4,~  1E-43,PROPOSITION 53 REVENUE ,YES,284,674,0,0,0,0,51,0.00%,1E-43.PROPOSITION 53 REVENUE BONDS. STATEWIDE VOTER APPROVAL. INITIATIVE CONSTITUTIONAL AMENDMENT..YES
000006 ,1,1,000 001 038 061 062 146 223 233,PROP_54,NO,252,674,422,1,~  1E-43,PROPOSITION 54 LEGISLAT,NO,252,674,0,0,0,0,114,0.00%,1E-43.PROPOSITION 54 LEGISLATURE. LEGISLATION AND PROCEEDINGS. INITIATIVE CONSTITUTIONAL AMENDMENT AND.NO
000006 ,1,2,000 001 038 061 062 146 223 233,PROP_55,NO,209,674,465,0,~  1E-43,PROPOSITION 55 TAX EXTE,NO,209,674,0,0,0,0,219,0.00%,1E-43.PROPOSITION 55 TAX EXTENSION TO FUND EDUCATION AND HEALTHCARE. INITIATIVE CONSTITUTIONAL AMENDMENT..NO
000006 ,1,2,000 001 038 061 062 146 223 233,PROP_55,YES,428,674,246,0,~  1E-43,PROPOSITION 55 TAX EXTE,YES,428,674,0,0,0,0,219,0.00%,1E-43.PROPOSITION 55 TAX EXTENSION TO FUND EDUCATION AND HEALTHCARE. INITIATIVE CONSTITUTIONAL AMENDMENT..YES
000006 ,1,2,000 001 038 061 062 146 223 233,PROP_57,NO,227,674,447,0,~  1E-43,PROPOSITION 57 CRIMINAL,NO,227,674,0,0,0,0,180,0.00%,1E-43.PROPOSITION 57 CRIMINAL SENTENCES. PAROLE. JUVENILE CRIMINAL PROCEEDINGS AND SENTENCING. INITIATIVE.NO
000006 ,1,2,000 001 038 061 062 146 223 233,PROP_57,YES,407,674,267,0,~  1E-43,PROPOSITION 57 CRIMINAL,YES,407,674,0,0,0,0,180,0.00%,1E-43.PROPOSITION 57 CRIMINAL SENTENCES. PAROLE. JUVENILE CRIMINAL PROCEEDINGS AND SENTENCING. INITIATIVE.YES
000006 ,1,2,000 001 038 061 062 146 223 233,PROP_58,YES,480,674,194,1,~  1E-43,PROPOSITION 58 ENGLISH ,YES,480,674,0,0,0,0,330,0.00%,1E-43.PROPOSITION 58 ENGLISH PROFICIENCY. MULTILINGUAL EDUCATION. INITIATIVE STATUTE..YES
000006 ,1,2,000 001 038 061 062 146 223 233,PROP_59,YES,335,674,339,2,~  1E-43,PROPOSITION 59 CORPORAT,YES,335,674,0,0,0,0,68,0.00%,1E-43.PROPOSITION 59 CORPORATIONS. POLITICAL SPENDING. FEDERAL CONSTITUTIONAL PROTECTIONS..YES
000006 ,1,2,000 001 038 061 062 146 223 233,PROP_60,YES,220,674,454,1,~  1E-43,PROPOSITION 60 ADULT FI,YES,220,674,0,0,0,0,166,0.00%,1E-43.PROPOSITION 60 ADULT FILMS. CONDOMS. HEALTH REQUIREMENTS. INITIATIVE STATUTE..YES
000006 ,2,3,000 001 038 061 062 146 223 233,PROP_63,NO,297,674,377,0,~  1E-43,PROPOSITION 63 FIREARMS,NO,297,674,0,0,0,0,56,0.00%,1E-43.PROPOSITION 63 FIREARMS. AMMUNITION SALES. INITIATIVE STATUTE..NO
000006 ,2,3,000 001 038 061 062 146 223 233,PROP_63,YES,353,674,321,0,~  1E-43,PROPOSITION 63 FIREARMS,YES,353,674,0,0,0,0,56,0.00%,1E-43.PROPOSITION 63 FIREARMS. AMMUNITION SALES. INITIATIVE STATUTE..YES
000006 ,2,3,000 001 038 061 062 146 223 233,PROP_64,YES,394,674,280,1,~  1E-43,PROPOSITION 64 MARIJUAN,YES,394,674,0,0,0,0,138,0.00%,1E-43.PROPOSITION 64 MARIJUANA LEGALIZATION. INITIATIVE STATUTE..YES
000006 ,2,3,000 001 038 061 062 146 223 233,PROP_65,YES,277,674,397,1,~  1E-43,PROPOSITION 65 CARRYOUT,YES,277,674,0,0,0,0,81,0.00%,1E-43.PROPOSITION 65 CARRYOUT BAGS. CHARGES. INITIATIVE STATUTE..YES
000006 ,1,1,000 001 038 061 062 146 223 233,STATEASS2,JIM_WOOD,421,674,253,0,~  1E-43,"STATE ASSEMBLY, DISTRIC",JIM WOOD,421,674,0,0,0,0,266,0.00%,"1E-43.STATE ASSEMBLY, DISTRICT 2.JIM WOOD"
000006 ,1,1,000 001 038 061 062 146 223 233,STATEASS2,KEN_ANTON,155,674,519,0,~  1E-43,"STATE ASSEMBLY, DISTRIC",KEN ANTON,155,674,0,0,0,0,266,0.00%,"1E-43.STATE ASSEMBLY, DISTRICT 2.KEN ANTON"
000006 ,1,1,000 001 038 061 062 146 223 233,USREP,JARED_W_HUFFMAN,459,674,215,1,~  1E-43,US REPRESENTATIVE IN CO,JARED W. HUFFMAN,459,674,0,0,0,0,288,0.00%,"1E-43.US REPRESENTATIVE IN CONGRESS, DISTRICT 2.JARED W. HUFFMAN"
000006 ,1,1,000 001 038 061 062 146 223 233,USSEN,LORETTA_L_SANCHEZ,149,674,525,0,~  1E-43,US SENATOR,LORETTA L. SANCHEZ,149,674,0,0,0,0,238,0.00%,1E-43.US SENATOR.LORETTA L. SANCHEZ
000007 ,1,1,002 038 062 063 151 152 223 224 229 233 243,EKA_CC,AUSTIN_ALLISON,279,696,417,0,~  1E-45,EUREKA CITY COUNCILMEMB,AUSTIN ALLISON,279,697,0,-1,0,1,55,0.00%,1E-45.EUREKA CITY COUNCILMEMBER.AUSTIN ALLISON
000007 ,1,1,002 038 062 063 151 152 223 224 229 233 243,EKA_CC,HEIDI_S_MESSNER,410,696,286,0,~  1E-45,EUREKA CITY COUNCILMEMB,HEIDI S. MESSNER,410,697,0,-1,0,1,55,0.00%,1E-45.EUREKA CITY COUNCILMEMBER.HEIDI S. MESSNER
000007 ,1,1,002 038 062 063 151 152 223 224 229 233 243,EKA_CC,Write_in,35,1392,1357,0,~  1E-45,EUREKA CITY COUNCILMEMB,Write_in,35,697,0,695,0,695,55,0.00%,1E-45.EUREKA CITY COUNCILMEMBER.Write_in
000007 ,2,3,002 038 063 151 152 223 224 233 243,MEAS_Q,YES,276,695,419,0,~  1E-45,MEASURE Q HUMBOLDT COUN,YES,276,697,0,-2,0,2,46,0.00%,1E-45.MEASURE Q HUMBOLDT COUNTY CREATION OF FINANCE DEPARTMENT MEASURE..YES
000007 ,2,3,002 038 063 151 152 223 224 233 243,MEAS_R,YES,257,695,438,0,~  1E-45,MEASURE R HUMBOLDT COUN,YES,257,697,0,-2,0,2,84,0.00%,1E-45.MEASURE R HUMBOLDT COUNTY FINANCE DEPARTMENT ELECTIVE OFFICE MEASURE..YES
000007 ,2,3,002 038 063 151 152 223 224 233 243,MEAS_S,NO,171,695,524,1,~  1E-45,MEASURE S HUMBOLDT COUN,NO,171,697,0,-2,0,2,316,0.00%,1E-45.MEASURE S HUMBOLDT COUNTY COMMERCIAL MARIJUANA CULTIVATION MEASURE..NO
000007 ,2,4,002 038 063 151 152 223 224 233 243,MEAS_V,YES,308,695,387,0,~  1E-45,MEASURE V MOBILE HOME P,YES,308,697,0,-2,0,2,10,0.00%,1E-45.MEASURE V MOBILE HOME PARK SPACE RENT STABILIZATION..YES
000007 ,1,1,002 038 062 063 151 152 223 224 229 233 243,PRES,GLORIA_ESTELA_LA_RIVA,1,696,695,0,~  1E-45,PRESIDENT AND VICE PRES,GLORIA ESTELA LA RIVA,1,697,0,-1,0,1,80,0.00%,1E-45.PRESIDENT AND VICE PRESIDENT.GLORIA ESTELA LA RIVA      and DENNIS J. BANKS
000007 ,1,1,002 038 062 063 151 152 223 224 229 233 243,PRES,HILLARY_CLINTON,351,696,345,0,~  1E-45,PRESIDENT AND VICE PRES,HILLARY CLINTON      ,351,697,0,-1,0,1,80,0.00%,1E-45.PRESIDENT AND VICE PRESIDENT.HILLARY CLINTON      and TIM KAINE
000007 ,1,1,002 038 062 063 151 152 223 224 229 233 243,PRES,JILL_STEIN,15,696,681,0,~  1E-45,PRESIDENT AND VICE PRES,JILL STEIN      and A,15,697,0,-1,0,1,80,0.00%,1E-45.PRESIDENT AND VICE PRESIDENT.JILL STEIN      and AJAMU BARAKA
000007 ,1,1,002 038 062 063 151 152 223 224 229 233 243,PRES,Write_in,24,696,672,0,~  1E-45,PRESIDENT AND VICE PRES,Write_in,24,697,0,-1,0,1,80,0.00%,1E-45.PRESIDENT AND VICE PRESIDENT.Write_in
000007 ,1,1,002 038 062 063 151 152 223 224 229 233 243,PROP_51,NO,386,696,310,2,~  1E-45,PROPOSITION 51 SCHOOL B,NO,386,697,0,-1,0,1,108,0.00%,1E-45.PROPOSITION 51 SCHOOL BONDS. FUNDING FOR K-12 SCHOOL AND COMMUNITY COLLEGE FACILITIES. INITIATIVE.NO
000007 ,1,1,002 038 062 063 151 152 223 224 229 233 243,PROP_53,NO,372,696,324,2,~  1E-45,PROPOSITION 53 REVENUE ,NO,372,697,0,-1,0,1,99,0.00%,1E-45.PROPOSITION 53 REVENUE BONDS. STATEWIDE VOTER APPROVAL. INITIATIVE CONSTITUTIONAL AMENDMENT..NO
000007 ,1,1,002 038 062 063 151 152 223 224 229 233 243,PROP_54,NO,267,696,429,2,~  1E-45,PROPOSITION 54 LEGISLAT,NO,267,697,0,-1,0,1,110,0.00%,1E-45.PROPOSITION 54 LEGISLATURE. LEGISLATION AND PROCEEDINGS. INITIATIVE CONSTITUTIONAL AMENDMENT AND.NO
000007 ,1,2,002 038 062 063 151 152 223 224 229 233 243,PROP_55,NO,270,697,427,1,~  1E-45,PROPOSITION 55 TAX EXTE,NO,270,697,0,0,0,0,119,0.00%,1E-45.PROPOSITION 55 TAX EXTENSION TO FUND EDUCATION AND HEALTHCARE. INITIATIVE CONSTITUTIONAL AMENDMENT..NO
000007 ,1,2,002 038 062 063 151 152 223 224 229 233 243,PROP_56,NO,255,697,442,0,~  1E-45,PROPOSITION 56 CIGARETT,NO,255,697,0,0,0,0,167,0.00%,"1E-45.PROPOSITION 56 CIGARETTE TAX TO FUND HEALTHCARE, TOBACCO USE PREVENTION, RESEARCH, AND.NO"
000007 ,1,2,002 038 062 063 151 152 223 224 229 233 243,PROP_56,YES,422,697,275,0,~  1E-45,PROPOSITION 56 CIGARETT,YES,422,697,0,0,0,0,167,0.00%,"1E-45.PROPOSITION 56 CIGARETTE TAX TO FUND HEALTHCARE, TOBACCO USE PREVENTION, RESEARCH, AND.YES"
000007 ,1,2,002 038 062 063 151 152 223 224 229 233 243,PROP_57,NO,245,697,452,0,~  1E-45,PROPOSITION 57 CRIMINAL,NO,245,697,0,0,0,0,168,0.00%,1E-45.PROPOSITION 57 CRIMINAL SENTENCES. PAROLE. JUVENILE CRIMINAL PROCEEDINGS AND SENTENCING. INITIATIVE.NO
000007 ,1,2,002 038 062 063 151 152 223 224 229 233 243,PROP_57,YES,413,697,284,0,~  1E-45,PROPOSITION 57 CRIMINAL,YES,413,697,0,0,0,0,168,0.00%,1E-45.PROPOSITION 57 CRIMINAL SENTENCES. PAROLE. JUVENILE CRIMINAL PROCEEDINGS AND SENTENCING. INITIATIVE.YES
000007 ,1,2,002 038 062 063 151 152 223 224 229 233 243,PROP_58,NO,171,697,526,0,~  1E-45,PROPOSITION 58 ENGLISH ,NO,171,697,0,0,0,0,324,0.00%,1E-45.PROPOSITION 58 ENGLISH PROFICIENCY. MULTILINGUAL EDUCATION. INITIATIVE STATUTE..NO
000007 ,1,2,002 038 062 063 151 152 223 224 229 233 243,PROP_58,YES,495,697,202,0,~  1E-45,PROPOSITION 58 ENGLISH ,YES,495,697,0,0,0,0,324,0.00%,1E-45.PROPOSITION 58 ENGLISH PROFICIENCY. MULTILINGUAL EDUCATION. INITIATIVE STATUTE..YES
000007 ,1,2,002 038 062 063 151 152 223 224 229 233 243,PROP_59,NO,286,697,411,0,~  1E-45,PROPOSITION 59 CORPORAT,NO,286,697,0,0,0,0,53,0.00%,1E-45.PROPOSITION 59 CORPORATIONS. POLITICAL SPENDING. FEDERAL CONSTITUTIONAL PROTECTIONS..NO
000007 ,1,2,002 038 062 063 151 152 223 224 229 233 243,PROP_59,YES,339,697,358,0,~  1E-45,PROPOSITION 59 CORPORAT,YES,339,697,0,0,0,0,53,0.00%,1E-45.PROPOSITION 59 CORPORATIONS. POLITICAL SPENDING. FEDERAL CONSTITUTIONAL PROTECTIONS..YES
000007 ,1,2,002 038 062 063 151 152 223 224 229 233 243,PROP_60,NO,433,697,264,0,~  1E-45,PROPOSITION 60 ADULT FI,NO,433,697,0,0,0,0,234,0.00%,1E-45.PROPOSITION 60 ADULT FILMS. CONDOMS. HEALTH REQUIREMENTS. INITIATIVE STATUTE..NO
000007 ,1,2,002 038 062 063 151 152 223 224 229 233 243,PROP_60,YES,199,697,498,0,~  1E-45,PROPOSITION 60 ADULT FI,YES,199,697,0,0,0,0,234,0.00%,1E-45.PROPOSITION 60 ADULT FILMS. CONDOMS. HEALTH REQUIREMENTS. INITIATIVE STATUTE..YES
000007 ,1,2,002 038 062 063 151 152 223 224 229 233 243,PROP_61,NO,313,697,384,2,~  1E-45,PROPOSITION 61 STATE PR,NO,313,697,0,0,0,0,7,0.00%,1E-45.PROPOSITION 61 STATE PRESCRIPTION DRUG PURCHASES. PRICING STANDARDS. INITIATIVE STATUTE..NO
000007 ,2,3,002 038 063 151 152 223 224 233 243,PROP_63,YES,333,695,362,0,~  1E-45,PROPOSITION 63 FIREARMS,YES,333,697,0,-2,0,2,3,0.00%,1E-45.PROPOSITION 63 FIREARMS. AMMUNITION SALES. INITIATIVE STATUTE..YES
000007 ,2,3,002 038 063 151 152 223 224 233 243,PROP_66,NO,348,695,347,1,~  1E-45,PROPOSITION 66 DEATH PE,NO,348,697,0,-2,0,2,86,0.00%,1E-45.PROPOSITION 66 DEATH PENALTY. PROCEDURES. INITIATIVE STATUTE..NO
000007 ,2,3,002 038 063 151 152 223 224 233 243,PROP_67,YES,345,695,350,0,~  1E-45,PROPOSITION 67 BAN ON S,YES,345,697,0,-2,0,2,38,0.00%,1E-45.PROPOSITION 67 BAN ON SINGLE-USE PLASTIC BAGS. REFERENDUM..YES
000008 ,1,1,002 037 063 064 150 151 224 229 233,EKA_CC,AUSTIN_ALLISON,224,521,297,1,~  1E-55,EUREKA CITY COUNCILMEMB,AUSTIN ALLISON,224,521,0,0,0,0,88,0.00%,1E-55.EUREKA CITY COUNCILMEMBER.AUSTIN ALLISON
000008 ,1,1,002 037 063 064 150 151 224 229 233,EKA_CC,HEIDI_S_MESSNER,314,521,207,0,~  1E-55,EUREKA CITY COUNCILMEMB,HEIDI S. MESSNER,314,521,0,0,0,0,88,0.00%,1E-55.EUREKA CITY COUNCILMEMBER.HEIDI S. MESSNER
000008 ,1,1,002 037 063 064 150 151 224 229 233,EKA_CC,JOHN_B_FULLERTON,226,521,295,1,~  1E-55,EUREKA CITY COUNCILMEMB,JOHN B. FULLERTON,226,521,0,0,0,0,88,0.00%,1E-55.EUREKA CITY COUNCILMEMBER.JOHN B. FULLERTON
000008 ,1,1,002 037 063 064 150 151 224 229 233,EKA_CC,Write_in,14,1042,1028,0,~  1E-55,EUREKA CITY COUNCILMEMB,Write_in,14,521,0,521,0,521,88,0.00%,1E-55.EUREKA CITY COUNCILMEMBER.Write_in
000008 ,2,4,002 037 064 150 151 224 233,MEAS_O,YES,263,519,256,1,~  1E-55,MEASURE O CITY OF EUREK,YES,263,521,0,-2,0,2,73,0.00%,1E-55.MEASURE O CITY OF EUREKA LOW INCOME HOUSING UNITS..YES
000008 ,2,4,002 037 064 150 151 224 233,MEAS_P,YES,253,519,266,1,~  1E-55,MEASURE P CITY OF EUREK,YES,253,521,0,-2,0,2,50,0.00%,1E-55.MEASURE P CITY OF EUREKA CHARTER AMENDMENT MEASURE..YES
000008 ,2,3,002 037 064 150 151 224 233,MEAS_Q,YES,220,519,299,1,~  1E-55,MEASURE Q HUMBOLDT COUN,YES,220,521,0,-2,0,2,3,0.00%,1E-55.MEASURE Q HUMBOLDT COUNTY CREATION OF FINANCE DEPARTMENT MEASURE..YES
000008 ,2,3,002 037 064 150 151 224 233,MEAS_R,NO,205,519,314,1,~  1E-55,MEASURE R HUMBOLDT COUN,NO,205,521,0,-2,0,2,15,0.00%,1E-55.MEASURE R HUMBOLDT COUNTY FINANCE DEPARTMENT ELECTIVE OFFICE MEASURE..NO
000008 ,2,3,002 037 064 150 151 224 233,MEAS_R,YES,220,519,299,1,~  1E-55,MEASURE R HUMBOLDT COUN,YES,220,521,0,-2,0,2,15,0.00%,1E-55.MEASURE R HUMBOLDT COUNTY FINANCE DEPARTMENT ELECTIVE OFFICE MEASURE..YES
000008 ,2,3,002 037 064 150 151 224 233,MEAS_S,YES,341,519,178,2,~  1E-55,MEASURE S HUMBOLDT COUN,YES,341,521,0,-2,0,2,200,0.00%,1E-55.MEASURE S HUMBOLDT COUNTY COMMERCIAL MARIJUANA CULTIVATION MEASURE..YES
000008 ,2,3,002 037 064 150 151 224 233,MEAS_U,YES,221,519,298,0,~  1E-55,MEASURE U LOCAL TRANSPO,YES,221,521,0,-2,0,2,24,0.00%,1E-55.MEASURE U LOCAL TRANSPORTATION AUTHORITY RETAIL TRANSACTIONS AND USE TAX..YES
000008 ,1,1,002 037 063 064 150 151 224 229 233,PRES,DONALD_J_TRUMP,179,521,342,0,~  1E-55,PRESIDENT AND VICE PRES,DONALD J. TRUMP      ,179,521,0,0,0,0,94,0.00%,1E-55.PRESIDENT AND VICE PRESIDENT.DONALD J. TRUMP      and MICHAEL R. PENCE
000008 ,1,1,002 037 063 064 150 151 224 229 233,PRES,GARY_JOHNSON,18,521,503,0,~  1E-55,PRESIDENT AND VICE PRES,GARY JOHNSON      and,18,521,0,0,0,0,94,0.00%,1E-55.PRESIDENT AND VICE PRESIDENT.GARY JOHNSON      and BILL WELD
000008 ,1,1,002 037 063 064 150 151 224 229 233,PRES,GLORIA_ESTELA_LA_RIVA,5,521,516,0,~  1E-55,PRESIDENT AND VICE PRES,GLORIA ESTELA LA RIVA,5,521,0,0,0,0,94,0.00%,1E-55.PRESIDENT AND VICE PRESIDENT.GLORIA ESTELA LA RIVA      and DENNIS J. BANKS
000008 ,1,1,002 037 063 064 150 151 224 229 233,PRES,HILLARY_CLINTON,273,521,248,0,~  1E-55,PRESIDENT AND VICE PRES,HILLARY CLINTON      ,273,521,0,0,0,0,94,0.00%,1E-55.PRESIDENT AND VICE PRESIDENT.HILLARY CLINTON      and TIM KAINE
000008 ,1,1,002 037 063 064 150 151 224 229 233,PRES,JILL_STEIN,20,521,501,0,~  1E-55,PRESIDENT AND VICE PRES,JILL STEIN      and A,20,521,0,0,0,0,94,0.00%,1E-55.PRESIDENT AND VICE PRESIDENT.JILL STEIN      and AJAMU BARAKA
000008 ,1,1,002 037 063 064 150 151 224 229 233,PRES,Write_in,21,521,500,0,~  1E-55,PRESIDENT AND VICE PRES,Write_in,21,521,0,0,0,0,94,0.00%,1E-55.PRESIDENT AND VICE PRESIDENT.Write_in
000008 ,1,1,002 037 063 064 150 151 224 229 233,PROP_51,NO,235,521,286,0,~  1E-55,PROPOSITION 51 SCHOOL B,NO,235,521,0,0,0,0,16,0.00%,1E-55.PROPOSITION 51 SCHOOL BONDS. FUNDING FOR K-12 SCHOOL AND COMMUNITY COLLEGE FACILITIES. INITIATIVE.NO
000008 ,1,1,002 037 063 064 150 151 224 229 233,PROP_51,YES,251,521,270,0,~  1E-55,PROPOSITION 51 SCHOOL B,YES,251,521,0,0,0,0,16,0.00%,1E-55.PROPOSITION 51 SCHOOL BONDS. FUNDING FOR K-12 SCHOOL AND COMMUNITY COLLEGE FACILITIES. INITIATIVE.YES
000008 ,1,1,002 037 063 064 150 151 224 229 233,PROP_52,YES,321,521,200,1,~  1E-55,PROPOSITION 52 MEDI-CAL,YES,321,521,0,0,0,0,158,0.00%,1E-55.PROPOSITION 52 MEDI-CAL HOSPITAL FEE PROGRAM. INITIATIVE CONSTITUTIONAL AMENDMENT AND STATUTE..YES
000008 ,1,1,002 037 063 064 150 151 224 229 233,PROP_53,YES,226,521,295,1,~  1E-55,PROPOSITION 53 REVENUE ,YES,226,521,0,0,0,0,16,0.00%,1E-55.PROPOSITION 53 REVENUE BONDS. STATEWIDE VOTER APPROVAL. INITIATIVE CONSTITUTIONAL AMENDMENT..YES
000008 ,1,1,002 037 063 064 150 151 224 229 233,PROP_54,NO,207,521,314,0,~  1E-55,PROPOSITION 54 LEGISLAT,NO,207,521,0,0,0,0,62,0.00%,1E-55.PROPOSITION 54 LEGISLATURE. LEGISLATION AND PROCEEDINGS. INITIATIVE CONSTITUTIONAL AMENDMENT AND.NO
000008 ,1,1,002 037 063 064 150 151 224 229 233,PROP_54,YES,269,521,252,0,~  1E-55,PROPOSITION 54 LEGISLAT,YES,269,521,0,0,0,0,62,0.00%,1E-55.PROPOSITION 54 LEGISLATURE. LEGISLATION AND PROCEEDINGS. INITIATIVE CONSTITUTIONAL AMENDMENT AND.YES
000008 ,1,2,002 037 063 064 150 151 224 229 233,PROP_55,NO,173,521,348,0,~  1E-55,PROPOSITION 55 TAX EXTE,NO,173,521,0,0,0,0,142,0.00%,1E-55.PROPOSITION 55 TAX EXTENSION TO FUND EDUCATION AND HEALTHCARE. INITIATIVE CONSTITUTIONAL AMENDMENT..NO
000008 ,1,2,002 037 063 064 150 151 224 229 233,PROP_55,YES,315,521,206,0,~  1E-55,PROPOSITION 55 TAX EXTE,YES,315,521,0,0,0,0,142,0.00%,1E-55.PROPOSITION 55 TAX EXTENSION TO FUND EDUCATION AND HEALTHCARE. INITIATIVE CONSTITUTIONAL AMENDMENT..YES
000008 ,1,2,002 037 063 064 150 151 224 229 233,PROP_56,NO,210,521,311,0,~  1E-55,PROPOSITION 56 CIGARETT,NO,210,521,0,0,0,0,75,0.00%,"1E-55.PROPOSITION 56 CIGARETTE TAX TO FUND HEALTHCARE, TOBACCO USE PREVENTION, RESEARCH, AND.NO"
000008 ,1,2,002 037 063 064 150 151 224 229 233,PROP_56,YES,285,521,236,0,~  1E-55,PROPOSITION 56 CIGARETT,YES,285,521,0,0,0,0,75,0.00%,"1E-55.PROPOSITION 56 CIGARETTE TAX TO FUND HEALTHCARE, TOBACCO USE PREVENTION, RESEARCH, AND.YES"
000008 ,1,2,002 037 063 064 150 151 224 229 233,PROP_57,NO,172,521,349,0,~  1E-55,PROPOSITION 57 CRIMINAL,NO,172,521,0,0,0,0,137,0.00%,1E-55.PROPOSITION 57 CRIMINAL SENTENCES. PAROLE. JUVENILE CRIMINAL PROCEEDINGS AND SENTENCING. INITIATIVE.NO
000008 ,1,2,002 037 063 064 150 151 224 229 233,PROP_57,YES,309,521,212,0,~  1E-55,PROPOSITION 57 CRIMINAL,YES,309,521,0,0,0,0,137,0.00%,1E-55.PROPOSITION 57 CRIMINAL SENTENCES. PAROLE. JUVENILE CRIMINAL PROCEEDINGS AND SENTENCING. INITIATIVE.YES
000008 ,1,2,002 037 063 064 150 151 224 229 233,PROP_58,NO,120,521,401,0,~  1E-55,PROPOSITION 58 ENGLISH ,NO,120,521,0,0,0,0,245,0.00%,1E-55.PROPOSITION 58 ENGLISH PROFICIENCY. MULTILINGUAL EDUCATION. INITIATIVE STATUTE..NO
000008 ,1,2,002 037 063 064 150 151 224 229 233,PROP_58,YES,365,521,156,0,~  1E-55,PROPOSITION 58 ENGLISH ,YES,365,521,0,0,0,0,245,0.00%,1E-55.PROPOSITION 58 ENGLISH PROFICIENCY. MULTILINGUAL EDUCATION. INITIATIVE STATUTE..YES
000008 ,1,2,002 037 063 064 150 151 224 229 233,PROP_59,YES,260,521,261,1,~  1E-55,PROPOSITION 59 CORPORAT,YES,260,521,0,0,0,0,60,0.00%,1E-55.PROPOSITION 59 CORPORATIONS. POLITICAL SPENDING. FEDERAL CONSTITUTIONAL PROTECTIONS..YES
000008 ,1,2,002 037 063 064 150 151 224 229 233,PROP_60,NO,293,521,228,0,~  1E-55,PROPOSITION 60 ADULT FI,NO,293,521,0,0,0,0,112,0.00%,1E-55.PROPOSITION 60 ADULT FILMS. CONDOMS. HEALTH REQUIREMENTS. INITIATIVE STATUTE..NO
000008 ,1,2,002 037 063 064 150 151 224 229 233,PROP_60,YES,181,521,340,0,~  1E-55,PROPOSITION 60 ADULT FI,YES,181,521,0,0,0,0,112,0.00%,1E-55.PROPOSITION 60 ADULT FILMS. CONDOMS. HEALTH REQUIREMENTS. INITIATIVE STATUTE..YES
000008 ,1,2,002 037 063 064 150 151 224 229 233,PROP_61,NO,229,521,292,0,~  1E-55,PROPOSITION 61 STATE PR,NO,229,521,0,0,0,0,7,0.00%,1E-55.PROPOSITION 61 STATE PRESCRIPTION DRUG PURCHASES. PRICING STANDARDS. INITIATIVE STATUTE..NO
000008 ,1,2,002 037 063 064 150 151 224 229 233,PROP_61,YES,222,521,299,0,~  1E-55,PROPOSITION 61 STATE PR,YES,222,521,0,0,0,0,7,0.00%,1E-55.PROPOSITION 61 STATE PRESCRIPTION DRUG PURCHASES. PRICING STANDARDS. INITIATIVE STATUTE..YES
000008 ,1,2,002 037 063 064 150 151 224 229 233,PROP_62,NO,249,521,272,1,~  1E-55,PROPOSITION 62 DEATH PE,NO,249,521,0,0,0,0,12,0.00%,1E-55.PROPOSITION 62 DEATH PENALTY. INITIATIVE STATUTE..NO
000008 ,2,3,002 037 064 150 151 224 233,PROP_63,NO,254,519,265,0,~  1E-55,PROPOSITION 63 FIREARMS,NO,254,521,0,-2,0,2,10,0.00%,1E-55.PROPOSITION 63 FIREARMS. AMMUNITION SALES. INITIATIVE STATUTE..NO
000008 ,2,3,002 037 064 150 151 224 233,PROP_63,YES,244,519,275,0,~  1E-55,PROPOSITION 63 FIREARMS,YES,244,521,0,-2,0,2,10,0.00%,1E-55.PROPOSITION 63 FIREARMS. AMMUNITION SALES. INITIATIVE STATUTE..YES
000008 ,2,3,002 037 064 150 151 224 233,PROP_64,NO,197,519,322,0,~  1E-55,PROPOSITION 64 MARIJUAN,NO,197,521,0,-2,0,2,112,0.00%,1E-55.PROPOSITION 64 MARIJUANA LEGALIZATION. INITIATIVE STATUTE..NO
000008 ,2,3,002 037 064 150 151 224 233,PROP_64,YES,309,519,210,0,~  1E-55,PROPOSITION 64 MARIJUAN,YES,309,521,0,-2,0,2,112,0.00%,1E-55.PROPOSITION 64 MARIJUANA LEGALIZATION. INITIATIVE STATUTE..YES
000008 ,2,3,002 037 064 150 151 224 233,PROP_65,NO,285,519,234,1,~  1E-55,PROPOSITION 65 CARRYOUT,NO,285,521,0,-2,0,2,80,0.00%,1E-55.PROPOSITION 65 CARRYOUT BAGS. CHARGES. INITIATIVE STATUTE..NO
000008 ,2,3,002 037 064 150 151 224 233,PROP_66,NO,270,519,249,0,~  1E-55,PROPOSITION 66 DEATH PE,NO,270,521,0,-2,0,2,76,0.00%,1E-55.PROPOSITION 66 DEATH PENALTY. PROCEDURES. INITIATIVE STATUTE..NO
000008 ,2,3,002 037 064 150 151 224 233,PROP_66,YES,194,519,325,0,~  1E-55,PROPOSITION 66 DEATH PE,YES,194,521,0,-2,0,2,76,0.00%,1E-55.PROPOSITION 66 DEATH PENALTY. PROCEDURES. INITIATIVE STATUTE..YES
000008 ,1,1,002 037 063 064 150 151 224 229 233,STATEASS2,JIM_WOOD,299,521,222,0,~  1E-55,"STATE ASSEMBLY, DISTRIC",JIM WOOD,299,521,0,0,0,0,162,0.00%,"1E-55.STATE ASSEMBLY, DISTRICT 2.JIM WOOD"
000008 ,1,1,002 037 063 064 150 151 224 229 233,STATEASS2,KEN_ANTON,137,521,384,0,~  1E-55,"STATE ASSEMBLY, DISTRIC",KEN ANTON,137,521,0,0,0,0,162,0.00%,"1E-55.STATE ASSEMBLY, DISTRICT 2.KEN ANTON"
000008 ,1,1,002 037 063 064 150 151 224 229 233,USREP,DALE_K_MENSING,161,521,360,0,~  1E-55,US REPRESENTATIVE IN CO,DALE K. MENSING,161,521,0,0,0,0,168,0.00%,"1E-55.US REPRESENTATIVE IN CONGRESS, DISTRICT 2.DALE K. MENSING"
000008 ,1,1,002 037 063 064 150 151 224 229 233,USREP,JARED_W_HUFFMAN,329,521,192,0,~  1E-55,US REPRESENTATIVE IN CO,JARED W. HUFFMAN,329,521,0,0,0,0,168,0.00%,"1E-55.US REPRESENTATIVE IN CONGRESS, DISTRICT 2.JARED W. HUFFMAN"
000008 ,1,1,002 037 063 064 150 151 224 229 233,USSEN,KAMALA_D_HARRIS,272,521,249,0,~  1E-55,US SENATOR,KAMALA D. HARRIS,272,521,0,0,0,0,137,0.00%,1E-55.US SENATOR.KAMALA D. HARRIS
000008 ,1,1,002 037 063 064 150 151 224 229 233,USSEN,LORETTA_L_SANCHEZ,135,521,386,0,~  1E-55,US SENATOR,LORETTA L. SANCHEZ,135,521,0,0,0,0,137,0.00%,1E-55.US SENATOR.LORETTA L. SANCHEZ
000009 ,1,1,36,EKA_CC,AUSTIN_ALLISON,0,1,1,0,~  1E-59,EUREKA CITY COUNCILMEMB,AUSTIN ALLISON,0,1,0,0,0,0,0,--,1E-59.EUREKA CITY COUNCILMEMBER.AUSTIN ALLISON
000009 ,1,1,36,EKA_CC,HEIDI_S_MESSNER,0,1,1,0,~  1E-59,EUREKA CITY COUNCILMEMB,HEIDI S. MESSNER,0,1,0,0,0,0,0,--,1E-59.EUREKA CITY COUNCILMEMBER.HEIDI S. MESSNER
000009 ,1,1,36,EKA_CC,JOHN_B_FULLERTON,1,1,0,0,~  1E-59,EUREKA CITY COUNCILMEMB,JOHN B. FULLERTON,1,1,0,0,0,0,0,--,1E-59.EUREKA CITY COUNCILMEMBER.JOHN B. FULLERTON
000009 ,1,1,36,EKA_CC,Write_in,1,2,1,0,~  1E-59,EUREKA CITY COUNCILMEMB,Write_in,1,1,0,1,0,1,0,--,1E-59.EUREKA CITY COUNCILMEMBER.Write_in
000009 ,2,3,36,MEAS_N,BONDS_NO,0,1,1,0,~  1E-59,MEASURE N SOUTH BAY UNI,BONDS NO,0,1,0,0,0,0,1,0.00%,1E-59.MEASURE N SOUTH BAY UNION SCHOOL DISTRICT BOND MEASURE..BONDS NO
000009 ,2,3,36,MEAS_N,BONDS_YES,1,1,0,0,~  1E-59,MEASURE N SOUTH BAY UNI,BONDS YES,1,1,0,0,0,0,1,0.00%,1E-59.MEASURE N SOUTH BAY UNION SCHOOL DISTRICT BOND MEASURE..BONDS YES
000009 ,2,4,36,MEAS_O,NO,1,1,0,0,~  1E-59,MEASURE O CITY OF EUREK,NO,1,1,0,0,0,0,1,0.00%,1E-59.MEASURE O CITY OF EUREKA LOW INCOME HOUSING UNITS..NO
000009 ,2,4,36,MEAS_O,YES,0,1,1,0,~  1E-59,MEASURE O CITY OF EUREK,YES,0,1,0,0,0,0,1,0.00%,1E-59.MEASURE O CITY OF EUREKA LOW INCOME HOUSING UNITS..YES
000009 ,2,4,36,MEAS_P,NO,0,1,1,0,~  1E-59,MEASURE P CITY OF EUREK,NO,0,1,0,0,0,0,1,0.00%,1E-59.MEASURE P CITY OF EUREKA CHARTER AMENDMENT MEASURE..NO
000009 ,2,4,36,MEAS_P,YES,1,1,0,0,~  1E-59,MEASURE P CITY OF EUREK,YES,1,1,0,0,0,0,1,0.00%,1E-59.MEASURE P CITY OF EUREKA CHARTER AMENDMENT MEASURE..YES
000009 ,2,3,36,MEAS_Q,NO,0,1,1,0,~  1E-59,MEASURE Q HUMBOLDT COUN,NO,0,1,0,0,0,0,1,0.00%,1E-59.MEASURE Q HUMBOLDT COUNTY CREATION OF FINANCE DEPARTMENT MEASURE..NO
000009 ,2,3,36,MEAS_Q,YES,1,1,0,0,~  1E-59,MEASURE Q HUMBOLDT COUN,YES,1,1,0,0,0,0,1,0.00%,1E-59.MEASURE Q HUMBOLDT COUNTY CREATION OF FINANCE DEPARTMENT MEASURE..YES
000009 ,2,3,36,MEAS_R,NO,0,1,1,0,~  1E-59,MEASURE R HUMBOLDT COUN,NO,0,1,0,0,0,0,1,0.00%,1E-59.MEASURE R HUMBOLDT COUNTY FINANCE DEPARTMENT ELECTIVE OFFICE MEASURE..NO
000009 ,2,3,36,MEAS_R,YES,1,1,0,0,~  1E-59,MEASURE R HUMBOLDT COUN,YES,1,1,0,0,0,0,1,0.00%,1E-59.MEASURE R HUMBOLDT COUNTY FINANCE DEPARTMENT ELECTIVE OFFICE MEASURE..YES
000009 ,2,3,36,MEAS_S,NO,1,1,0,0,~  1E-59,MEASURE S HUMBOLDT COUN,NO,1,1,0,0,0,0,1,0.00%,1E-59.MEASURE S HUMBOLDT COUNTY COMMERCIAL MARIJUANA CULTIVATION MEASURE..NO
000009 ,2,3,36,MEAS_S,YES,0,1,1,0,~  1E-59,MEASURE S HUMBOLDT COUN,YES,0,1,0,0,0,0,1,0.00%,1E-59.MEASURE S HUMBOLDT COUNTY COMMERCIAL MARIJUANA CULTIVATION MEASURE..YES
000009 ,2,3,36,MEAS_U,NO,1,1,0,0,~  1E-59,MEASURE U LOCAL TRANSPO,NO,1,1,0,0,0,0,1,0.00%,1E-59.MEASURE U LOCAL TRANSPORTATION AUTHORITY RETAIL TRANSACTIONS AND USE TAX..NO
000009 ,2,3,36,MEAS_U,YES,0,1,1,0,~  1E-59,MEASURE U LOCAL TRANSPO,YES,0,1,0,0,0,0,1,0.00%,1E-59.MEASURE U LOCAL TRANSPORTATION AUTHORITY RETAIL TRANSACTIONS AND USE TAX..YES
000009 ,2,4,36,MEAS_V,NO,1,1,0,0,~  1E-59,MEASURE V MOBILE HOME P,NO,1,1,0,0,0,0,1,0.00%,1E-59.MEASURE V MOBILE HOME PARK SPACE RENT STABILIZATION..NO
000009 ,2,4,36,MEAS_V,YES,0,1,1,0,~  1E-59,MEASURE V MOBILE HOME P,YES,0,1,0,0,0,0,1,0.00%,1E-59.MEASURE V MOBILE HOME PARK SPACE RENT STABILIZATION..YES
000009 ,1,1,36,PRES,DONALD_J_TRUMP,0,1,1,0,~  1E-59,PRESIDENT AND VICE PRES,DONALD J. TRUMP      ,0,1,0,0,0,0,1,0.00%,1E-59.PRESIDENT AND VICE PRESIDENT.DONALD J. TRUMP      and MICHAEL R. PENCE
000009 ,1,1,36,PRES,GARY_JOHNSON,0,1,1,0,~  1E-59,PRESIDENT AND VICE PRES,GARY JOHNSON      and,0,1,0,0,0,0,1,0.00%,1E-59.PRESIDENT AND VICE PRESIDENT.GARY JOHNSON      and BILL WELD
000009 ,1,1,36,PRES,GLORIA_ESTELA_LA_RIVA,0,1,1,0,~  1E-59,PRESIDENT AND VICE PRES,GLORIA ESTELA LA RIVA,0,1,0,0,0,0,1,0.00%,1E-59.PRESIDENT AND VICE PRESIDENT.GLORIA ESTELA LA RIVA      and DENNIS J. BANKS
000009 ,1,1,36,PRES,HILLARY_CLINTON,0,1,1,0,~  1E-59,PRESIDENT AND VICE PRES,HILLARY CLINTON      ,0,1,0,0,0,0,1,0.00%,1E-59.PRESIDENT AND VICE PRESIDENT.HILLARY CLINTON      and TIM KAINE
000009 ,1,1,36,PRES,JILL_STEIN,1,1,0,0,~  1E-59,PRESIDENT AND VICE PRES,JILL STEIN      and A,1,1,0,0,0,0,1,0.00%,1E-59.PRESIDENT AND VICE PRESIDENT.JILL STEIN      and AJAMU BARAKA
000009 ,1,1,36,PRES,Write_in,0,1,1,0,~  1E-59,PRESIDENT AND VICE PRES,Write_in,0,1,0,0,0,0,1,0.00%,1E-59.PRESIDENT AND VICE PRESIDENT.Write_in
000009 ,1,1,36,PROP_51,NO,0,1,1,0,~  1E-59,PROPOSITION 51 SCHOOL B,NO,0,1,0,0,0,0,1,0.00%,1E-59.PROPOSITION 51 SCHOOL BONDS. FUNDING FOR K-12 SCHOOL AND COMMUNITY COLLEGE FACILITIES. INITIATIVE.NO
000009 ,1,1,36,PROP_51,YES,1,1,0,0,~  1E-59,PROPOSITION 51 SCHOOL B,YES,1,1,0,0,0,0,1,0.00%,1E-59.PROPOSITION 51 SCHOOL BONDS. FUNDING FOR K-12 SCHOOL AND COMMUNITY COLLEGE FACILITIES. INITIATIVE.YES
000009 ,1,1,36,PROP_52,NO,0,1,1,0,~  1E-59,PROPOSITION 52 MEDI-CAL,NO,0,1,0,0,0,0,1,0.00%,1E-59.PROPOSITION 52 MEDI-CAL HOSPITAL FEE PROGRAM. INITIATIVE CONSTITUTIONAL AMENDMENT AND STATUTE..NO
000009 ,1,1,36,PROP_52,YES,1,1,0,0,~  1E-59,PROPOSITION 52 MEDI-CAL,YES,1,1,0,0,0,0,1,0.00%,1E-59.PROPOSITION 52 MEDI-CAL HOSPITAL FEE PROGRAM. INITIATIVE CONSTITUTIONAL AMENDMENT AND STATUTE..YES
000009 ,1,1,36,PROP_53,NO,0,1,1,0,~  1E-59,PROPOSITION 53 REVENUE ,NO,0,1,0,0,0,0,1,0.00%,1E-59.PROPOSITION 53 REVENUE BONDS. STATEWIDE VOTER APPROVAL. INITIATIVE CONSTITUTIONAL AMENDMENT..NO
000009 ,1,1,36,PROP_53,YES,1,1,0,0,~  1E-59,PROPOSITION 53 REVENUE ,YES,1,1,0,0,0,0,1,0.00%,1E-59.PROPOSITION 53 REVENUE BONDS. STATEWIDE VOTER APPROVAL. INITIATIVE CONSTITUTIONAL AMENDMENT..YES
000009 ,1,1,36,PROP_54,NO,0,1,1,0,~  1E-59,PROPOSITION 54 LEGISLAT,NO,0,1,0,0,0,0,1,0.00%,1E-59.PROPOSITION 54 LEGISLATURE. LEGISLATION AND PROCEEDINGS. INITIATIVE CONSTITUTIONAL AMENDMENT AND.NO
000009 ,1,1,36,PROP_54,YES,1,1,0,0,~  1E-59,PROPOSITION 54 LEGISLAT,YES,1,1,0,0,0,0,1,0.00%,1E-59.PROPOSITION 54 LEGISLATURE. LEGISLATION AND PROCEEDINGS. INITIATIVE CONSTITUTIONAL AMENDMENT AND.YES
000009 ,1,2,36,PROP_55,NO,1,1,0,0,~  1E-59,PROPOSITION 55 TAX EXTE,NO,1,1,0,0,0,0,1,0.00%,1E-59.PROPOSITION 55 TAX EXTENSION TO FUND EDUCATION AND HEALTHCARE. INITIATIVE CONSTITUTIONAL AMENDMENT..NO
000009 ,1,2,36,PROP_55,YES,0,1,1,0,~  1E-59,PROPOSITION 55 TAX EXTE,YES,0,1,0,0,0,0,1,0.00%,1E-59.PROPOSITION 55 TAX EXTENSION TO FUND EDUCATION AND HEALTHCARE. INITIATIVE CONSTITUTIONAL AMENDMENT..YES
000009 ,1,2,36,PROP_56,NO,0,1,1,0,~  1E-59,PROPOSITION 56 CIGARETT,NO,0,1,0,0,0,0,1,0.00%,"1E-59.PROPOSITION 56 CIGARETTE TAX TO FUND HEALTHCARE, TOBACCO USE PREVENTION, RESEARCH, AND.NO"
000009 ,1,2,36,PROP_56,YES,1,1,0,0,~  1E-59,PROPOSITION 56 CIGARETT,YES,1,1,0,0,0,0,1,0.00%,"1E-59.PROPOSITION 56 CIGARETTE TAX TO FUND HEALTHCARE, TOBACCO USE PREVENTION, RESEARCH, AND.YES"
000009 ,1,2,36,PROP_57,NO,0,1,1,0,~  1E-59,PROPOSITION 57 CRIMINAL,NO,0,1,0,0,0,0,1,0.00%,1E-59.PROPOSITION 57 CRIMINAL SENTENCES. PAROLE. JUVENILE CRIMINAL PROCEEDINGS AND SENTENCING. INITIATIVE.NO
000009 ,1,2,36,PROP_57,YES,1,1,0,0,~  1E-59,PROPOSITION 57 CRIMINAL,YES,1,1,0,0,0,0,1,0.00%,1E-59.PROPOSITION 57 CRIMINAL SENTENCES. PAROLE. JUVENILE CRIMINAL PROCEEDINGS AND SENTENCING. INITIATIVE.YES
000009 ,1,2,36,PROP_58,NO,0,1,1,0,~  1E-59,PROPOSITION 58 ENGLISH ,NO,0,1,0,0,0,0,1,0.00%,1E-59.PROPOSITION 58 ENGLISH PROFICIENCY. MULTILINGUAL EDUCATION. INITIATIVE STATUTE..NO
000009 ,1,2,36,PROP_58,YES,1,1,0,0,~  1E-59,PROPOSITION 58 ENGLISH ,YES,1,1,0,0,0,0,1,0.00%,1E-59.PROPOSITION 58 ENGLISH PROFICIENCY. MULTILINGUAL EDUCATION. INITIATIVE STATUTE..YES
000009 ,1,2,36,PROP_59,NO,0,1,1,0,~  1E-59,PROPOSITION 59 CORPORAT,NO,0,1,0,0,0,0,1,0.00%,1E-59.PROPOSITION 59 CORPORATIONS. POLITICAL SPENDING. FEDERAL CONSTITUTIONAL PROTECTIONS..NO
000009 ,1,2,36,PROP_59,YES,1,1,0,0,~  1E-59,PROPOSITION 59 CORPORAT,YES,1,1,0,0,0,0,1,0.00%,1E-59.PROPOSITION 59 CORPORATIONS. POLITICAL SPENDING. FEDERAL CONSTITUTIONAL PROTECTIONS..YES
000009 ,1,2,36,PROP_60,NO,1,1,0,0,~  1E-59,PROPOSITION 60 ADULT FI,NO,1,1,0,0,0,0,1,0.00%,1E-59.PROPOSITION 60 ADULT FILMS. CONDOMS. HEALTH REQUIREMENTS. INITIATIVE STATUTE..NO
000009 ,1,2,36,PROP_60,YES,0,1,1,0,~  1E-59,PROPOSITION 60 ADULT FI,YES,0,1,0,0,0,0,1,0.00%,1E-59.PROPOSITION 60 ADULT FILMS. CONDOMS. HEALTH REQUIREMENTS. INITIATIVE STATUTE..YES
000009 ,1,2,36,PROP_61,NO,0,1,1,0,~  1E-59,PROPOSITION 61 STATE PR,NO,0,1,0,0,0,0,1,0.00%,1E-59.PROPOSITION 61 STATE PRESCRIPTION DRUG PURCHASES. PRICING STANDARDS. INITIATIVE STATUTE..NO
000009 ,1,2,36,PROP_61,YES,1,1,0,0,~  1E-59,PROPOSITION 61 STATE PR,YES,1,1,0,0,0,0,1,0.00%,1E-59.PROPOSITION 61 STATE PRESCRIPTION DRUG PURCHASES. PRICING STANDARDS. INITIATIVE STATUTE..YES
000009 ,1,2,36,PROP_62,NO,0,1,1,0,~  1E-59,PROPOSITION 62 DEATH PE,NO,0,1,0,0,0,0,1,0.00%,1E-59.PROPOSITION 62 DEATH PENALTY. INITIATIVE STATUTE..NO
000009 ,1,2,36,PROP_62,YES,1,1,0,0,~  1E-59,PROPOSITION 62 DEATH PE,YES,1,1,0,0,0,0,1,0.00%,1E-59.PROPOSITION 62 DEATH PENALTY. INITIATIVE STATUTE..YES
000009 ,2,3,36,PROP_63,NO,0,1,1,0,~  1E-59,PROPOSITION 63 FIREARMS,NO,0,1,0,0,0,0,1,0.00%,1E-59.PROPOSITION 63 FIREARMS. AMMUNITION SALES. INITIATIVE STATUTE..NO
000009 ,2,3,36,PROP_63,YES,1,1,0,0,~  1E-59,PROPOSITION 63 FIREARMS,YES,1,1,0,0,0,0,1,0.00%,1E-59.PROPOSITION 63 FIREARMS. AMMUNITION SALES. INITIATIVE STATUTE..YES
000009 ,2,3,36,PROP_64,NO,0,1,1,0,~  1E-59,PROPOSITION 64 MARIJUAN,NO,0,1,0,0,0,0,1,0.00%,1E-59.PROPOSITION 64 MARIJUANA LEGALIZATION. INITIATIVE STATUTE..NO
000009 ,2,3,36,PROP_64,YES,1,1,0,0,~  1E-59,PROPOSITION 64 MARIJUAN,YES,1,1,0,0,0,0,1,0.00%,1E-59.PROPOSITION 64 MARIJUANA LEGALIZATION. INITIATIVE STATUTE..YES
000009 ,2,3,36,PROP_65,NO,1,1,0,0,~  1E-59,PROPOSITION 65 CARRYOUT,NO,1,1,0,0,0,0,1,0.00%,1E-59.PROPOSITION 65 CARRYOUT BAGS. CHARGES. INITIATIVE STATUTE..NO
000009 ,2,3,36,PROP_65,YES,0,1,1,0,~  1E-59,PROPOSITION 65 CARRYOUT,YES,0,1,0,0,0,0,1,0.00%,1E-59.PROPOSITION 65 CARRYOUT BAGS. CHARGES. INITIATIVE STATUTE..YES
000009 ,2,3,36,PROP_66,NO,1,1,0,0,~  1E-59,PROPOSITION 66 DEATH PE,NO,1,1,0,0,0,0,1,0.00%,1E-59.PROPOSITION 66 DEATH PENALTY. PROCEDURES. INITIATIVE STATUTE..NO
000009 ,2,3,36,PROP_66,YES,0,1,1,0,~  1E-59,PROPOSITION 66 DEATH PE,YES,0,1,0,0,0,0,1,0.00%,1E-59.PROPOSITION 66 DEATH PENALTY. PROCEDURES. INITIATIVE STATUTE..YES
000009 ,2,3,36,PROP_67,NO,1,1,0,0,~  1E-59,PROPOSITION 67 BAN ON S,NO,1,1,0,0,0,0,1,0.00%,1E-59.PROPOSITION 67 BAN ON SINGLE-USE PLASTIC BAGS. REFERENDUM..NO
000009 ,2,3,36,PROP_67,YES,0,1,1,0,~  1E-59,PROPOSITION 67 BAN ON S,YES,0,1,0,0,0,0,1,0.00%,1E-59.PROPOSITION 67 BAN ON SINGLE-USE PLASTIC BAGS. REFERENDUM..YES
000009 ,1,1,36,STATEASS2,JIM_WOOD,1,1,0,0,~  1E-59,"STATE ASSEMBLY, DISTRIC",JIM WOOD,1,1,0,0,0,0,1,0.00%,"1E-59.STATE ASSEMBLY, DISTRICT 2.JIM WOOD"
000009 ,1,1,36,STATEASS2,KEN_ANTON,0,1,1,0,~  1E-59,"STATE ASSEMBLY, DISTRIC",KEN ANTON,0,1,0,0,0,0,1,0.00%,"1E-59.STATE ASSEMBLY, DISTRICT 2.KEN ANTON"
000009 ,1,1,36,USREP,DALE_K_MENSING,0,1,1,0,~  1E-59,US REPRESENTATIVE IN CO,DALE K. MENSING,0,1,0,0,0,0,1,0.00%,"1E-59.US REPRESENTATIVE IN CONGRESS, DISTRICT 2.DALE K. MENSING"
000009 ,1,1,36,USREP,JARED_W_HUFFMAN,1,1,0,0,~  1E-59,US REPRESENTATIVE IN CO,JARED W. HUFFMAN,1,1,0,0,0,0,1,0.00%,"1E-59.US REPRESENTATIVE IN CONGRESS, DISTRICT 2.JARED W. HUFFMAN"
000009 ,1,1,36,USSEN,KAMALA_D_HARRIS,0,1,1,0,~  1E-59,US SENATOR,KAMALA D. HARRIS,0,1,0,0,0,0,1,0.00%,1E-59.US SENATOR.KAMALA D. HARRIS
000009 ,1,1,36,USSEN,LORETTA_L_SANCHEZ,1,1,0,0,~  1E-59,US SENATOR,LORETTA L. SANCHEZ,1,1,0,0,0,0,1,0.00%,1E-59.US SENATOR.LORETTA L. SANCHEZ
000010 ,2,3,001 002 037 038 064 065 153 154 224 233 243,MEAS_Q,NO,408,884,476,2,~  1ES-1,MEASURE Q HUMBOLDT COUN,NO,408,883,0,1,0,1,35,0.00%,1ES-1.MEASURE Q HUMBOLDT COUNTY CREATION OF FINANCE DEPARTMENT MEASURE..NO
000010 ,2,3,001 002 037 038 064 065 153 154 224 233 243,MEAS_R,YES,381,884,503,0,~  1ES-1,MEASURE R HUMBOLDT COUN,YES,381,883,0,1,0,1,17,0.00%,1ES-1.MEASURE R HUMBOLDT COUNTY FINANCE DEPARTMENT ELECTIVE OFFICE MEASURE..YES
000010 ,2,3,001 002 037 038 064 065 153 154 224 233 243,MEAS_U,NO,441,884,443,0,~  1ES-1,MEASURE U LOCAL TRANSPO,NO,441,883,0,1,0,1,57,0.00%,1ES-1.MEASURE U LOCAL TRANSPORTATION AUTHORITY RETAIL TRANSACTIONS AND USE TAX..NO
000010 ,1,1,001 002 037 038 064 065 153 154 224 233,PRES,GARY_JOHNSON,44,883,839,0,~  1ES-1,PRESIDENT AND VICE PRES,GARY JOHNSON      and,44,883,0,0,0,0,232,0.00%,1ES-1.PRESIDENT AND VICE PRESIDENT.GARY JOHNSON      and BILL WELD
000010 ,1,1,001 002 037 038 064 065 153 154 224 233,PRES,HILLARY_CLINTON,494,883,389,0,~  1ES-1,PRESIDENT AND VICE PRES,HILLARY CLINTON      ,494,883,0,0,0,0,232,0.00%,1ES-1.PRESIDENT AND VICE PRESIDENT.HILLARY CLINTON      and TIM KAINE
000010 ,1,1,001 002 037 038 064 065 153 154 224 233,PRES,JILL_STEIN,32,883,851,0,~  1ES-1,PRESIDENT AND VICE PRES,JILL STEIN      and A,32,883,0,0,0,0,232,0.00%,1ES-1.PRESIDENT AND VICE PRESIDENT.JILL STEIN      and AJAMU BARAKA
000010 ,1,1,001 002 037 038 064 065 153 154 224 233,PROP_51,YES,407,883,476,1,~  1ES-1,PROPOSITION 51 SCHOOL B,YES,407,883,0,0,0,0,22,0.00%,1ES-1.PROPOSITION 51 SCHOOL BONDS. FUNDING FOR K-12 SCHOOL AND COMMUNITY COLLEGE FACILITIES. INITIATIVE.YES
000010 ,1,1,001 002 037 038 064 065 153 154 224 233,PROP_52,NO,281,883,602,0,~  1ES-1,PROPOSITION 52 MEDI-CAL,NO,281,883,0,0,0,0,265,0.00%,1ES-1.PROPOSITION 52 MEDI-CAL HOSPITAL FEE PROGRAM. INITIATIVE CONSTITUTIONAL AMENDMENT AND STATUTE..NO
000010 ,1,1,001 002 037 038 064 065 153 154 224 233,PROP_52,YES,546,883,337,0,~  1ES-1,PROPOSITION 52 MEDI-CAL,YES,546,883,0,0,0,0,265,0.00%,1ES-1.PROPOSITION 52 MEDI-CAL HOSPITAL FEE PROGRAM. INITIATIVE CONSTITUTIONAL AMENDMENT AND STATUTE..YES
000010 ,1,1,001 002 037 038 064 065 153 154 224 233,PROP_54,YES,510,883,373,1,~  1ES-1,PROPOSITION 54 LEGISLAT,YES,510,883,0,0,0,0,205,0.00%,1ES-1.PROPOSITION 54 LEGISLATURE. LEGISLATION AND PROCEEDINGS. INITIATIVE CONSTITUTIONAL AMENDMENT AND.YES
000010 ,1,1,001 002 037 038 064 065 153 154 224 233,PROP_55,NO,281,883,602,0,~  1ES-1,PROPOSITION 55 TAX EXTE,NO,281,883,0,0,0,0,273,0.00%,1ES-1.PROPOSITION 55 TAX EXTENSION TO FUND EDUCATION AND HEALTHCARE. INITIATIVE CONSTITUTIONAL AMENDMENT..NO
000010 ,1,1,001 002 037 038 064 065 153 154 224 233,PROP_55,YES,554,883,329,0,~  1ES-1,PROPOSITION 55 TAX EXTE,YES,554,883,0,0,0,0,273,0.00%,1ES-1.PROPOSITION 55 TAX EXTENSION TO FUND EDUCATION AND HEALTHCARE. INITIATIVE CONSTITUTIONAL AMENDMENT..YES
000010 ,1,2,001 002 037 038 064 065 153 154 224 233,PROP_57,NO,281,877,596,1,~  1ES-1,PROPOSITION 57 CRIMINAL,NO,281,883,0,-6,0,6,263,0.00%,1ES-1.PROPOSITION 57 CRIMINAL SENTENCES. PAROLE. JUVENILE CRIMINAL PROCEEDINGS AND SENTENCING. INITIATIVE.NO
000010 ,2,3,001 002 037 038 064 065 153 154 224 233 243,PROP_64,NO,324,884,560,0,~  1ES-1,PROPOSITION 64 MARIJUAN,NO,324,883,0,1,0,1,213,0.00%,1ES-1.PROPOSITION 64 MARIJUANA LEGALIZATION. INITIATIVE STATUTE..NO
000010 ,2,3,001 002 037 038 064 065 153 154 224 233 243,PROP_66,NO,408,884,476,0,~  1ES-1,PROPOSITION 66 DEATH PE,NO,408,883,0,1,0,1,28,0.00%,1ES-1.PROPOSITION 66 DEATH PENALTY. PROCEDURES. INITIATIVE STATUTE..NO
000010 ,1,1,001 002 037 038 064 065 153 154 224 233,STATEASS2,JIM_WOOD,550,883,333,0,~  1ES-1,"STATE ASSEMBLY, DISTRIC",JIM WOOD,550,883,0,0,0,0,326,0.00%,"1ES-1.STATE ASSEMBLY, DISTRICT 2.JIM WOOD"
000010 ,1,1,001 002 037 038 064 065 153 154 224 233,STATEASS2,KEN_ANTON,224,883,659,0,~  1ES-1,"STATE ASSEMBLY, DISTRIC",KEN ANTON,224,883,0,0,0,0,326,0.00%,"1ES-1.STATE ASSEMBLY, DISTRICT 2.KEN ANTON"
000010 ,1,1,001 002 037 038 064 065 153 154 224 233,USREP,DALE_K_MENSING,232,883,651,0,~  1ES-1,US REPRESENTATIVE IN CO,DALE K. MENSING,232,883,0,0,0,0,376,0.00%,"1ES-1.US REPRESENTATIVE IN CONGRESS, DISTRICT 2.DALE K. MENSING"
000011 ,1,1,003 040 041 069 070 152 153 224 233 234,FERN_CC,DANIEL_BROWN,499,852,353,1,~  1F--1,FERNDALE CITY COUNCILME,DANIEL BROWN,499,853,0,-1,0,1,33,0.00%,1F--1.FERNDALE CITY COUNCILMEMBER.DANIEL BROWN
000011 ,1,1,003 040 041 069 070 152 153 224 233 234,FERN_MAYOR,DON_HINDLEY,569,852,283,1,~  1F--1,"FERNDALE, MAYOR",DON HINDLEY,569,853,0,-1,0,1,362,0.00%,"1F--1.FERNDALE, MAYOR.DON HINDLEY"
000011 ,1,1,003 040 041 069 070 152 153 224 233 234,FERN_MAYOR,Write_in,15,852,837,0,~  1F--1,"FERNDALE, MAYOR",Write_in,15,853,0,-1,0,1,362,0.00%,"1F--1.FERNDALE, MAYOR.Write_in"
000011 ,2,3,003 040 041 070 071 152 153 224 233 234,MEAS_Q,NO,402,853,451,1,~  1F--1,MEASURE Q HUMBOLDT COUN,NO,402,853,0,0,0,0,64,0.00%,1F--1.MEASURE Q HUMBOLDT COUNTY CREATION OF FINANCE DEPARTMENT MEASURE..NO
000011 ,2,3,003 040 041 070 071 152 153 224 233 234,MEAS_S,NO,240,853,613,0,~  1F--1,MEASURE S HUMBOLDT COUN,NO,240,853,0,0,0,0,320,0.00%,1F--1.MEASURE S HUMBOLDT COUNTY COMMERCIAL MARIJUANA CULTIVATION MEASURE..NO
000011 ,2,3,003 040 041 070 071 152 153 224 233 234,MEAS_S,YES,560,853,293,0,~  1F--1,MEASURE S HUMBOLDT COUN,YES,560,853,0,0,0,0,320,0.00%,1F--1.MEASURE S HUMBOLDT COUNTY COMMERCIAL MARIJUANA CULTIVATION MEASURE..YES
000011 ,2,3,003 040 041 070 071 152 153 224 233 234,MEAS_U,NO,426,853,427,0,~  1F--1,MEASURE U LOCAL TRANSPO,NO,426,853,0,0,0,0,77,0.00%,1F--1.MEASURE U LOCAL TRANSPORTATION AUTHORITY RETAIL TRANSACTIONS AND USE TAX..NO
000011 ,2,3,003 040 041 070 071 152 153 224 233 234,MEAS_U,YES,349,853,504,0,~  1F--1,MEASURE U LOCAL TRANSPO,YES,349,853,0,0,0,0,77,0.00%,1F--1.MEASURE U LOCAL TRANSPORTATION AUTHORITY RETAIL TRANSACTIONS AND USE TAX..YES
000011 ,2,4,003 040 041 070 071 152 153 224 233 234,MEAS_V,NO,399,853,454,0,~  1F--1,MEASURE V MOBILE HOME P,NO,399,853,0,0,0,0,31,0.00%,1F--1.MEASURE V MOBILE HOME PARK SPACE RENT STABILIZATION..NO
000011 ,2,4,003 040 041 070 071 152 153 224 233 234,MEAS_V,YES,368,853,485,0,~  1F--1,MEASURE V MOBILE HOME P,YES,368,853,0,0,0,0,31,0.00%,1F--1.MEASURE V MOBILE HOME PARK SPACE RENT STABILIZATION..YES
000011 ,1,1,003 040 041 069 070 152 153 224 233 234,PRES,DONALD_J_TRUMP,339,852,513,1,~  1F--1,PRESIDENT AND VICE PRES,DONALD J. TRUMP      ,339,853,0,-1,0,1,64,0.00%,1F--1.PRESIDENT AND VICE PRESIDENT.DONALD J. TRUMP      and MICHAEL R. PENCE
000011 ,1,1,003 040 041 069 070 152 153 224 233 234,PRES,GARY_JOHNSON,35,852,817,0,~  1F--1,PRESIDENT AND VICE PRES,GARY JOHNSON      and,35,853,0,-1,0,1,64,0.00%,1F--1.PRESIDENT AND VICE PRESIDENT.GARY JOHNSON      and BILL WELD
000011 ,1,1,003 040 041 069 070 152 153 224 233 234,PRES,HILLARY_CLINTON,403,852,449,0,~  1F--1,PRESIDENT AND VICE PRES,HILLARY CLINTON      ,403,853,0,-1,0,1,64,0.00%,1F--1.PRESIDENT AND VICE PRESIDENT.HILLARY CLINTON      and TIM KAINE
000011 ,1,1,003 040 041 069 070 152 153 224 233 234,PRES,Write_in,35,852,817,0,~  1F--1,PRESIDENT AND VICE PRES,Write_in,35,853,0,-1,0,1,64,0.00%,1F--1.PRESIDENT AND VICE PRESIDENT.Write_in
000011 ,1,1,003 040 041 069 070 152 153 224 233 234,PROP_51,YES,359,852,493,0,~  1F--1,PROPOSITION 51 SCHOOL B,YES,359,853,0,-1,0,1,83,0.00%,1F--1.PROPOSITION 51 SCHOOL BONDS. FUNDING FOR K-12 SCHOOL AND COMMUNITY COLLEGE FACILITIES. INITIATIVE.YES
000011 ,1,1,003 040 041 069 070 152 153 224 233 234,PROP_52,NO,283,852,569,2,~  1F--1,PROPOSITION 52 MEDI-CAL,NO,283,853,0,-1,0,1,218,0.00%,1F--1.PROPOSITION 52 MEDI-CAL HOSPITAL FEE PROGRAM. INITIATIVE CONSTITUTIONAL AMENDMENT AND STATUTE..NO
000011 ,1,2,003 040 041 069 070 152 153 224 233 234,PROP_58,NO,209,851,642,2,~  1F--1,PROPOSITION 58 ENGLISH ,NO,209,853,0,-2,0,2,372,0.00%,1F--1.PROPOSITION 58 ENGLISH PROFICIENCY. MULTILINGUAL EDUCATION. INITIATIVE STATUTE..NO
000011 ,1,2,003 040 041 069 070 152 153 224 233 234,PROP_58,YES,581,851,270,2,~  1F--1,PROPOSITION 58 ENGLISH ,YES,581,853,0,-2,0,2,372,0.00%,1F--1.PROPOSITION 58 ENGLISH PROFICIENCY. MULTILINGUAL EDUCATION. INITIATIVE STATUTE..YES
000011 ,1,2,003 040 041 069 070 152 153 224 233 234,PROP_59,NO,345,851,506,3,~  1F--1,PROPOSITION 59 CORPORAT,NO,345,853,0,-2,0,2,55,0.00%,1F--1.PROPOSITION 59 CORPORATIONS. POLITICAL SPENDING. FEDERAL CONSTITUTIONAL PROTECTIONS..NO
000011 ,2,3,003 040 041 070 071 152 153 224 233 234,PROP_63,NO,418,853,435,1,~  1F--1,PROPOSITION 63 FIREARMS,NO,418,853,0,0,0,0,17,0.00%,1F--1.PROPOSITION 63 FIREARMS. AMMUNITION SALES. INITIATIVE STATUTE..NO
000011 ,1,1,003 040 041 069 070 152 153 224 233 234,STATEASS2,KEN_ANTON,220,852,632,0,~  1F--1,"STATE ASSEMBLY, DISTRIC",KEN ANTON,220,853,0,-1,0,1,258,0.00%,"1F--1.STATE ASSEMBLY, DISTRICT 2.KEN ANTON"
000011 ,1,1,003 040 041 069 070 152 153 224 233 234,USREP,DALE_K_MENSING,282,852,570,0,~  1F--1,US REPRESENTATIVE IN CO,DALE K. MENSING,282,853,0,-1,0,1,227,0.00%,"1F--1.US REPRESENTATIVE IN CONGRESS, DISTRICT 2.DALE K. MENSING"
000011 ,1,1,003 040 041 069 070 152 153 224 233 234,USSEN,KAMALA_D_HARRIS,424,852,428,1,~  1F--1,US SENATOR,KAMALA D. HARRIS,424,853,0,-1,0,1,202,0.00%,1F--1.US SENATOR.KAMALA D. HARRIS
000012 ,1,1,033 214,FORT_CC,DEAN_J_GLASER,5,17,12,0,~  1F--7,FORTUNA CITY COUNCILMEM,DEAN J. GLASER,5,17,0,0,0,0,2,0.00%,1F--7.FORTUNA CITY COUNCILMEMBER.DEAN J. GLASER
000012 ,1,1,033 214,FORT_CC,TAMI_TRENT,7,17,10,0,~  1F--7,FORTUNA CITY COUNCILMEM,TAMI TRENT,7,17,0,0,0,0,2,0.00%,1F--7.FORTUNA CITY COUNCILMEMBER.TAMI TRENT
000012 ,1,1,033 214,FORT_CC,Write_in,1,34,33,0,~  1F--7,FORTUNA CITY COUNCILMEM,Write_in,1,17,0,17,0,17,2,0.00%,1F--7.FORTUNA CITY COUNCILMEMBER.Write_in
000012 ,2,4,033 214,MEAS_E,NO,8,17,9,0,~  1F--7,MEASURE E FORTUNA POLIC,NO,8,17,0,0,0,0,1,0.00%,1F--7.MEASURE E FORTUNA POLICE AND ESSENTIAL SERVICES MEASURE..NO
000012 ,2,4,033 214,MEAS_E,YES,9,17,8,0,~  1F--7,MEASURE E FORTUNA POLIC,YES,9,17,0,0,0,0,1,0.00%,1F--7.MEASURE E FORTUNA POLICE AND ESSENTIAL SERVICES MEASURE..YES
000012 ,2,3,033 214,MEAS_Q,NO,6,17,11,0,~  1F--7,MEASURE Q HUMBOLDT COUN,NO,6,17,0,0,0,0,5,0.00%,1F--7.MEASURE Q HUMBOLDT COUNTY CREATION OF FINANCE DEPARTMENT MEASURE..NO
000012 ,2,3,033 214,MEAS_Q,YES,11,17,6,0,~  1F--7,MEASURE Q HUMBOLDT COUN,YES,11,17,0,0,0,0,5,0.00%,1F--7.MEASURE Q HUMBOLDT COUNTY CREATION OF FINANCE DEPARTMENT MEASURE..YES
000012 ,2,3,033 214,MEAS_R,NO,6,17,11,0,~  1F--7,MEASURE R HUMBOLDT COUN,NO,6,17,0,0,0,0,5,0.00%,1F--7.MEASURE R HUMBOLDT COUNTY FINANCE DEPARTMENT ELECTIVE OFFICE MEASURE..NO
000012 ,2,3,033 214,MEAS_R,YES,11,17,6,0,~  1F--7,MEASURE R HUMBOLDT COUN,YES,11,17,0,0,0,0,5,0.00%,1F--7.MEASURE R HUMBOLDT COUNTY FINANCE DEPARTMENT ELECTIVE OFFICE MEASURE..YES
000012 ,2,3,033 214,MEAS_S,NO,3,17,14,0,~  1F--7,MEASURE S HUMBOLDT COUN,NO,3,17,0,0,0,0,11,0.00%,1F--7.MEASURE S HUMBOLDT COUNTY COMMERCIAL MARIJUANA CULTIVATION MEASURE..NO
000012 ,2,3,033 214,MEAS_S,YES,14,17,3,0,~  1F--7,MEASURE S HUMBOLDT COUN,YES,14,17,0,0,0,0,11,0.00%,1F--7.MEASURE S HUMBOLDT COUNTY COMMERCIAL MARIJUANA CULTIVATION MEASURE..YES
000012 ,2,3,033 214,MEAS_U,NO,10,17,7,0,~  1F--7,MEASURE U LOCAL TRANSPO,NO,10,17,0,0,0,0,3,0.00%,1F--7.MEASURE U LOCAL TRANSPORTATION AUTHORITY RETAIL TRANSACTIONS AND USE TAX..NO
000012 ,2,3,033 214,MEAS_U,YES,7,17,10,0,~  1F--7,MEASURE U LOCAL TRANSPO,YES,7,17,0,0,0,0,3,0.00%,1F--7.MEASURE U LOCAL TRANSPORTATION AUTHORITY RETAIL TRANSACTIONS AND USE TAX..YES
000012 ,2,3,033 214,MEAS_V,NO,12,17,5,0,~  1F--7,MEASURE V MOBILE HOME P,NO,12,17,0,0,0,0,8,0.00%,1F--7.MEASURE V MOBILE HOME PARK SPACE RENT STABILIZATION..NO
000012 ,2,3,033 214,MEAS_V,YES,4,17,13,0,~  1F--7,MEASURE V MOBILE HOME P,YES,4,17,0,0,0,0,8,0.00%,1F--7.MEASURE V MOBILE HOME PARK SPACE RENT STABILIZATION..YES
000012 ,1,1,033 214,PRES,DONALD_J_TRUMP,9,17,8,0,~  1F--7,PRESIDENT AND VICE PRES,DONALD J. TRUMP      ,9,17,0,0,0,0,3,0.00%,1F--7.PRESIDENT AND VICE PRESIDENT.DONALD J. TRUMP      and MICHAEL R. PENCE
000012 ,1,1,033 214,PRES,GARY_JOHNSON,2,17,15,0,~  1F--7,PRESIDENT AND VICE PRES,GARY JOHNSON      and,2,17,0,0,0,0,3,0.00%,1F--7.PRESIDENT AND VICE PRESIDENT.GARY JOHNSON      and BILL WELD
000012 ,1,1,033 214,PRES,GLORIA_ESTELA_LA_RIVA,0,17,17,0,~  1F--7,PRESIDENT AND VICE PRES,GLORIA ESTELA LA RIVA,0,17,0,0,0,0,3,0.00%,1F--7.PRESIDENT AND VICE PRESIDENT.GLORIA ESTELA LA RIVA      and DENNIS J. BANKS
000012 ,1,1,033 214,PRES,HILLARY_CLINTON,6,17,11,0,~  1F--7,PRESIDENT AND VICE PRES,HILLARY CLINTON      ,6,17,0,0,0,0,3,0.00%,1F--7.PRESIDENT AND VICE PRESIDENT.HILLARY CLINTON      and TIM KAINE
000012 ,1,1,033 214,PRES,JILL_STEIN,0,17,17,0,~  1F--7,PRESIDENT AND VICE PRES,JILL STEIN      and A,0,17,0,0,0,0,3,0.00%,1F--7.PRESIDENT AND VICE PRESIDENT.JILL STEIN      and AJAMU BARAKA
000012 ,1,1,033 214,PRES,Write_in,0,17,17,0,~  1F--7,PRESIDENT AND VICE PRES,Write_in,0,17,0,0,0,0,3,0.00%,1F--7.PRESIDENT AND VICE PRESIDENT.Write_in
000012 ,1,1,033 214,PROP_51,NO,10,17,7,0,~  1F--7,PROPOSITION 51 SCHOOL B,NO,10,17,0,0,0,0,4,0.00%,1F--7.PROPOSITION 51 SCHOOL BONDS. FUNDING FOR K-12 SCHOOL AND COMMUNITY COLLEGE FACILITIES. INITIATIVE.NO
000012 ,1,1,033 214,PROP_51,YES,6,17,11,0,~  1F--7,PROPOSITION 51 SCHOOL B,YES,6,17,0,0,0,0,4,0.00%,1F--7.PROPOSITION 51 SCHOOL BONDS. FUNDING FOR K-12 SCHOOL AND COMMUNITY COLLEGE FACILITIES. INITIATIVE.YES
000012 ,1,1,033 214,PROP_52,NO,7,17,10,0,~  1F--7,PROPOSITION 52 MEDI-CAL,NO,7,17,0,0,0,0,2,0.00%,1F--7.PROPOSITION 52 MEDI-CAL HOSPITAL FEE PROGRAM. INITIATIVE CONSTITUTIONAL AMENDMENT AND STATUTE..NO
000012 ,1,1,033 214,PROP_52,YES,9,17,8,0,~  1F--7,PROPOSITION 52 MEDI-CAL,YES,9,17,0,0,0,0,2,0.00%,1F--7.PROPOSITION 52 MEDI-CAL HOSPITAL FEE PROGRAM. INITIATIVE CONSTITUTIONAL AMENDMENT AND STATUTE..YES
000012 ,1,1,033 214,PROP_53,NO,9,17,8,0,~  1F--7,PROPOSITION 53 REVENUE ,NO,9,17,0,0,0,0,1,0.00%,1F--7.PROPOSITION 53 REVENUE BONDS. STATEWIDE VOTER APPROVAL. INITIATIVE CONSTITUTIONAL AMENDMENT..NO
000012 ,1,1,033 214,PROP_53,YES,8,17,9,0,~  1F--7,PROPOSITION 53 REVENUE ,YES,8,17,0,0,0,0,1,0.00%,1F--7.PROPOSITION 53 REVENUE BONDS. STATEWIDE VOTER APPROVAL. INITIATIVE CONSTITUTIONAL AMENDMENT..YES
000012 ,1,1,033 214,PROP_54,NO,8,17,9,0,~  1F--7,PROPOSITION 54 LEGISLAT,NO,8,17,0,0,0,0,0,--,1F--7.PROPOSITION 54 LEGISLATURE. LEGISLATION AND PROCEEDINGS. INITIATIVE CONSTITUTIONAL AMENDMENT AND.NO
000012 ,1,1,033 214,PROP_54,YES,8,17,9,0,~  1F--7,PROPOSITION 54 LEGISLAT,YES,8,17,0,0,0,0,0,--,1F--7.PROPOSITION 54 LEGISLATURE. LEGISLATION AND PROCEEDINGS. INITIATIVE CONSTITUTIONAL AMENDMENT AND.YES
000012 ,1,2,033 214,PROP_55,NO,4,17,13,0,~  1F--7,PROPOSITION 55 TAX EXTE,NO,4,17,0,0,0,0,9,0.00%,1F--7.PROPOSITION 55 TAX EXTENSION TO FUND EDUCATION AND HEALTHCARE. INITIATIVE CONSTITUTIONAL AMENDMENT..NO
000012 ,1,2,033 214,PROP_55,YES,13,17,4,0,~  1F--7,PROPOSITION 55 TAX EXTE,YES,13,17,0,0,0,0,9,0.00%,1F--7.PROPOSITION 55 TAX EXTENSION TO FUND EDUCATION AND HEALTHCARE. INITIATIVE CONSTITUTIONAL AMENDMENT..YES
000012 ,1,2,033 214,PROP_56,NO,9,17,8,0,~  1F--7,PROPOSITION 56 CIGARETT,NO,9,17,0,0,0,0,1,0.00%,"1F--7.PROPOSITION 56 CIGARETTE TAX TO FUND HEALTHCARE, TOBACCO USE PREVENTION, RESEARCH, AND.NO"
000012 ,1,2,033 214,PROP_56,YES,8,17,9,0,~  1F--7,PROPOSITION 56 CIGARETT,YES,8,17,0,0,0,0,1,0.00%,"1F--7.PROPOSITION 56 CIGARETTE TAX TO FUND HEALTHCARE, TOBACCO USE PREVENTION, RESEARCH, AND.YES"
000012 ,1,2,033 214,PROP_57,NO,8,17,9,0,~  1F--7,PROPOSITION 57 CRIMINAL,NO,8,17,0,0,0,0,1,0.00%,1F--7.PROPOSITION 57 CRIMINAL SENTENCES. PAROLE. JUVENILE CRIMINAL PROCEEDINGS AND SENTENCING. INITIATIVE.NO
000012 ,1,2,033 214,PROP_57,YES,9,17,8,0,~  1F--7,PROPOSITION 57 CRIMINAL,YES,9,17,0,0,0,0,1,0.00%,1F--7.PROPOSITION 57 CRIMINAL SENTENCES. PAROLE. JUVENILE CRIMINAL PROCEEDINGS AND SENTENCING. INITIATIVE.YES
000012 ,1,2,033 214,PROP_58,NO,5,17,12,0,~  1F--7,PROPOSITION 58 ENGLISH ,NO,5,17,0,0,0,0,7,0.00%,1F--7.PROPOSITION 58 ENGLISH PROFICIENCY. MULTILINGUAL EDUCATION. INITIATIVE STATUTE..NO
000012 ,1,2,033 214,PROP_58,YES,12,17,5,0,~  1F--7,PROPOSITION 58 ENGLISH ,YES,12,17,0,0,0,0,7,0.00%,1F--7.PROPOSITION 58 ENGLISH PROFICIENCY. MULTILINGUAL EDUCATION. INITIATIVE STATUTE..YES
000012 ,1,2,033 214,PROP_59,NO,6,17,11,0,~  1F--7,PROPOSITION 59 CORPORAT,NO,6,17,0,0,0,0,4,0.00%,1F--7.PROPOSITION 59 CORPORATIONS. POLITICAL SPENDING. FEDERAL CONSTITUTIONAL PROTECTIONS..NO
000012 ,1,2,033 214,PROP_59,YES,10,17,7,0,~  1F--7,PROPOSITION 59 CORPORAT,YES,10,17,0,0,0,0,4,0.00%,1F--7.PROPOSITION 59 CORPORATIONS. POLITICAL SPENDING. FEDERAL CONSTITUTIONAL PROTECTIONS..YES
000012 ,1,2,033 214,PROP_60,NO,11,17,6,0,~  1F--7,PROPOSITION 60 ADULT FI,NO,11,17,0,0,0,0,7,0.00%,1F--7.PROPOSITION 60 ADULT FILMS. CONDOMS. HEALTH REQUIREMENTS. INITIATIVE STATUTE..NO
000012 ,1,2,033 214,PROP_60,YES,4,17,13,0,~  1F--7,PROPOSITION 60 ADULT FI,YES,4,17,0,0,0,0,7,0.00%,1F--7.PROPOSITION 60 ADULT FILMS. CONDOMS. HEALTH REQUIREMENTS. INITIATIVE STATUTE..YES
000012 ,1,2,033 214,PROP_61,NO,10,17,7,0,~  1F--7,PROPOSITION 61 STATE PR,NO,10,17,0,0,0,0,4,0.00%,1F--7.PROPOSITION 61 STATE PRESCRIPTION DRUG PURCHASES. PRICING STANDARDS. INITIATIVE STATUTE..NO
000012 ,1,2,033 214,PROP_61,YES,6,17,11,0,~  1F--7,PROPOSITION 61 STATE PR,YES,6,17,0,0,0,0,4,0.00%,1F--7.PROPOSITION 61 STATE PRESCRIPTION DRUG PURCHASES. PRICING STANDARDS. INITIATIVE STATUTE..YES
000012 ,1,2,033 214,PROP_62,NO,10,17,7,1,~  1F--7,PROPOSITION 62 DEATH PE,NO,10,17,0,0,0,0,3,0.00%,1F--7.PROPOSITION 62 DEATH PENALTY. INITIATIVE STATUTE..NO
000012 ,2,3,033 214,PROP_63,NO,11,17,6,0,~  1F--7,PROPOSITION 63 FIREARMS,NO,11,17,0,0,0,0,6,0.00%,1F--7.PROPOSITION 63 FIREARMS. AMMUNITION SALES. INITIATIVE STATUTE..NO
000012 ,2,3,033 214,PROP_63,YES,5,17,12,0,~  1F--7,PROPOSITION 63 FIREARMS,YES,5,17,0,0,0,0,6,0.00%,1F--7.PROPOSITION 63 FIREARMS. AMMUNITION SALES. INITIATIVE STATUTE..YES
000012 ,2,3,033 214,PROP_64,NO,9,17,8,0,~  1F--7,PROPOSITION 64 MARIJUAN,NO,9,17,0,0,0,0,1,0.00%,1F--7.PROPOSITION 64 MARIJUANA LEGALIZATION. INITIATIVE STATUTE..NO
000012 ,2,3,033 214,PROP_64,YES,8,17,9,0,~  1F--7,PROPOSITION 64 MARIJUAN,YES,8,17,0,0,0,0,1,0.00%,1F--7.PROPOSITION 64 MARIJUANA LEGALIZATION. INITIATIVE STATUTE..YES
000012 ,2,3,033 214,PROP_65,NO,13,17,4,0,~  1F--7,PROPOSITION 65 CARRYOUT,NO,13,17,0,0,0,0,10,0.00%,1F--7.PROPOSITION 65 CARRYOUT BAGS. CHARGES. INITIATIVE STATUTE..NO
000012 ,2,3,033 214,PROP_65,YES,3,17,14,0,~  1F--7,PROPOSITION 65 CARRYOUT,YES,3,17,0,0,0,0,10,0.00%,1F--7.PROPOSITION 65 CARRYOUT BAGS. CHARGES. INITIATIVE STATUTE..YES
000012 ,2,3,033 214,PROP_66,NO,4,17,13,0,~  1F--7,PROPOSITION 66 DEATH PE,NO,4,17,0,0,0,0,3,0.00%,1F--7.PROPOSITION 66 DEATH PENALTY. PROCEDURES. INITIATIVE STATUTE..NO
000012 ,2,3,033 214,PROP_66,YES,7,17,10,0,~  1F--7,PROPOSITION 66 DEATH PE,YES,7,17,0,0,0,0,3,0.00%,1F--7.PROPOSITION 66 DEATH PENALTY. PROCEDURES. INITIATIVE STATUTE..YES
000012 ,2,3,033 214,PROP_67,NO,11,17,6,1,~  1F--7,PROPOSITION 67 BAN ON S,NO,11,17,0,0,0,0,5,0.00%,1F--7.PROPOSITION 67 BAN ON SINGLE-USE PLASTIC BAGS. REFERENDUM..NO
000012 ,1,1,033 214,STATEASS2,JIM_WOOD,11,17,6,0,~  1F--7,"STATE ASSEMBLY, DISTRIC",JIM WOOD,11,17,0,0,0,0,9,0.00%,"1F--7.STATE ASSEMBLY, DISTRICT 2.JIM WOOD"
000012 ,1,1,033 214,STATEASS2,KEN_ANTON,2,17,15,0,~  1F--7,"STATE ASSEMBLY, DISTRIC",KEN ANTON,2,17,0,0,0,0,9,0.00%,"1F--7.STATE ASSEMBLY, DISTRICT 2.KEN ANTON"
000012 ,1,1,033 214,USREP,DALE_K_MENSING,5,17,12,0,~  1F--7,US REPRESENTATIVE IN CO,DALE K. MENSING,5,17,0,0,0,0,6,0.00%,"1F--7.US REPRESENTATIVE IN CONGRESS, DISTRICT 2.DALE K. MENSING"
000012 ,1,1,033 214,USREP,JARED_W_HUFFMAN,11,17,6,0,~  1F--7,US REPRESENTATIVE IN CO,JARED W. HUFFMAN,11,17,0,0,0,0,6,0.00%,"1F--7.US REPRESENTATIVE IN CONGRESS, DISTRICT 2.JARED W. HUFFMAN"
000012 ,1,1,033 214,USSEN,KAMALA_D_HARRIS,9,17,8,0,~  1F--7,US SENATOR,KAMALA D. HARRIS,9,17,0,0,0,0,5,0.00%,1F--7.US SENATOR.KAMALA D. HARRIS
000012 ,1,1,033 214,USSEN,LORETTA_L_SANCHEZ,4,17,13,0,~  1F--7,US SENATOR,LORETTA L. SANCHEZ,4,17,0,0,0,0,5,0.00%,1F--7.US SENATOR.LORETTA L. SANCHEZ
000013 ,2,3,003 039 066 067 154 155 224 234,MEAS_Q,NO,354,677,323,0,~  1FS,MEASURE Q HUMBOLDT COUN,NO,354,680,0,-3,0,3,133,0.00%,1FS.MEASURE Q HUMBOLDT COUNTY CREATION OF FINANCE DEPARTMENT MEASURE..NO
000013 ,2,3,003 039 066 067 154 155 224 234,MEAS_Q,YES,221,677,456,0,~  1FS,MEASURE Q HUMBOLDT COUN,YES,221,680,0,-3,0,3,133,0.00%,1FS.MEASURE Q HUMBOLDT COUNTY CREATION OF FINANCE DEPARTMENT MEASURE..YES
000013 ,2,3,003 039 066 067 154 155 224 234,MEAS_R,NO,378,677,299,0,~  1FS,MEASURE R HUMBOLDT COUN,NO,378,680,0,-3,0,3,173,0.00%,1FS.MEASURE R HUMBOLDT COUNTY FINANCE DEPARTMENT ELECTIVE OFFICE MEASURE..NO
000013 ,2,3,003 039 066 067 154 155 224 234,MEAS_R,YES,205,677,472,0,~  1FS,MEASURE R HUMBOLDT COUN,YES,205,680,0,-3,0,3,173,0.00%,1FS.MEASURE R HUMBOLDT COUNTY FINANCE DEPARTMENT ELECTIVE OFFICE MEASURE..YES
000013 ,2,3,003 039 066 067 154 155 224 234,MEAS_S,YES,407,677,270,1,~  1FS,MEASURE S HUMBOLDT COUN,YES,407,680,0,-3,0,3,170,0.00%,1FS.MEASURE S HUMBOLDT COUNTY COMMERCIAL MARIJUANA CULTIVATION MEASURE..YES
000013 ,2,3,003 039 066 067 154 155 224 234,MEAS_U,NO,415,677,262,0,~  1FS,MEASURE U LOCAL TRANSPO,NO,415,680,0,-3,0,3,202,0.00%,1FS.MEASURE U LOCAL TRANSPORTATION AUTHORITY RETAIL TRANSACTIONS AND USE TAX..NO
000013 ,2,3,003 039 066 067 154 155 224 234,MEAS_U,YES,213,677,464,0,~  1FS,MEASURE U LOCAL TRANSPO,YES,213,680,0,-3,0,3,202,0.00%,1FS.MEASURE U LOCAL TRANSPORTATION AUTHORITY RETAIL TRANSACTIONS AND USE TAX..YES
000013 ,2,3,003 039 066 067 154 155 224 234,MEAS_V,YES,220,677,457,1,~  1FS,MEASURE V MOBILE HOME P,YES,220,680,0,-3,0,3,174,0.00%,1FS.MEASURE V MOBILE HOME PARK SPACE RENT STABILIZATION..YES
000013 ,1,1,003 039 065 066 154 155 224 229 234,PRES,DONALD_J_TRUMP,379,680,301,0,~  1FS,PRESIDENT AND VICE PRES,DONALD J. TRUMP      ,379,680,0,0,0,0,172,0.00%,1FS.PRESIDENT AND VICE PRESIDENT.DONALD J. TRUMP      and MICHAEL R. PENCE
000013 ,1,1,003 039 065 066 154 155 224 229 234,PRES,GLORIA_ESTELA_LA_RIVA,3,680,677,0,~  1FS,PRESIDENT AND VICE PRES,GLORIA ESTELA LA RIVA,3,680,0,0,0,0,172,0.00%,1FS.PRESIDENT AND VICE PRESIDENT.GLORIA ESTELA LA RIVA      and DENNIS J. BANKS
000013 ,1,1,003 039 065 066 154 155 224 229 234,PRES,HILLARY_CLINTON,207,680,473,0,~  1FS,PRESIDENT AND VICE PRES,HILLARY CLINTON      ,207,680,0,0,0,0,172,0.00%,1FS.PRESIDENT AND VICE PRESIDENT.HILLARY CLINTON      and TIM KAINE
000013 ,1,1,003 039 065 066 154 155 224 229 234,PRES,JILL_STEIN,13,680,667,0,~  1FS,PRESIDENT AND VICE PRES,JILL STEIN      and A,13,680,0,0,0,0,172,0.00%,1FS.PRESIDENT AND VICE PRESIDENT.JILL STEIN      and AJAMU BARAKA
000013 ,1,1,003 039 065 066 154 155 224 229 234,PRES,Write_in,23,680,657,0,~  1FS,PRESIDENT AND VICE PRES,Write_in,23,680,0,0,0,0,172,0.00%,1FS.PRESIDENT AND VICE PRESIDENT.Write_in
000013 ,1,1,003 039 065 066 154 155 224 229 234,PROP_51,NO,441,680,239,0,~  1FS,PROPOSITION 51 SCHOOL B,NO,441,680,0,0,0,0,239,0.00%,1FS.PROPOSITION 51 SCHOOL BONDS. FUNDING FOR K-12 SCHOOL AND COMMUNITY COLLEGE FACILITIES. INITIATIVE.NO
000013 ,1,1,003 039 065 066 154 155 224 229 234,PROP_51,YES,202,680,478,0,~  1FS,PROPOSITION 51 SCHOOL B,YES,202,680,0,0,0,0,239,0.00%,1FS.PROPOSITION 51 SCHOOL BONDS. FUNDING FOR K-12 SCHOOL AND COMMUNITY COLLEGE FACILITIES. INITIATIVE.YES
000013 ,1,1,003 039 065 066 154 155 224 229 234,PROP_52,YES,341,680,339,2,~  1FS,PROPOSITION 52 MEDI-CAL,YES,341,680,0,0,0,0,58,0.00%,1FS.PROPOSITION 52 MEDI-CAL HOSPITAL FEE PROGRAM. INITIATIVE CONSTITUTIONAL AMENDMENT AND STATUTE..YES
000013 ,1,1,003 039 065 066 154 155 224 229 234,PROP_53,YES,322,680,358,3,~  1FS,PROPOSITION 53 REVENUE ,YES,322,680,0,0,0,0,26,0.00%,1FS.PROPOSITION 53 REVENUE BONDS. STATEWIDE VOTER APPROVAL. INITIATIVE CONSTITUTIONAL AMENDMENT..YES
000013 ,1,2,003 039 065 066 154 155 224 229 234,PROP_59,NO,327,680,353,1,~  1FS,PROPOSITION 59 CORPORAT,NO,327,680,0,0,0,0,68,0.00%,1FS.PROPOSITION 59 CORPORATIONS. POLITICAL SPENDING. FEDERAL CONSTITUTIONAL PROTECTIONS..NO
000013 ,1,2,003 039 065 066 154 155 224 229 234,PROP_59,YES,259,680,421,1,~  1FS,PROPOSITION 59 CORPORAT,YES,259,680,0,0,0,0,68,0.00%,1FS.PROPOSITION 59 CORPORATIONS. POLITICAL SPENDING. FEDERAL CONSTITUTIONAL PROTECTIONS..YES
000013 ,1,2,003 039 065 066 154 155 224 229 234,PROP_60,NO,400,680,280,0,~  1FS,PROPOSITION 60 ADULT FI,NO,400,680,0,0,0,0,191,0.00%,1FS.PROPOSITION 60 ADULT FILMS. CONDOMS. HEALTH REQUIREMENTS. INITIATIVE STATUTE..NO
000013 ,1,2,003 039 065 066 154 155 224 229 234,PROP_60,YES,209,680,471,0,~  1FS,PROPOSITION 60 ADULT FI,YES,209,680,0,0,0,0,191,0.00%,1FS.PROPOSITION 60 ADULT FILMS. CONDOMS. HEALTH REQUIREMENTS. INITIATIVE STATUTE..YES
000013 ,1,2,003 039 065 066 154 155 224 229 234,PROP_61,NO,353,680,327,0,~  1FS,PROPOSITION 61 STATE PR,NO,353,680,0,0,0,0,96,0.00%,1FS.PROPOSITION 61 STATE PRESCRIPTION DRUG PURCHASES. PRICING STANDARDS. INITIATIVE STATUTE..NO
000013 ,1,2,003 039 065 066 154 155 224 229 234,PROP_63,NO,444,680,236,0,~  1FS,PROPOSITION 63 FIREARMS,NO,444,680,0,0,0,0,241,0.00%,1FS.PROPOSITION 63 FIREARMS. AMMUNITION SALES. INITIATIVE STATUTE..NO
000013 ,1,2,003 039 065 066 154 155 224 229 234,PROP_63,YES,203,680,477,0,~  1FS,PROPOSITION 63 FIREARMS,YES,203,680,0,0,0,0,241,0.00%,1FS.PROPOSITION 63 FIREARMS. AMMUNITION SALES. INITIATIVE STATUTE..YES
000013 ,1,1,003 039 065 066 154 155 224 229 234,STATEASS2,JIM_WOOD,301,680,379,0,~  1FS,"STATE ASSEMBLY, DISTRIC",JIM WOOD,301,680,0,0,0,0,57,0.00%,"1FS.STATE ASSEMBLY, DISTRICT 2.JIM WOOD"
000013 ,1,1,003 039 065 066 154 155 224 229 234,STATEASS2,KEN_ANTON,244,680,436,0,~  1FS,"STATE ASSEMBLY, DISTRIC",KEN ANTON,244,680,0,0,0,0,57,0.00%,"1FS.STATE ASSEMBLY, DISTRICT 2.KEN ANTON"
000013 ,1,1,003 039 065 066 154 155 224 229 234,USSEN,KAMALA_D_HARRIS,282,680,398,0,~  1FS,US SENATOR,KAMALA D. HARRIS,282,680,0,0,0,0,94,0.00%,1FS.US SENATOR.KAMALA D. HARRIS
000013 ,1,1,003 039 065 066 154 155 224 229 234,USSEN,LORETTA_L_SANCHEZ,188,680,492,0,~  1FS,US SENATOR,LORETTA L. SANCHEZ,188,680,0,0,0,0,94,0.00%,1FS.US SENATOR.LORETTA L. SANCHEZ
000014 ,2,3,033 039 213 223,MEAS_Q,NO,79,137,58,0,~  1FS-1,MEASURE Q HUMBOLDT COUN,NO,79,137,0,0,0,0,35,0.00%,1FS-1.MEASURE Q HUMBOLDT COUNTY CREATION OF FINANCE DEPARTMENT MEASURE..NO
000014 ,2,3,033 039 213 223,MEAS_Q,YES,44,137,93,0,~  1FS-1,MEASURE Q HUMBOLDT COUN,YES,44,137,0,0,0,0,35,0.00%,1FS-1.MEASURE Q HUMBOLDT COUNTY CREATION OF FINANCE DEPARTMENT MEASURE..YES
000014 ,2,3,033 039 213 223,MEAS_R,NO,72,137,65,0,~  1FS-1,MEASURE R HUMBOLDT COUN,NO,72,137,0,0,0,0,24,0.00%,1FS-1.MEASURE R HUMBOLDT COUNTY FINANCE DEPARTMENT ELECTIVE OFFICE MEASURE..NO
000014 ,2,3,033 039 213 223,MEAS_R,YES,48,137,89,0,~  1FS-1,MEASURE R HUMBOLDT COUN,YES,48,137,0,0,0,0,24,0.00%,1FS-1.MEASURE R HUMBOLDT COUNTY FINANCE DEPARTMENT ELECTIVE OFFICE MEASURE..YES
000014 ,2,3,033 039 213 223,MEAS_S,NO,53,137,84,0,~  1FS-1,MEASURE S HUMBOLDT COUN,NO,53,137,0,0,0,0,23,0.00%,1FS-1.MEASURE S HUMBOLDT COUNTY COMMERCIAL MARIJUANA CULTIVATION MEASURE..NO
000014 ,2,3,033 039 213 223,MEAS_S,YES,76,137,61,0,~  1FS-1,MEASURE S HUMBOLDT COUN,YES,76,137,0,0,0,0,23,0.00%,1FS-1.MEASURE S HUMBOLDT COUNTY COMMERCIAL MARIJUANA CULTIVATION MEASURE..YES
000014 ,2,3,033 039 213 223,MEAS_V,NO,80,137,57,0,~  1FS-1,MEASURE V MOBILE HOME P,NO,80,137,0,0,0,0,31,0.00%,1FS-1.MEASURE V MOBILE HOME PARK SPACE RENT STABILIZATION..NO
000014 ,2,3,033 039 213 223,MEAS_V,YES,49,137,88,0,~  1FS-1,MEASURE V MOBILE HOME P,YES,49,137,0,0,0,0,31,0.00%,1FS-1.MEASURE V MOBILE HOME PARK SPACE RENT STABILIZATION..YES
000014 ,1,1,033 039 213 223,PRES,DONALD_J_TRUMP,80,137,57,0,~  1FS-1,PRESIDENT AND VICE PRES,DONALD J. TRUMP      ,80,137,0,0,0,0,46,0.00%,1FS-1.PRESIDENT AND VICE PRESIDENT.DONALD J. TRUMP      and MICHAEL R. PENCE
000014 ,1,1,033 039 213 223,PRES,GLORIA_ESTELA_LA_RIVA,2,137,135,0,~  1FS-1,PRESIDENT AND VICE PRES,GLORIA ESTELA LA RIVA,2,137,0,0,0,0,46,0.00%,1FS-1.PRESIDENT AND VICE PRESIDENT.GLORIA ESTELA LA RIVA      and DENNIS J. BANKS
000014 ,1,1,033 039 213 223,PRES,HILLARY_CLINTON,34,137,103,0,~  1FS-1,PRESIDENT AND VICE PRES,HILLARY CLINTON      ,34,137,0,0,0,0,46,0.00%,1FS-1.PRESIDENT AND VICE PRESIDENT.HILLARY CLINTON      and TIM KAINE
000014 ,1,1,033 039 213 223,PRES,JILL_STEIN,6,137,131,0,~  1FS-1,PRESIDENT AND VICE PRES,JILL STEIN      and A,6,137,0,0,0,0,46,0.00%,1FS-1.PRESIDENT AND VICE PRESIDENT.JILL STEIN      and AJAMU BARAKA
000014 ,1,1,033 039 213 223,PRES,Write_in,5,137,132,0,~  1FS-1,PRESIDENT AND VICE PRES,Write_in,5,137,0,0,0,0,46,0.00%,1FS-1.PRESIDENT AND VICE PRESIDENT.Write_in
000014 ,1,1,033 039 213 223,PROP_51,NO,83,137,54,0,~  1FS-1,PROPOSITION 51 SCHOOL B,NO,83,137,0,0,0,0,39,0.00%,1FS-1.PROPOSITION 51 SCHOOL BONDS. FUNDING FOR K-12 SCHOOL AND COMMUNITY COLLEGE FACILITIES. INITIATIVE.NO
000014 ,1,1,033 039 213 223,PROP_51,YES,44,137,93,0,~  1FS-1,PROPOSITION 51 SCHOOL B,YES,44,137,0,0,0,0,39,0.00%,1FS-1.PROPOSITION 51 SCHOOL BONDS. FUNDING FOR K-12 SCHOOL AND COMMUNITY COLLEGE FACILITIES. INITIATIVE.YES
000014 ,1,1,033 039 213 223,PROP_52,YES,76,137,61,1,~  1FS-1,PROPOSITION 52 MEDI-CAL,YES,76,137,0,0,0,0,24,0.00%,1FS-1.PROPOSITION 52 MEDI-CAL HOSPITAL FEE PROGRAM. INITIATIVE CONSTITUTIONAL AMENDMENT AND STATUTE..YES
000014 ,1,1,033 039 213 223,PROP_53,NO,60,137,77,0,~  1FS-1,PROPOSITION 53 REVENUE ,NO,60,137,0,0,0,0,9,0.00%,1FS-1.PROPOSITION 53 REVENUE BONDS. STATEWIDE VOTER APPROVAL. INITIATIVE CONSTITUTIONAL AMENDMENT..NO
000014 ,1,1,033 039 213 223,PROP_53,YES,69,137,68,0,~  1FS-1,PROPOSITION 53 REVENUE ,YES,69,137,0,0,0,0,9,0.00%,1FS-1.PROPOSITION 53 REVENUE BONDS. STATEWIDE VOTER APPROVAL. INITIATIVE CONSTITUTIONAL AMENDMENT..YES
000014 ,1,1,033 039 213 223,PROP_54,NO,46,137,91,0,~  1FS-1,PROPOSITION 54 LEGISLAT,NO,46,137,0,0,0,0,36,0.00%,1FS-1.PROPOSITION 54 LEGISLATURE. LEGISLATION AND PROCEEDINGS. INITIATIVE CONSTITUTIONAL AMENDMENT AND.NO
000014 ,1,1,033 039 213 223,PROP_54,YES,82,137,55,0,~  1FS-1,PROPOSITION 54 LEGISLAT,YES,82,137,0,0,0,0,36,0.00%,1FS-1.PROPOSITION 54 LEGISLATURE. LEGISLATION AND PROCEEDINGS. INITIATIVE CONSTITUTIONAL AMENDMENT AND.YES
000014 ,1,1,033 039 213 223,PROP_55,NO,62,137,75,0,~  1FS-1,PROPOSITION 55 TAX EXTE,NO,62,137,0,0,0,0,9,0.00%,1FS-1.PROPOSITION 55 TAX EXTENSION TO FUND EDUCATION AND HEALTHCARE. INITIATIVE CONSTITUTIONAL AMENDMENT..NO
000014 ,1,1,033 039 213 223,PROP_55,YES,71,137,66,0,~  1FS-1,PROPOSITION 55 TAX EXTE,YES,71,137,0,0,0,0,9,0.00%,1FS-1.PROPOSITION 55 TAX EXTENSION TO FUND EDUCATION AND HEALTHCARE. INITIATIVE CONSTITUTIONAL AMENDMENT..YES
000014 ,1,2,033 039 213 223,PROP_56,NO,59,137,78,0,~  1FS-1,PROPOSITION 56 CIGARETT,NO,59,137,0,0,0,0,15,0.00%,"1FS-1.PROPOSITION 56 CIGARETTE TAX TO FUND HEALTHCARE, TOBACCO USE PREVENTION, RESEARCH, AND.NO"
000014 ,1,2,033 039 213 223,PROP_56,YES,74,137,63,0,~  1FS-1,PROPOSITION 56 CIGARETT,YES,74,137,0,0,0,0,15,0.00%,"1FS-1.PROPOSITION 56 CIGARETTE TAX TO FUND HEALTHCARE, TOBACCO USE PREVENTION, RESEARCH, AND.YES"
000014 ,1,2,033 039 213 223,PROP_57,NO,64,137,73,0,~  1FS-1,PROPOSITION 57 CRIMINAL,NO,64,137,0,0,0,0,1,0.00%,1FS-1.PROPOSITION 57 CRIMINAL SENTENCES. PAROLE. JUVENILE CRIMINAL PROCEEDINGS AND SENTENCING. INITIATIVE.NO
000014 ,1,2,033 039 213 223,PROP_57,YES,65,137,72,0,~  1FS-1,PROPOSITION 57 CRIMINAL,YES,65,137,0,0,0,0,1,0.00%,1FS-1.PROPOSITION 57 CRIMINAL SENTENCES. PAROLE. JUVENILE CRIMINAL PROCEEDINGS AND SENTENCING. INITIATIVE.YES
000014 ,1,2,033 039 213 223,PROP_58,NO,40,137,97,0,~  1FS-1,PROPOSITION 58 ENGLISH ,NO,40,137,0,0,0,0,49,0.00%,1FS-1.PROPOSITION 58 ENGLISH PROFICIENCY. MULTILINGUAL EDUCATION. INITIATIVE STATUTE..NO
000014 ,1,2,033 039 213 223,PROP_58,YES,89,137,48,0,~  1FS-1,PROPOSITION 58 ENGLISH ,YES,89,137,0,0,0,0,49,0.00%,1FS-1.PROPOSITION 58 ENGLISH PROFICIENCY. MULTILINGUAL EDUCATION. INITIATIVE STATUTE..YES
000014 ,1,2,033 039 213 223,PROP_59,NO,61,137,76,0,~  1FS-1,PROPOSITION 59 CORPORAT,NO,61,137,0,0,0,0,0,--,1FS-1.PROPOSITION 59 CORPORATIONS. POLITICAL SPENDING. FEDERAL CONSTITUTIONAL PROTECTIONS..NO
000014 ,1,2,033 039 213 223,PROP_59,YES,61,137,76,0,~  1FS-1,PROPOSITION 59 CORPORAT,YES,61,137,0,0,0,0,0,--,1FS-1.PROPOSITION 59 CORPORATIONS. POLITICAL SPENDING. FEDERAL CONSTITUTIONAL PROTECTIONS..YES
000014 ,1,2,033 039 213 223,PROP_60,NO,76,137,61,0,~  1FS-1,PROPOSITION 60 ADULT FI,NO,76,137,0,0,0,0,30,0.00%,1FS-1.PROPOSITION 60 ADULT FILMS. CONDOMS. HEALTH REQUIREMENTS. INITIATIVE STATUTE..NO
000014 ,1,2,033 039 213 223,PROP_60,YES,46,137,91,0,~  1FS-1,PROPOSITION 60 ADULT FI,YES,46,137,0,0,0,0,30,0.00%,1FS-1.PROPOSITION 60 ADULT FILMS. CONDOMS. HEALTH REQUIREMENTS. INITIATIVE STATUTE..YES
000014 ,1,2,033 039 213 223,PROP_61,NO,71,137,66,1,~  1FS-1,PROPOSITION 61 STATE PR,NO,71,137,0,0,0,0,16,0.00%,1FS-1.PROPOSITION 61 STATE PRESCRIPTION DRUG PURCHASES. PRICING STANDARDS. INITIATIVE STATUTE..NO
000014 ,1,2,033 039 213 223,PROP_62,NO,86,137,51,0,~  1FS-1,PROPOSITION 62 DEATH PE,NO,86,137,0,0,0,0,45,0.00%,1FS-1.PROPOSITION 62 DEATH PENALTY. INITIATIVE STATUTE..NO
000014 ,1,2,033 039 213 223,PROP_62,YES,41,137,96,0,~  1FS-1,PROPOSITION 62 DEATH PE,YES,41,137,0,0,0,0,45,0.00%,1FS-1.PROPOSITION 62 DEATH PENALTY. INITIATIVE STATUTE..YES
000014 ,1,2,033 039 213 223,PROP_63,NO,93,137,44,0,~  1FS-1,PROPOSITION 63 FIREARMS,NO,93,137,0,0,0,0,56,0.00%,1FS-1.PROPOSITION 63 FIREARMS. AMMUNITION SALES. INITIATIVE STATUTE..NO
000014 ,1,2,033 039 213 223,PROP_63,YES,37,137,100,0,~  1FS-1,PROPOSITION 63 FIREARMS,YES,37,137,0,0,0,0,56,0.00%,1FS-1.PROPOSITION 63 FIREARMS. AMMUNITION SALES. INITIATIVE STATUTE..YES
000014 ,2,3,033 039 213 223,PROP_65,NO,91,137,46,0,~  1FS-1,PROPOSITION 65 CARRYOUT,NO,91,137,0,0,0,0,54,0.00%,1FS-1.PROPOSITION 65 CARRYOUT BAGS. CHARGES. INITIATIVE STATUTE..NO
000014 ,2,3,033 039 213 223,PROP_65,YES,37,137,100,0,~  1FS-1,PROPOSITION 65 CARRYOUT,YES,37,137,0,0,0,0,54,0.00%,1FS-1.PROPOSITION 65 CARRYOUT BAGS. CHARGES. INITIATIVE STATUTE..YES
000014 ,2,3,033 039 213 223,PROP_66,NO,58,137,79,0,~  1FS-1,PROPOSITION 66 DEATH PE,NO,58,137,0,0,0,0,8,0.00%,1FS-1.PROPOSITION 66 DEATH PENALTY. PROCEDURES. INITIATIVE STATUTE..NO
000014 ,2,3,033 039 213 223,PROP_66,YES,66,137,71,0,~  1FS-1,PROPOSITION 66 DEATH PE,YES,66,137,0,0,0,0,8,0.00%,1FS-1.PROPOSITION 66 DEATH PENALTY. PROCEDURES. INITIATIVE STATUTE..YES
000014 ,1,1,033 039 213 223,STATEASS2,JIM_WOOD,62,137,75,0,~  1FS-1,"STATE ASSEMBLY, DISTRIC",JIM WOOD,62,137,0,0,0,0,6,0.00%,"1FS-1.STATE ASSEMBLY, DISTRICT 2.JIM WOOD"
000014 ,1,1,033 039 213 223,STATEASS2,KEN_ANTON,56,137,81,0,~  1FS-1,"STATE ASSEMBLY, DISTRIC",KEN ANTON,56,137,0,0,0,0,6,0.00%,"1FS-1.STATE ASSEMBLY, DISTRICT 2.KEN ANTON"
000014 ,1,1,033 039 213 223,USREP,DALE_K_MENSING,67,137,70,0,~  1FS-1,US REPRESENTATIVE IN CO,DALE K. MENSING,67,137,0,0,0,0,3,0.00%,"1FS-1.US REPRESENTATIVE IN CONGRESS, DISTRICT 2.DALE K. MENSING"
000014 ,1,1,033 039 213 223,USREP,JARED_W_HUFFMAN,64,137,73,0,~  1FS-1,US REPRESENTATIVE IN CO,JARED W. HUFFMAN,64,137,0,0,0,0,3,0.00%,"1FS-1.US REPRESENTATIVE IN CONGRESS, DISTRICT 2.JARED W. HUFFMAN"
000014 ,1,1,033 039 213 223,USSEN,KAMALA_D_HARRIS,60,137,77,0,~  1FS-1,US SENATOR,KAMALA D. HARRIS,60,137,0,0,0,0,23,0.00%,1FS-1.US SENATOR.KAMALA D. HARRIS
000014 ,1,1,033 039 213 223,USSEN,LORETTA_L_SANCHEZ,37,137,100,0,~  1FS-1,US SENATOR,LORETTA L. SANCHEZ,37,137,0,0,0,0,23,0.00%,1FS-1.US SENATOR.LORETTA L. SANCHEZ
000015 ,2,3,033 213 214 223,MEAS_Q,NO,73,157,84,0,~  1FS-4,MEASURE Q HUMBOLDT COUN,NO,73,157,0,0,0,0,5,0.00%,1FS-4.MEASURE Q HUMBOLDT COUNTY CREATION OF FINANCE DEPARTMENT MEASURE..NO
000015 ,2,3,033 213 214 223,MEAS_Q,YES,68,157,89,0,~  1FS-4,MEASURE Q HUMBOLDT COUN,YES,68,157,0,0,0,0,5,0.00%,1FS-4.MEASURE Q HUMBOLDT COUNTY CREATION OF FINANCE DEPARTMENT MEASURE..YES
000015 ,2,3,033 213 214 223,MEAS_U,NO,77,157,80,0,~  1FS-4,MEASURE U LOCAL TRANSPO,NO,77,157,0,0,0,0,4,0.00%,1FS-4.MEASURE U LOCAL TRANSPORTATION AUTHORITY RETAIL TRANSACTIONS AND USE TAX..NO
000015 ,2,3,033 213 214 223,MEAS_U,YES,73,157,84,0,~  1FS-4,MEASURE U LOCAL TRANSPO,YES,73,157,0,0,0,0,4,0.00%,1FS-4.MEASURE U LOCAL TRANSPORTATION AUTHORITY RETAIL TRANSACTIONS AND USE TAX..YES
000015 ,2,3,033 213 214 223,MEAS_V,NO,77,157,80,1,~  1FS-4,MEASURE V MOBILE HOME P,NO,77,157,0,0,0,0,6,0.00%,1FS-4.MEASURE V MOBILE HOME PARK SPACE RENT STABILIZATION..NO
000015 ,1,1,033 213 214 223,PRES,DONALD_J_TRUMP,49,157,108,0,~  1FS-4,PRESIDENT AND VICE PRES,DONALD J. TRUMP      ,49,157,0,0,0,0,33,0.00%,1FS-4.PRESIDENT AND VICE PRESIDENT.DONALD J. TRUMP      and MICHAEL R. PENCE
000015 ,1,1,033 213 214 223,PRES,GARY_JOHNSON,6,157,151,0,~  1FS-4,PRESIDENT AND VICE PRES,GARY JOHNSON      and,6,157,0,0,0,0,33,0.00%,1FS-4.PRESIDENT AND VICE PRESIDENT.GARY JOHNSON      and BILL WELD
000015 ,1,1,033 213 214 223,PRES,HILLARY_CLINTON,82,157,75,0,~  1FS-4,PRESIDENT AND VICE PRES,HILLARY CLINTON      ,82,157,0,0,0,0,33,0.00%,1FS-4.PRESIDENT AND VICE PRESIDENT.HILLARY CLINTON      and TIM KAINE
000015 ,1,1,033 213 214 223,PRES,JILL_STEIN,5,157,152,0,~  1FS-4,PRESIDENT AND VICE PRES,JILL STEIN      and A,5,157,0,0,0,0,33,0.00%,1FS-4.PRESIDENT AND VICE PRESIDENT.JILL STEIN      and AJAMU BARAKA
000015 ,1,1,033 213 214 223,PRES,Write_in,9,157,148,0,~  1FS-4,PRESIDENT AND VICE PRES,Write_in,9,157,0,0,0,0,33,0.00%,1FS-4.PRESIDENT AND VICE PRESIDENT.Write_in
000015 ,1,1,033 213 214 223,PROP_51,NO,87,157,70,0,~  1FS-4,PROPOSITION 51 SCHOOL B,NO,87,157,0,0,0,0,22,0.00%,1FS-4.PROPOSITION 51 SCHOOL BONDS. FUNDING FOR K-12 SCHOOL AND COMMUNITY COLLEGE FACILITIES. INITIATIVE.NO
000015 ,1,1,033 213 214 223,PROP_51,YES,65,157,92,0,~  1FS-4,PROPOSITION 51 SCHOOL B,YES,65,157,0,0,0,0,22,0.00%,1FS-4.PROPOSITION 51 SCHOOL BONDS. FUNDING FOR K-12 SCHOOL AND COMMUNITY COLLEGE FACILITIES. INITIATIVE.YES
000015 ,1,1,033 213 214 223,PROP_52,YES,109,157,48,1,~  1FS-4,PROPOSITION 52 MEDI-CAL,YES,109,157,0,0,0,0,69,0.00%,1FS-4.PROPOSITION 52 MEDI-CAL HOSPITAL FEE PROGRAM. INITIATIVE CONSTITUTIONAL AMENDMENT AND STATUTE..YES
000015 ,1,1,033 213 214 223,PROP_53,NO,82,157,75,0,~  1FS-4,PROPOSITION 53 REVENUE ,NO,82,157,0,0,0,0,18,0.00%,1FS-4.PROPOSITION 53 REVENUE BONDS. STATEWIDE VOTER APPROVAL. INITIATIVE CONSTITUTIONAL AMENDMENT..NO
000015 ,1,1,033 213 214 223,PROP_53,YES,64,157,93,0,~  1FS-4,PROPOSITION 53 REVENUE ,YES,64,157,0,0,0,0,18,0.00%,1FS-4.PROPOSITION 53 REVENUE BONDS. STATEWIDE VOTER APPROVAL. INITIATIVE CONSTITUTIONAL AMENDMENT..YES
000015 ,1,1,033 213 214 223,PROP_54,NO,60,157,97,0,~  1FS-4,PROPOSITION 54 LEGISLAT,NO,60,157,0,0,0,0,29,0.00%,1FS-4.PROPOSITION 54 LEGISLATURE. LEGISLATION AND PROCEEDINGS. INITIATIVE CONSTITUTIONAL AMENDMENT AND.NO
000015 ,1,1,033 213 214 223,PROP_54,YES,89,157,68,0,~  1FS-4,PROPOSITION 54 LEGISLAT,YES,89,157,0,0,0,0,29,0.00%,1FS-4.PROPOSITION 54 LEGISLATURE. LEGISLATION AND PROCEEDINGS. INITIATIVE CONSTITUTIONAL AMENDMENT AND.YES
000015 ,1,1,033 213 214 223,PROP_55,NO,59,157,98,0,~  1FS-4,PROPOSITION 55 TAX EXTE,NO,59,157,0,0,0,0,33,0.00%,1FS-4.PROPOSITION 55 TAX EXTENSION TO FUND EDUCATION AND HEALTHCARE. INITIATIVE CONSTITUTIONAL AMENDMENT..NO
000015 ,1,1,033 213 214 223,PROP_55,YES,92,157,65,0,~  1FS-4,PROPOSITION 55 TAX EXTE,YES,92,157,0,0,0,0,33,0.00%,1FS-4.PROPOSITION 55 TAX EXTENSION TO FUND EDUCATION AND HEALTHCARE. INITIATIVE CONSTITUTIONAL AMENDMENT..YES
000015 ,1,2,033 213 214 223,PROP_56,NO,77,157,80,0,~  1FS-4,PROPOSITION 56 CIGARETT,NO,77,157,0,0,0,0,5,0.00%,"1FS-4.PROPOSITION 56 CIGARETTE TAX TO FUND HEALTHCARE, TOBACCO USE PREVENTION, RESEARCH, AND.NO"
000015 ,1,2,033 213 214 223,PROP_56,YES,72,157,85,0,~  1FS-4,PROPOSITION 56 CIGARETT,YES,72,157,0,0,0,0,5,0.00%,"1FS-4.PROPOSITION 56 CIGARETTE TAX TO FUND HEALTHCARE, TOBACCO USE PREVENTION, RESEARCH, AND.YES"
000015 ,1,2,033 213 214 223,PROP_57,NO,52,157,105,0,~  1FS-4,PROPOSITION 57 CRIMINAL,NO,52,157,0,0,0,0,45,0.00%,1FS-4.PROPOSITION 57 CRIMINAL SENTENCES. PAROLE. JUVENILE CRIMINAL PROCEEDINGS AND SENTENCING. INITIATIVE.NO
000015 ,1,2,033 213 214 223,PROP_57,YES,97,157,60,0,~  1FS-4,PROPOSITION 57 CRIMINAL,YES,97,157,0,0,0,0,45,0.00%,1FS-4.PROPOSITION 57 CRIMINAL SENTENCES. PAROLE. JUVENILE CRIMINAL PROCEEDINGS AND SENTENCING. INITIATIVE.YES
000015 ,1,2,033 213 214 223,PROP_58,NO,48,157,109,0,~  1FS-4,PROPOSITION 58 ENGLISH ,NO,48,157,0,0,0,0,52,0.00%,1FS-4.PROPOSITION 58 ENGLISH PROFICIENCY. MULTILINGUAL EDUCATION. INITIATIVE STATUTE..NO
000015 ,1,2,033 213 214 223,PROP_58,YES,100,157,57,0,~  1FS-4,PROPOSITION 58 ENGLISH ,YES,100,157,0,0,0,0,52,0.00%,1FS-4.PROPOSITION 58 ENGLISH PROFICIENCY. MULTILINGUAL EDUCATION. INITIATIVE STATUTE..YES
000015 ,1,2,033 213 214 223,PROP_59,NO,56,157,101,0,~  1FS-4,PROPOSITION 59 CORPORAT,NO,56,157,0,0,0,0,28,0.00%,1FS-4.PROPOSITION 59 CORPORATIONS. POLITICAL SPENDING. FEDERAL CONSTITUTIONAL PROTECTIONS..NO
000015 ,1,2,033 213 214 223,PROP_59,YES,84,157,73,0,~  1FS-4,PROPOSITION 59 CORPORAT,YES,84,157,0,0,0,0,28,0.00%,1FS-4.PROPOSITION 59 CORPORATIONS. POLITICAL SPENDING. FEDERAL CONSTITUTIONAL PROTECTIONS..YES
000015 ,1,2,033 213 214 223,PROP_60,NO,79,157,78,0,~  1FS-4,PROPOSITION 60 ADULT FI,NO,79,157,0,0,0,0,19,0.00%,1FS-4.PROPOSITION 60 ADULT FILMS. CONDOMS. HEALTH REQUIREMENTS. INITIATIVE STATUTE..NO
000015 ,1,2,033 213 214 223,PROP_60,YES,60,157,97,0,~  1FS-4,PROPOSITION 60 ADULT FI,YES,60,157,0,0,0,0,19,0.00%,1FS-4.PROPOSITION 60 ADULT FILMS. CONDOMS. HEALTH REQUIREMENTS. INITIATIVE STATUTE..YES
000015 ,1,2,033 213 214 223,PROP_61,NO,77,157,80,0,~  1FS-4,PROPOSITION 61 STATE PR,NO,77,157,0,0,0,0,8,0.00%,1FS-4.PROPOSITION 61 STATE PRESCRIPTION DRUG PURCHASES. PRICING STANDARDS. INITIATIVE STATUTE..NO
000015 ,1,2,033 213 214 223,PROP_61,YES,69,157,88,0,~  1FS-4,PROPOSITION 61 STATE PR,YES,69,157,0,0,0,0,8,0.00%,1FS-4.PROPOSITION 61 STATE PRESCRIPTION DRUG PURCHASES. PRICING STANDARDS. INITIATIVE STATUTE..YES
000015 ,1,2,033 213 214 223,PROP_62,NO,76,157,81,0,~  1FS-4,PROPOSITION 62 DEATH PE,NO,76,157,0,0,0,0,5,0.00%,1FS-4.PROPOSITION 62 DEATH PENALTY. INITIATIVE STATUTE..NO
000015 ,1,2,033 213 214 223,PROP_62,YES,71,157,86,0,~  1FS-4,PROPOSITION 62 DEATH PE,YES,71,157,0,0,0,0,5,0.00%,1FS-4.PROPOSITION 62 DEATH PENALTY. INITIATIVE STATUTE..YES
000015 ,1,2,033 213 214 223,PROP_63,NO,82,157,75,0,~  1FS-4,PROPOSITION 63 FIREARMS,NO,82,157,0,0,0,0,15,0.00%,1FS-4.PROPOSITION 63 FIREARMS. AMMUNITION SALES. INITIATIVE STATUTE..NO
000015 ,1,2,033 213 214 223,PROP_63,YES,67,157,90,0,~  1FS-4,PROPOSITION 63 FIREARMS,YES,67,157,0,0,0,0,15,0.00%,1FS-4.PROPOSITION 63 FIREARMS. AMMUNITION SALES. INITIATIVE STATUTE..YES
000015 ,2,3,033 213 214 223,PROP_64,NO,72,157,85,0,~  1FS-4,PROPOSITION 64 MARIJUAN,NO,72,157,0,0,0,0,10,0.00%,1FS-4.PROPOSITION 64 MARIJUANA LEGALIZATION. INITIATIVE STATUTE..NO
000015 ,2,3,033 213 214 223,PROP_64,YES,82,157,75,0,~  1FS-4,PROPOSITION 64 MARIJUAN,YES,82,157,0,0,0,0,10,0.00%,1FS-4.PROPOSITION 64 MARIJUANA LEGALIZATION. INITIATIVE STATUTE..YES
000015 ,2,3,033 213 214 223,PROP_65,NO,94,157,63,0,~  1FS-4,PROPOSITION 65 CARRYOUT,NO,94,157,0,0,0,0,41,0.00%,1FS-4.PROPOSITION 65 CARRYOUT BAGS. CHARGES. INITIATIVE STATUTE..NO
000015 ,2,3,033 213 214 223,PROP_65,YES,53,157,104,0,~  1FS-4,PROPOSITION 65 CARRYOUT,YES,53,157,0,0,0,0,41,0.00%,1FS-4.PROPOSITION 65 CARRYOUT BAGS. CHARGES. INITIATIVE STATUTE..YES
000015 ,2,3,033 213 214 223,PROP_66,NO,71,157,86,0,~  1FS-4,PROPOSITION 66 DEATH PE,NO,71,157,0,0,0,0,2,0.00%,1FS-4.PROPOSITION 66 DEATH PENALTY. PROCEDURES. INITIATIVE STATUTE..NO
000015 ,2,3,033 213 214 223,PROP_66,YES,73,157,84,0,~  1FS-4,PROPOSITION 66 DEATH PE,YES,73,157,0,0,0,0,2,0.00%,1FS-4.PROPOSITION 66 DEATH PENALTY. PROCEDURES. INITIATIVE STATUTE..YES
000015 ,2,3,033 213 214 223,PROP_67,NO,68,157,89,0,~  1FS-4,PROPOSITION 67 BAN ON S,NO,68,157,0,0,0,0,14,0.00%,1FS-4.PROPOSITION 67 BAN ON SINGLE-USE PLASTIC BAGS. REFERENDUM..NO
000015 ,2,3,033 213 214 223,PROP_67,YES,82,157,75,0,~  1FS-4,PROPOSITION 67 BAN ON S,YES,82,157,0,0,0,0,14,0.00%,1FS-4.PROPOSITION 67 BAN ON SINGLE-USE PLASTIC BAGS. REFERENDUM..YES
000015 ,1,1,033 213 214 223,STATEASS2,JIM_WOOD,96,157,61,0,~  1FS-4,"STATE ASSEMBLY, DISTRIC",JIM WOOD,96,157,0,0,0,0,49,0.00%,"1FS-4.STATE ASSEMBLY, DISTRICT 2.JIM WOOD"
000015 ,1,1,033 213 214 223,STATEASS2,KEN_ANTON,47,157,110,0,~  1FS-4,"STATE ASSEMBLY, DISTRIC",KEN ANTON,47,157,0,0,0,0,49,0.00%,"1FS-4.STATE ASSEMBLY, DISTRICT 2.KEN ANTON"
000015 ,1,1,033 213 214 223,USREP,DALE_K_MENSING,54,157,103,0,~  1FS-4,US REPRESENTATIVE IN CO,DALE K. MENSING,54,157,0,0,0,0,44,0.00%,"1FS-4.US REPRESENTATIVE IN CONGRESS, DISTRICT 2.DALE K. MENSING"
000015 ,1,1,033 213 214 223,USREP,JARED_W_HUFFMAN,98,157,59,0,~  1FS-4,US REPRESENTATIVE IN CO,JARED W. HUFFMAN,98,157,0,0,0,0,44,0.00%,"1FS-4.US REPRESENTATIVE IN CONGRESS, DISTRICT 2.JARED W. HUFFMAN"
000015 ,1,1,033 213 214 223,USSEN,KAMALA_D_HARRIS,74,157,83,0,~  1FS-4,US SENATOR,KAMALA D. HARRIS,74,157,0,0,0,0,19,0.00%,1FS-4.US SENATOR.KAMALA D. HARRIS
000015 ,1,1,033 213 214 223,USSEN,LORETTA_L_SANCHEZ,55,157,102,0,~  1FS-4,US SENATOR,LORETTA L. SANCHEZ,55,157,0,0,0,0,19,0.00%,1FS-4.US SENATOR.LORETTA L. SANCHEZ
000016 ,2,3,033 214 223,MEAS_Q,NO,76,147,71,0,~  1FS-9,MEASURE Q HUMBOLDT COUN,NO,76,148,0,-1,0,1,24,0.00%,1FS-9.MEASURE Q HUMBOLDT COUNTY CREATION OF FINANCE DEPARTMENT MEASURE..NO
000016 ,2,3,033 214 223,MEAS_Q,YES,52,147,95,0,~  1FS-9,MEASURE Q HUMBOLDT COUN,YES,52,148,0,-1,0,1,24,0.00%,1FS-9.MEASURE Q HUMBOLDT COUNTY CREATION OF FINANCE DEPARTMENT MEASURE..YES
000016 ,2,3,033 214 223,MEAS_R,NO,79,147,68,0,~  1FS-9,MEASURE R HUMBOLDT COUN,NO,79,148,0,-1,0,1,27,0.00%,1FS-9.MEASURE R HUMBOLDT COUNTY FINANCE DEPARTMENT ELECTIVE OFFICE MEASURE..NO
000016 ,2,3,033 214 223,MEAS_R,YES,52,147,95,0,~  1FS-9,MEASURE R HUMBOLDT COUN,YES,52,148,0,-1,0,1,27,0.00%,1FS-9.MEASURE R HUMBOLDT COUNTY FINANCE DEPARTMENT ELECTIVE OFFICE MEASURE..YES
000016 ,2,3,033 214 223,MEAS_S,NO,54,147,93,0,~  1FS-9,MEASURE S HUMBOLDT COUN,NO,54,148,0,-1,0,1,28,0.00%,1FS-9.MEASURE S HUMBOLDT COUNTY COMMERCIAL MARIJUANA CULTIVATION MEASURE..NO
000016 ,2,3,033 214 223,MEAS_S,YES,82,147,65,0,~  1FS-9,MEASURE S HUMBOLDT COUN,YES,82,148,0,-1,0,1,28,0.00%,1FS-9.MEASURE S HUMBOLDT COUNTY COMMERCIAL MARIJUANA CULTIVATION MEASURE..YES
000016 ,2,3,033 214 223,MEAS_U,NO,101,147,46,0,~  1FS-9,MEASURE U LOCAL TRANSPO,NO,101,148,0,-1,0,1,66,0.00%,1FS-9.MEASURE U LOCAL TRANSPORTATION AUTHORITY RETAIL TRANSACTIONS AND USE TAX..NO
000016 ,2,3,033 214 223,MEAS_U,YES,35,147,112,0,~  1FS-9,MEASURE U LOCAL TRANSPO,YES,35,148,0,-1,0,1,66,0.00%,1FS-9.MEASURE U LOCAL TRANSPORTATION AUTHORITY RETAIL TRANSACTIONS AND USE TAX..YES
000016 ,2,3,033 214 223,MEAS_V,NO,86,147,61,0,~  1FS-9,MEASURE V MOBILE HOME P,NO,86,148,0,-1,0,1,34,0.00%,1FS-9.MEASURE V MOBILE HOME PARK SPACE RENT STABILIZATION..NO
000016 ,2,3,033 214 223,MEAS_V,YES,52,147,95,0,~  1FS-9,MEASURE V MOBILE HOME P,YES,52,148,0,-1,0,1,34,0.00%,1FS-9.MEASURE V MOBILE HOME PARK SPACE RENT STABILIZATION..YES
000016 ,1,1,033 214 223 229,PRES,DONALD_J_TRUMP,74,148,74,0,~  1FS-9,PRESIDENT AND VICE PRES,DONALD J. TRUMP      ,74,148,0,0,0,0,32,0.00%,1FS-9.PRESIDENT AND VICE PRESIDENT.DONALD J. TRUMP      and MICHAEL R. PENCE
000016 ,1,1,033 214 223 229,PRES,GARY_JOHNSON,13,148,135,0,~  1FS-9,PRESIDENT AND VICE PRES,GARY JOHNSON      and,13,148,0,0,0,0,32,0.00%,1FS-9.PRESIDENT AND VICE PRESIDENT.GARY JOHNSON      and BILL WELD
000016 ,1,1,033 214 223 229,PRES,GLORIA_ESTELA_LA_RIVA,1,148,147,0,~  1FS-9,PRESIDENT AND VICE PRES,GLORIA ESTELA LA RIVA,1,148,0,0,0,0,32,0.00%,1FS-9.PRESIDENT AND VICE PRESIDENT.GLORIA ESTELA LA RIVA      and DENNIS J. BANKS
000016 ,1,1,033 214 223 229,PRES,HILLARY_CLINTON,42,148,106,0,~  1FS-9,PRESIDENT AND VICE PRES,HILLARY CLINTON      ,42,148,0,0,0,0,32,0.00%,1FS-9.PRESIDENT AND VICE PRESIDENT.HILLARY CLINTON      and TIM KAINE
000016 ,1,1,033 214 223 229,PRES,JILL_STEIN,8,148,140,0,~  1FS-9,PRESIDENT AND VICE PRES,JILL STEIN      and A,8,148,0,0,0,0,32,0.00%,1FS-9.PRESIDENT AND VICE PRESIDENT.JILL STEIN      and AJAMU BARAKA
000016 ,1,1,033 214 223 229,PRES,Write_in,8,148,140,0,~  1FS-9,PRESIDENT AND VICE PRES,Write_in,8,148,0,0,0,0,32,0.00%,1FS-9.PRESIDENT AND VICE PRESIDENT.Write_in
000016 ,1,1,033 214 223 229,PROP_51,NO,93,148,55,0,~  1FS-9,PROPOSITION 51 SCHOOL B,NO,93,148,0,0,0,0,49,0.00%,1FS-9.PROPOSITION 51 SCHOOL BONDS. FUNDING FOR K-12 SCHOOL AND COMMUNITY COLLEGE FACILITIES. INITIATIVE.NO
000016 ,1,1,033 214 223 229,PROP_51,YES,44,148,104,0,~  1FS-9,PROPOSITION 51 SCHOOL B,YES,44,148,0,0,0,0,49,0.00%,1FS-9.PROPOSITION 51 SCHOOL BONDS. FUNDING FOR K-12 SCHOOL AND COMMUNITY COLLEGE FACILITIES. INITIATIVE.YES
000016 ,1,1,033 214 223 229,PROP_52,NO,55,148,93,0,~  1FS-9,PROPOSITION 52 MEDI-CAL,NO,55,148,0,0,0,0,27,0.00%,1FS-9.PROPOSITION 52 MEDI-CAL HOSPITAL FEE PROGRAM. INITIATIVE CONSTITUTIONAL AMENDMENT AND STATUTE..NO
000016 ,1,1,033 214 223 229,PROP_52,YES,82,148,66,0,~  1FS-9,PROPOSITION 52 MEDI-CAL,YES,82,148,0,0,0,0,27,0.00%,1FS-9.PROPOSITION 52 MEDI-CAL HOSPITAL FEE PROGRAM. INITIATIVE CONSTITUTIONAL AMENDMENT AND STATUTE..YES
000016 ,1,1,033 214 223 229,PROP_53,NO,58,148,90,0,~  1FS-9,PROPOSITION 53 REVENUE ,NO,58,148,0,0,0,0,23,0.00%,1FS-9.PROPOSITION 53 REVENUE BONDS. STATEWIDE VOTER APPROVAL. INITIATIVE CONSTITUTIONAL AMENDMENT..NO
000016 ,1,1,033 214 223 229,PROP_53,YES,81,148,67,0,~  1FS-9,PROPOSITION 53 REVENUE ,YES,81,148,0,0,0,0,23,0.00%,1FS-9.PROPOSITION 53 REVENUE BONDS. STATEWIDE VOTER APPROVAL. INITIATIVE CONSTITUTIONAL AMENDMENT..YES
000016 ,1,1,033 214 223 229,PROP_54,NO,52,148,96,0,~  1FS-9,PROPOSITION 54 LEGISLAT,NO,52,148,0,0,0,0,32,0.00%,1FS-9.PROPOSITION 54 LEGISLATURE. LEGISLATION AND PROCEEDINGS. INITIATIVE CONSTITUTIONAL AMENDMENT AND.NO
000016 ,1,1,033 214 223 229,PROP_54,YES,84,148,64,0,~  1FS-9,PROPOSITION 54 LEGISLAT,YES,84,148,0,0,0,0,32,0.00%,1FS-9.PROPOSITION 54 LEGISLATURE. LEGISLATION AND PROCEEDINGS. INITIATIVE CONSTITUTIONAL AMENDMENT AND.YES
000016 ,1,1,033 214 223 229,PROP_55,NO,65,148,83,0,~  1FS-9,PROPOSITION 55 TAX EXTE,NO,65,148,0,0,0,0,10,0.00%,1FS-9.PROPOSITION 55 TAX EXTENSION TO FUND EDUCATION AND HEALTHCARE. INITIATIVE CONSTITUTIONAL AMENDMENT..NO
000016 ,1,1,033 214 223 229,PROP_55,YES,75,148,73,0,~  1FS-9,PROPOSITION 55 TAX EXTE,YES,75,148,0,0,0,0,10,0.00%,1FS-9.PROPOSITION 55 TAX EXTENSION TO FUND EDUCATION AND HEALTHCARE. INITIATIVE CONSTITUTIONAL AMENDMENT..YES
000016 ,1,2,033 214 223 229,PROP_56,NO,78,148,70,1,~  1FS-9,PROPOSITION 56 CIGARETT,NO,78,148,0,0,0,0,14,0.00%,"1FS-9.PROPOSITION 56 CIGARETTE TAX TO FUND HEALTHCARE, TOBACCO USE PREVENTION, RESEARCH, AND.NO"
000016 ,1,2,033 214 223 229,PROP_57,NO,63,148,85,0,~  1FS-9,PROPOSITION 57 CRIMINAL,NO,63,148,0,0,0,0,7,0.00%,1FS-9.PROPOSITION 57 CRIMINAL SENTENCES. PAROLE. JUVENILE CRIMINAL PROCEEDINGS AND SENTENCING. INITIATIVE.NO
000016 ,1,2,033 214 223 229,PROP_57,YES,70,148,78,0,~  1FS-9,PROPOSITION 57 CRIMINAL,YES,70,148,0,0,0,0,7,0.00%,1FS-9.PROPOSITION 57 CRIMINAL SENTENCES. PAROLE. JUVENILE CRIMINAL PROCEEDINGS AND SENTENCING. INITIATIVE.YES
000016 ,1,2,033 214 223 229,PROP_58,NO,48,148,100,1,~  1FS-9,PROPOSITION 58 ENGLISH ,NO,48,148,0,0,0,0,40,0.00%,1FS-9.PROPOSITION 58 ENGLISH PROFICIENCY. MULTILINGUAL EDUCATION. INITIATIVE STATUTE..NO
000016 ,1,2,033 214 223 229,PROP_59,NO,77,148,71,0,~  1FS-9,PROPOSITION 59 CORPORAT,NO,77,148,0,0,0,0,21,0.00%,1FS-9.PROPOSITION 59 CORPORATIONS. POLITICAL SPENDING. FEDERAL CONSTITUTIONAL PROTECTIONS..NO
000016 ,1,2,033 214 223 229,PROP_59,YES,56,148,92,0,~  1FS-9,PROPOSITION 59 CORPORAT,YES,56,148,0,0,0,0,21,0.00%,1FS-9.PROPOSITION 59 CORPORATIONS. POLITICAL SPENDING. FEDERAL CONSTITUTIONAL PROTECTIONS..YES
000016 ,1,2,033 214 223 229,PROP_60,NO,86,148,62,0,~  1FS-9,PROPOSITION 60 ADULT FI,NO,86,148,0,0,0,0,35,0.00%,1FS-9.PROPOSITION 60 ADULT FILMS. CONDOMS. HEALTH REQUIREMENTS. INITIATIVE STATUTE..NO
000016 ,1,2,033 214 223 229,PROP_60,YES,51,148,97,0,~  1FS-9,PROPOSITION 60 ADULT FI,YES,51,148,0,0,0,0,35,0.00%,1FS-9.PROPOSITION 60 ADULT FILMS. CONDOMS. HEALTH REQUIREMENTS. INITIATIVE STATUTE..YES
000016 ,1,2,033 214 223 229,PROP_61,NO,70,148,78,1,~  1FS-9,PROPOSITION 61 STATE PR,NO,70,148,0,0,0,0,4,0.00%,1FS-9.PROPOSITION 61 STATE PRESCRIPTION DRUG PURCHASES. PRICING STANDARDS. INITIATIVE STATUTE..NO
000016 ,1,2,033 214 223 229,PROP_62,YES,47,148,101,1,~  1FS-9,PROPOSITION 62 DEATH PE,YES,47,148,0,0,0,0,44,0.00%,1FS-9.PROPOSITION 62 DEATH PENALTY. INITIATIVE STATUTE..YES
000016 ,1,2,033 214 223 229,PROP_63,NO,99,148,49,0,~  1FS-9,PROPOSITION 63 FIREARMS,NO,99,148,0,0,0,0,57,0.00%,1FS-9.PROPOSITION 63 FIREARMS. AMMUNITION SALES. INITIATIVE STATUTE..NO
000016 ,1,2,033 214 223 229,PROP_63,YES,42,148,106,0,~  1FS-9,PROPOSITION 63 FIREARMS,YES,42,148,0,0,0,0,57,0.00%,1FS-9.PROPOSITION 63 FIREARMS. AMMUNITION SALES. INITIATIVE STATUTE..YES
000016 ,2,3,033 214 223,PROP_64,NO,64,147,83,0,~  1FS-9,PROPOSITION 64 MARIJUAN,NO,64,148,0,-1,0,1,14,0.00%,1FS-9.PROPOSITION 64 MARIJUANA LEGALIZATION. INITIATIVE STATUTE..NO
000016 ,2,3,033 214 223,PROP_64,YES,78,147,69,0,~  1FS-9,PROPOSITION 64 MARIJUAN,YES,78,148,0,-1,0,1,14,0.00%,1FS-9.PROPOSITION 64 MARIJUANA LEGALIZATION. INITIATIVE STATUTE..YES
000016 ,2,3,033 214 223,PROP_65,NO,86,147,61,0,~  1FS-9,PROPOSITION 65 CARRYOUT,NO,86,148,0,-1,0,1,37,0.00%,1FS-9.PROPOSITION 65 CARRYOUT BAGS. CHARGES. INITIATIVE STATUTE..NO
000016 ,2,3,033 214 223,PROP_65,YES,49,147,98,0,~  1FS-9,PROPOSITION 65 CARRYOUT,YES,49,148,0,-1,0,1,37,0.00%,1FS-9.PROPOSITION 65 CARRYOUT BAGS. CHARGES. INITIATIVE STATUTE..YES
000016 ,2,3,033 214 223,PROP_66,NO,58,147,89,0,~  1FS-9,PROPOSITION 66 DEATH PE,NO,58,148,0,-1,0,1,11,0.00%,1FS-9.PROPOSITION 66 DEATH PENALTY. PROCEDURES. INITIATIVE STATUTE..NO
000016 ,2,3,033 214 223,PROP_66,YES,69,147,78,0,~  1FS-9,PROPOSITION 66 DEATH PE,YES,69,148,0,-1,0,1,11,0.00%,1FS-9.PROPOSITION 66 DEATH PENALTY. PROCEDURES. INITIATIVE STATUTE..YES
000016 ,2,3,033 214 223,PROP_67,NO,74,147,73,0,~  1FS-9,PROPOSITION 67 BAN ON S,NO,74,148,0,-1,0,1,10,0.00%,1FS-9.PROPOSITION 67 BAN ON SINGLE-USE PLASTIC BAGS. REFERENDUM..NO
000016 ,2,3,033 214 223,PROP_67,YES,64,147,83,0,~  1FS-9,PROPOSITION 67 BAN ON S,YES,64,148,0,-1,0,1,10,0.00%,1FS-9.PROPOSITION 67 BAN ON SINGLE-USE PLASTIC BAGS. REFERENDUM..YES
000016 ,1,1,033 214 223 229,STATEASS2,JIM_WOOD,64,148,84,0,~  1FS-9,"STATE ASSEMBLY, DISTRIC",JIM WOOD,64,148,0,0,0,0,10,0.00%,"1FS-9.STATE ASSEMBLY, DISTRICT 2.JIM WOOD"
000016 ,1,1,033 214 223 229,STATEASS2,KEN_ANTON,54,148,94,0,~  1FS-9,"STATE ASSEMBLY, DISTRIC",KEN ANTON,54,148,0,0,0,0,10,0.00%,"1FS-9.STATE ASSEMBLY, DISTRICT 2.KEN ANTON"
000016 ,1,1,033 214 223 229,USREP,DALE_K_MENSING,65,148,83,0,~  1FS-9,US REPRESENTATIVE IN CO,DALE K. MENSING,65,148,0,0,0,0,4,0.00%,"1FS-9.US REPRESENTATIVE IN CONGRESS, DISTRICT 2.DALE K. MENSING"
000016 ,1,1,033 214 223 229,USREP,JARED_W_HUFFMAN,69,148,79,0,~  1FS-9,US REPRESENTATIVE IN CO,JARED W. HUFFMAN,69,148,0,0,0,0,4,0.00%,"1FS-9.US REPRESENTATIVE IN CONGRESS, DISTRICT 2.JARED W. HUFFMAN"
000016 ,1,1,033 214 223 229,USSEN,KAMALA_D_HARRIS,63,148,85,0,~  1FS-9,US SENATOR,KAMALA D. HARRIS,63,148,0,0,0,0,26,0.00%,1FS-9.US SENATOR.KAMALA D. HARRIS
000016 ,1,1,033 214 223 229,USSEN,LORETTA_L_SANCHEZ,37,148,111,0,~  1FS-9,US SENATOR,LORETTA L. SANCHEZ,37,148,0,0,0,0,26,0.00%,1FS-9.US SENATOR.LORETTA L. SANCHEZ
000017 ,2,3,002 003 040 098 154 224 232 233,MEAS_Q,YES,229,609,380,0,~  1LU,MEASURE Q HUMBOLDT COUN,YES,229,609,0,0,0,0,81,0.00%,1LU.MEASURE Q HUMBOLDT COUNTY CREATION OF FINANCE DEPARTMENT MEASURE..YES
000017 ,2,3,002 003 040 098 154 224 232 233,MEAS_R,YES,239,609,370,1,~  1LU,MEASURE R HUMBOLDT COUN,YES,239,609,0,0,0,0,55,0.00%,1LU.MEASURE R HUMBOLDT COUNTY FINANCE DEPARTMENT ELECTIVE OFFICE MEASURE..YES
000017 ,2,3,002 003 040 098 154 224 232 233,MEAS_S,YES,360,609,249,0,~  1LU,MEASURE S HUMBOLDT COUN,YES,360,609,0,0,0,0,138,0.00%,1LU.MEASURE S HUMBOLDT COUNTY COMMERCIAL MARIJUANA CULTIVATION MEASURE..YES
000017 ,2,3,002 003 040 098 154 224 232 233,MEAS_U,YES,204,609,405,0,~  1LU,MEASURE U LOCAL TRANSPO,YES,204,609,0,0,0,0,163,0.00%,1LU.MEASURE U LOCAL TRANSPORTATION AUTHORITY RETAIL TRANSACTIONS AND USE TAX..YES
000017 ,2,3,002 003 040 098 154 224 232 233,MEAS_V,YES,272,609,337,0,~  1LU,MEASURE V MOBILE HOME P,YES,272,609,0,0,0,0,14,0.00%,1LU.MEASURE V MOBILE HOME PARK SPACE RENT STABILIZATION..YES
000017 ,1,1,002 003 040 097 098 154 224 232 233,PRES,GARY_JOHNSON,28,609,581,0,~  1LU,PRESIDENT AND VICE PRES,GARY JOHNSON      and,28,609,0,0,0,0,2,0.00%,1LU.PRESIDENT AND VICE PRESIDENT.GARY JOHNSON      and BILL WELD
000017 ,1,1,002 003 040 097 098 154 224 232 233,PRES,GLORIA_ESTELA_LA_RIVA,4,609,605,0,~  1LU,PRESIDENT AND VICE PRES,GLORIA ESTELA LA RIVA,4,609,0,0,0,0,2,0.00%,1LU.PRESIDENT AND VICE PRESIDENT.GLORIA ESTELA LA RIVA      and DENNIS J. BANKS
000017 ,1,1,002 003 040 097 098 154 224 232 233,PRES,HILLARY_CLINTON,259,609,350,0,~  1LU,PRESIDENT AND VICE PRES,HILLARY CLINTON      ,259,609,0,0,0,0,2,0.00%,1LU.PRESIDENT AND VICE PRESIDENT.HILLARY CLINTON      and TIM KAINE
000017 ,1,1,002 003 040 097 098 154 224 232 233,PRES,JILL_STEIN,27,609,582,0,~  1LU,PRESIDENT AND VICE PRES,JILL STEIN      and A,27,609,0,0,0,0,2,0.00%,1LU.PRESIDENT AND VICE PRESIDENT.JILL STEIN      and AJAMU BARAKA
000017 ,1,1,002 003 040 097 098 154 224 232 233,PRES,Write_in,25,609,584,0,~  1LU,PRESIDENT AND VICE PRES,Write_in,25,609,0,0,0,0,2,0.00%,1LU.PRESIDENT AND VICE PRESIDENT.Write_in
000017 ,1,1,002 003 040 097 098 154 224 232 233,PROP_51,NO,326,609,283,0,~  1LU,PROPOSITION 51 SCHOOL B,NO,326,609,0,0,0,0,77,0.00%,1LU.PROPOSITION 51 SCHOOL BONDS. FUNDING FOR K-12 SCHOOL AND COMMUNITY COLLEGE FACILITIES. INITIATIVE.NO
000017 ,1,1,002 003 040 097 098 154 224 232 233,PROP_51,YES,249,609,360,0,~  1LU,PROPOSITION 51 SCHOOL B,YES,249,609,0,0,0,0,77,0.00%,1LU.PROPOSITION 51 SCHOOL BONDS. FUNDING FOR K-12 SCHOOL AND COMMUNITY COLLEGE FACILITIES. INITIATIVE.YES
000017 ,1,1,002 003 040 097 098 154 224 232 233,PROP_52,YES,342,609,267,1,~  1LU,PROPOSITION 52 MEDI-CAL,YES,342,609,0,0,0,0,99,0.00%,1LU.PROPOSITION 52 MEDI-CAL HOSPITAL FEE PROGRAM. INITIATIVE CONSTITUTIONAL AMENDMENT AND STATUTE..YES
000017 ,1,1,002 003 040 097 098 154 224 232 233,PROP_53,NO,285,609,324,0,~  1LU,PROPOSITION 53 REVENUE ,NO,285,609,0,0,0,0,2,0.00%,1LU.PROPOSITION 53 REVENUE BONDS. STATEWIDE VOTER APPROVAL. INITIATIVE CONSTITUTIONAL AMENDMENT..NO
000017 ,1,1,002 003 040 097 098 154 224 232 233,PROP_53,YES,283,609,326,0,~  1LU,PROPOSITION 53 REVENUE ,YES,283,609,0,0,0,0,2,0.00%,1LU.PROPOSITION 53 REVENUE BONDS. STATEWIDE VOTER APPROVAL. INITIATIVE CONSTITUTIONAL AMENDMENT..YES
000017 ,1,1,002 003 040 097 098 154 224 232 233,PROP_54,NO,232,609,377,0,~  1LU,PROPOSITION 54 LEGISLAT,NO,232,609,0,0,0,0,103,0.00%,1LU.PROPOSITION 54 LEGISLATURE. LEGISLATION AND PROCEEDINGS. INITIATIVE CONSTITUTIONAL AMENDMENT AND.NO
000017 ,1,1,002 003 040 097 098 154 224 232 233,PROP_54,YES,335,609,274,0,~  1LU,PROPOSITION 54 LEGISLAT,YES,335,609,0,0,0,0,103,0.00%,1LU.PROPOSITION 54 LEGISLATURE. LEGISLATION AND PROCEEDINGS. INITIATIVE CONSTITUTIONAL AMENDMENT AND.YES
000017 ,1,1,002 003 040 097 098 154 224 232 233,PROP_55,YES,316,609,293,1,~  1LU,PROPOSITION 55 TAX EXTE,YES,316,609,0,0,0,0,51,0.00%,1LU.PROPOSITION 55 TAX EXTENSION TO FUND EDUCATION AND HEALTHCARE. INITIATIVE CONSTITUTIONAL AMENDMENT..YES
000017 ,1,2,002 003 040 097 098 154 224 232 233,PROP_57,NO,257,609,352,0,~  1LU,PROPOSITION 57 CRIMINAL,NO,257,609,0,0,0,0,63,0.00%,1LU.PROPOSITION 57 CRIMINAL SENTENCES. PAROLE. JUVENILE CRIMINAL PROCEEDINGS AND SENTENCING. INITIATIVE.NO
000017 ,1,2,002 003 040 097 098 154 224 232 233,PROP_57,YES,320,609,289,0,~  1LU,PROPOSITION 57 CRIMINAL,YES,320,609,0,0,0,0,63,0.00%,1LU.PROPOSITION 57 CRIMINAL SENTENCES. PAROLE. JUVENILE CRIMINAL PROCEEDINGS AND SENTENCING. INITIATIVE.YES
000017 ,1,2,002 003 040 097 098 154 224 232 233,PROP_58,NO,160,609,449,1,~  1LU,PROPOSITION 58 ENGLISH ,NO,160,609,0,0,0,0,253,0.00%,1LU.PROPOSITION 58 ENGLISH PROFICIENCY. MULTILINGUAL EDUCATION. INITIATIVE STATUTE..NO
000017 ,1,2,002 003 040 097 098 154 224 232 233,PROP_60,NO,373,609,236,0,~  1LU,PROPOSITION 60 ADULT FI,NO,373,609,0,0,0,0,184,0.00%,1LU.PROPOSITION 60 ADULT FILMS. CONDOMS. HEALTH REQUIREMENTS. INITIATIVE STATUTE..NO
000017 ,1,2,002 003 040 097 098 154 224 232 233,PROP_60,YES,189,609,420,0,~  1LU,PROPOSITION 60 ADULT FI,YES,189,609,0,0,0,0,184,0.00%,1LU.PROPOSITION 60 ADULT FILMS. CONDOMS. HEALTH REQUIREMENTS. INITIATIVE STATUTE..YES
000017 ,1,2,002 003 040 097 098 154 224 232 233,PROP_61,NO,289,609,320,0,~  1LU,PROPOSITION 61 STATE PR,NO,289,609,0,0,0,0,21,0.00%,1LU.PROPOSITION 61 STATE PRESCRIPTION DRUG PURCHASES. PRICING STANDARDS. INITIATIVE STATUTE..NO
000017 ,1,2,002 003 040 097 098 154 224 232 233,PROP_61,YES,268,609,341,0,~  1LU,PROPOSITION 61 STATE PR,YES,268,609,0,0,0,0,21,0.00%,1LU.PROPOSITION 61 STATE PRESCRIPTION DRUG PURCHASES. PRICING STANDARDS. INITIATIVE STATUTE..YES
000017 ,1,2,002 003 040 097 098 154 224 232 233,PROP_62,YES,231,609,378,2,~  1LU,PROPOSITION 62 DEATH PE,YES,231,609,0,0,0,0,116,0.00%,1LU.PROPOSITION 62 DEATH PENALTY. INITIATIVE STATUTE..YES
000017 ,1,2,002 003 040 097 098 154 224 232 233,PROP_63,NO,354,609,255,1,~  1LU,PROPOSITION 63 FIREARMS,NO,354,609,0,0,0,0,119,0.00%,1LU.PROPOSITION 63 FIREARMS. AMMUNITION SALES. INITIATIVE STATUTE..NO
000017 ,2,3,002 003 040 098 154 224 232 233,PROP_64,YES,319,609,290,2,~  1LU,PROPOSITION 64 MARIJUAN,YES,319,609,0,0,0,0,44,0.00%,1LU.PROPOSITION 64 MARIJUANA LEGALIZATION. INITIATIVE STATUTE..YES
000017 ,2,3,002 003 040 098 154 224 232 233,PROP_65,YES,239,609,370,0,~  1LU,PROPOSITION 65 CARRYOUT,YES,239,609,0,0,0,0,102,0.00%,1LU.PROPOSITION 65 CARRYOUT BAGS. CHARGES. INITIATIVE STATUTE..YES
000017 ,2,3,002 003 040 098 154 224 232 233,PROP_66,NO,311,609,298,2,~  1LU,PROPOSITION 66 DEATH PE,NO,311,609,0,0,0,0,76,0.00%,1LU.PROPOSITION 66 DEATH PENALTY. PROCEDURES. INITIATIVE STATUTE..NO
000017 ,2,3,002 003 040 098 154 224 232 233,PROP_67,YES,293,609,316,0,~  1LU,PROPOSITION 67 BAN ON S,YES,293,609,0,0,0,0,3,0.00%,1LU.PROPOSITION 67 BAN ON SINGLE-USE PLASTIC BAGS. REFERENDUM..YES
000017 ,1,1,002 003 040 097 098 154 224 232 233,STATEASS2,JIM_WOOD,328,609,281,0,~  1LU,"STATE ASSEMBLY, DISTRIC",JIM WOOD,328,609,0,0,0,0,149,0.00%,"1LU.STATE ASSEMBLY, DISTRICT 2.JIM WOOD"
000017 ,1,1,002 003 040 097 098 154 224 232 233,STATEASS2,KEN_ANTON,179,609,430,0,~  1LU,"STATE ASSEMBLY, DISTRIC",KEN ANTON,179,609,0,0,0,0,149,0.00%,"1LU.STATE ASSEMBLY, DISTRICT 2.KEN ANTON"
000017 ,1,1,002 003 040 097 098 154 224 232 233,USREP,DALE_K_MENSING,222,609,387,0,~  1LU,US REPRESENTATIVE IN CO,DALE K. MENSING,222,609,0,0,0,0,129,0.00%,"1LU.US REPRESENTATIVE IN CONGRESS, DISTRICT 2.DALE K. MENSING"
000017 ,1,1,002 003 040 097 098 154 224 232 233,USREP,JARED_W_HUFFMAN,351,609,258,0,~  1LU,US REPRESENTATIVE IN CO,JARED W. HUFFMAN,351,609,0,0,0,0,129,0.00%,"1LU.US REPRESENTATIVE IN CONGRESS, DISTRICT 2.JARED W. HUFFMAN"
000017 ,1,1,002 003 040 097 098 154 224 232 233,USSEN,KAMALA_D_HARRIS,299,609,310,0,~  1LU,US SENATOR,KAMALA D. HARRIS,299,609,0,0,0,0,132,0.00%,1LU.US SENATOR.KAMALA D. HARRIS
000017 ,1,1,002 003 040 097 098 154 224 232 233,USSEN,LORETTA_L_SANCHEZ,167,609,442,0,~  1LU,US SENATOR,LORETTA L. SANCHEZ,167,609,0,0,0,0,132,0.00%,1LU.US SENATOR.LORETTA L. SANCHEZ
000018 ,2,3,033 214 215 223 229,MEAS_M,BONDS_NO,45,156,111,0,~  1MU,MEASURE M MATTOLE UNIFI,BONDS NO,45,158,0,-2,0,2,57,0.00%,1MU.MEASURE M MATTOLE UNIFIED SCHOOL DISTRICT BOND MEASURE..BONDS NO
000018 ,2,3,033 214 215 223 229,MEAS_M,BONDS_YES,102,156,54,0,~  1MU,MEASURE M MATTOLE UNIFI,BONDS YES,102,158,0,-2,0,2,57,0.00%,1MU.MEASURE M MATTOLE UNIFIED SCHOOL DISTRICT BOND MEASURE..BONDS YES
000018 ,2,3,033 214 215 223 229,MEAS_Q,NO,80,156,76,0,~  1MU,MEASURE Q HUMBOLDT COUN,NO,80,158,0,-2,0,2,26,0.00%,1MU.MEASURE Q HUMBOLDT COUNTY CREATION OF FINANCE DEPARTMENT MEASURE..NO
000018 ,2,3,033 214 215 223 229,MEAS_Q,YES,54,156,102,0,~  1MU,MEASURE Q HUMBOLDT COUN,YES,54,158,0,-2,0,2,26,0.00%,1MU.MEASURE Q HUMBOLDT COUNTY CREATION OF FINANCE DEPARTMENT MEASURE..YES
000018 ,2,3,033 214 215 223 229,MEAS_R,NO,75,156,81,0,~  1MU,MEASURE R HUMBOLDT COUN,NO,75,158,0,-2,0,2,10,0.00%,1MU.MEASURE R HUMBOLDT COUNTY FINANCE DEPARTMENT ELECTIVE OFFICE MEASURE..NO
000018 ,2,3,033 214 215 223 229,MEAS_R,YES,65,156,91,0,~  1MU,MEASURE R HUMBOLDT COUN,YES,65,158,0,-2,0,2,10,0.00%,1MU.MEASURE R HUMBOLDT COUNTY FINANCE DEPARTMENT ELECTIVE OFFICE MEASURE..YES
000018 ,2,3,033 214 215 223 229,MEAS_S,NO,89,156,67,1,~  1MU,MEASURE S HUMBOLDT COUN,NO,89,158,0,-2,0,2,29,0.00%,1MU.MEASURE S HUMBOLDT COUNTY COMMERCIAL MARIJUANA CULTIVATION MEASURE..NO
000018 ,2,3,033 214 215 223 229,MEAS_U,NO,70,156,86,0,~  1MU,MEASURE U LOCAL TRANSPO,NO,70,158,0,-2,0,2,4,0.00%,1MU.MEASURE U LOCAL TRANSPORTATION AUTHORITY RETAIL TRANSACTIONS AND USE TAX..NO
000018 ,2,3,033 214 215 223 229,MEAS_U,YES,74,156,82,0,~  1MU,MEASURE U LOCAL TRANSPO,YES,74,158,0,-2,0,2,4,0.00%,1MU.MEASURE U LOCAL TRANSPORTATION AUTHORITY RETAIL TRANSACTIONS AND USE TAX..YES
000018 ,2,3,033 214 215 223 229,MEAS_V,NO,46,156,110,0,~  1MU,MEASURE V MOBILE HOME P,NO,46,158,0,-2,0,2,50,0.00%,1MU.MEASURE V MOBILE HOME PARK SPACE RENT STABILIZATION..NO
000018 ,2,3,033 214 215 223 229,MEAS_V,YES,96,156,60,0,~  1MU,MEASURE V MOBILE HOME P,YES,96,158,0,-2,0,2,50,0.00%,1MU.MEASURE V MOBILE HOME PARK SPACE RENT STABILIZATION..YES
000018 ,1,1,033 214 215 223 229,PRES,DONALD_J_TRUMP,38,157,119,0,~  1MU,PRESIDENT AND VICE PRES,DONALD J. TRUMP      ,38,158,0,-1,0,1,41,0.00%,1MU.PRESIDENT AND VICE PRESIDENT.DONALD J. TRUMP      and MICHAEL R. PENCE
000018 ,1,1,033 214 215 223 229,PRES,GARY_JOHNSON,2,157,155,0,~  1MU,PRESIDENT AND VICE PRES,GARY JOHNSON      and,2,158,0,-1,0,1,41,0.00%,1MU.PRESIDENT AND VICE PRESIDENT.GARY JOHNSON      and BILL WELD
000018 ,1,1,033 214 215 223 229,PRES,GLORIA_ESTELA_LA_RIVA,0,157,157,0,~  1MU,PRESIDENT AND VICE PRES,GLORIA ESTELA LA RIVA,0,158,0,-1,0,1,41,0.00%,1MU.PRESIDENT AND VICE PRESIDENT.GLORIA ESTELA LA RIVA      and DENNIS J. BANKS
000018 ,1,1,033 214 215 223 229,PRES,HILLARY_CLINTON,79,157,78,0,~  1MU,PRESIDENT AND VICE PRES,HILLARY CLINTON      ,79,158,0,-1,0,1,41,0.00%,1MU.PRESIDENT AND VICE PRESIDENT.HILLARY CLINTON      and TIM KAINE
000018 ,1,1,033 214 215 223 229,PRES,JILL_STEIN,24,157,133,0,~  1MU,PRESIDENT AND VICE PRES,JILL STEIN      and A,24,158,0,-1,0,1,41,0.00%,1MU.PRESIDENT AND VICE PRESIDENT.JILL STEIN      and AJAMU BARAKA
000018 ,1,1,033 214 215 223 229,PRES,Write_in,9,157,148,0,~  1MU,PRESIDENT AND VICE PRES,Write_in,9,158,0,-1,0,1,41,0.00%,1MU.PRESIDENT AND VICE PRESIDENT.Write_in
000018 ,1,1,033 214 215 223 229,PROP_51,NO,72,157,85,0,~  1MU,PROPOSITION 51 SCHOOL B,NO,72,158,0,-1,0,1,9,0.00%,1MU.PROPOSITION 51 SCHOOL BONDS. FUNDING FOR K-12 SCHOOL AND COMMUNITY COLLEGE FACILITIES. INITIATIVE.NO
000018 ,1,1,033 214 215 223 229,PROP_51,YES,81,157,76,0,~  1MU,PROPOSITION 51 SCHOOL B,YES,81,158,0,-1,0,1,9,0.00%,1MU.PROPOSITION 51 SCHOOL BONDS. FUNDING FOR K-12 SCHOOL AND COMMUNITY COLLEGE FACILITIES. INITIATIVE.YES
000018 ,1,1,033 214 215 223 229,PROP_52,NO,37,157,120,0,~  1MU,PROPOSITION 52 MEDI-CAL,NO,37,158,0,-1,0,1,77,0.00%,1MU.PROPOSITION 52 MEDI-CAL HOSPITAL FEE PROGRAM. INITIATIVE CONSTITUTIONAL AMENDMENT AND STATUTE..NO
000018 ,1,1,033 214 215 223 229,PROP_52,YES,114,157,43,0,~  1MU,PROPOSITION 52 MEDI-CAL,YES,114,158,0,-1,0,1,77,0.00%,1MU.PROPOSITION 52 MEDI-CAL HOSPITAL FEE PROGRAM. INITIATIVE CONSTITUTIONAL AMENDMENT AND STATUTE..YES
000018 ,1,1,033 214 215 223 229,PROP_53,NO,62,157,95,0,~  1MU,PROPOSITION 53 REVENUE ,NO,62,158,0,-1,0,1,21,0.00%,1MU.PROPOSITION 53 REVENUE BONDS. STATEWIDE VOTER APPROVAL. INITIATIVE CONSTITUTIONAL AMENDMENT..NO
000018 ,1,1,033 214 215 223 229,PROP_53,YES,83,157,74,0,~  1MU,PROPOSITION 53 REVENUE ,YES,83,158,0,-1,0,1,21,0.00%,1MU.PROPOSITION 53 REVENUE BONDS. STATEWIDE VOTER APPROVAL. INITIATIVE CONSTITUTIONAL AMENDMENT..YES
000018 ,1,1,033 214 215 223 229,PROP_54,NO,53,157,104,0,~  1MU,PROPOSITION 54 LEGISLAT,NO,53,158,0,-1,0,1,45,0.00%,1MU.PROPOSITION 54 LEGISLATURE. LEGISLATION AND PROCEEDINGS. INITIATIVE CONSTITUTIONAL AMENDMENT AND.NO
000018 ,1,1,033 214 215 223 229,PROP_54,YES,98,157,59,0,~  1MU,PROPOSITION 54 LEGISLAT,YES,98,158,0,-1,0,1,45,0.00%,1MU.PROPOSITION 54 LEGISLATURE. LEGISLATION AND PROCEEDINGS. INITIATIVE CONSTITUTIONAL AMENDMENT AND.YES
000018 ,1,1,033 214 215 223 229,PROP_55,YES,115,157,42,1,~  1MU,PROPOSITION 55 TAX EXTE,YES,115,158,0,-1,0,1,77,0.00%,1MU.PROPOSITION 55 TAX EXTENSION TO FUND EDUCATION AND HEALTHCARE. INITIATIVE CONSTITUTIONAL AMENDMENT..YES
000018 ,1,2,033 214 215 223 229,PROP_56,YES,84,156,72,0,~  1MU,PROPOSITION 56 CIGARETT,YES,84,158,0,-2,0,2,15,0.00%,"1MU.PROPOSITION 56 CIGARETTE TAX TO FUND HEALTHCARE, TOBACCO USE PREVENTION, RESEARCH, AND.YES"
000018 ,1,2,033 214 215 223 229,PROP_57,NO,23,156,133,0,~  1MU,PROPOSITION 57 CRIMINAL,NO,23,158,0,-2,0,2,102,0.00%,1MU.PROPOSITION 57 CRIMINAL SENTENCES. PAROLE. JUVENILE CRIMINAL PROCEEDINGS AND SENTENCING. INITIATIVE.NO
000018 ,1,2,033 214 215 223 229,PROP_58,NO,20,156,136,0,~  1MU,PROPOSITION 58 ENGLISH ,NO,20,158,0,-2,0,2,103,0.00%,1MU.PROPOSITION 58 ENGLISH PROFICIENCY. MULTILINGUAL EDUCATION. INITIATIVE STATUTE..NO
000018 ,1,2,033 214 215 223 229,PROP_59,NO,34,156,122,0,~  1MU,PROPOSITION 59 CORPORAT,NO,34,158,0,-2,0,2,80,0.00%,1MU.PROPOSITION 59 CORPORATIONS. POLITICAL SPENDING. FEDERAL CONSTITUTIONAL PROTECTIONS..NO
000018 ,1,2,033 214 215 223 229,PROP_59,YES,114,156,42,0,~  1MU,PROPOSITION 59 CORPORAT,YES,114,158,0,-2,0,2,80,0.00%,1MU.PROPOSITION 59 CORPORATIONS. POLITICAL SPENDING. FEDERAL CONSTITUTIONAL PROTECTIONS..YES
000018 ,1,2,033 214 215 223 229,PROP_60,NO,96,156,60,0,~  1MU,PROPOSITION 60 ADULT FI,NO,96,158,0,-2,0,2,55,0.00%,1MU.PROPOSITION 60 ADULT FILMS. CONDOMS. HEALTH REQUIREMENTS. INITIATIVE STATUTE..NO
000018 ,1,2,033 214 215 223 229,PROP_60,YES,41,156,115,0,~  1MU,PROPOSITION 60 ADULT FI,YES,41,158,0,-2,0,2,55,0.00%,1MU.PROPOSITION 60 ADULT FILMS. CONDOMS. HEALTH REQUIREMENTS. INITIATIVE STATUTE..YES
000018 ,1,2,033 214 215 223 229,PROP_63,NO,87,156,69,0,~  1MU,PROPOSITION 63 FIREARMS,NO,87,158,0,-2,0,2,21,0.00%,1MU.PROPOSITION 63 FIREARMS. AMMUNITION SALES. INITIATIVE STATUTE..NO
000018 ,2,3,033 214 215 223 229,PROP_64,NO,84,156,72,0,~  1MU,PROPOSITION 64 MARIJUAN,NO,84,158,0,-2,0,2,13,0.00%,1MU.PROPOSITION 64 MARIJUANA LEGALIZATION. INITIATIVE STATUTE..NO
000018 ,2,3,033 214 215 223 229,PROP_64,YES,71,156,85,0,~  1MU,PROPOSITION 64 MARIJUAN,YES,71,158,0,-2,0,2,13,0.00%,1MU.PROPOSITION 64 MARIJUANA LEGALIZATION. INITIATIVE STATUTE..YES
000018 ,2,3,033 214 215 223 229,PROP_65,YES,57,156,99,1,~  1MU,PROPOSITION 65 CARRYOUT,YES,57,158,0,-2,0,2,36,0.00%,1MU.PROPOSITION 65 CARRYOUT BAGS. CHARGES. INITIATIVE STATUTE..YES
000018 ,2,3,033 214 215 223 229,PROP_66,NO,93,156,63,0,~  1MU,PROPOSITION 66 DEATH PE,NO,93,158,0,-2,0,2,43,0.00%,1MU.PROPOSITION 66 DEATH PENALTY. PROCEDURES. INITIATIVE STATUTE..NO
000018 ,2,3,033 214 215 223 229,PROP_66,YES,50,156,106,0,~  1MU,PROPOSITION 66 DEATH PE,YES,50,158,0,-2,0,2,43,0.00%,1MU.PROPOSITION 66 DEATH PENALTY. PROCEDURES. INITIATIVE STATUTE..YES
000018 ,2,3,033 214 215 223 229,PROP_67,NO,53,156,103,0,~  1MU,PROPOSITION 67 BAN ON S,NO,53,158,0,-2,0,2,47,0.00%,1MU.PROPOSITION 67 BAN ON SINGLE-USE PLASTIC BAGS. REFERENDUM..NO
000018 ,2,3,033 214 215 223 229,PROP_67,YES,100,156,56,0,~  1MU,PROPOSITION 67 BAN ON S,YES,100,158,0,-2,0,2,47,0.00%,1MU.PROPOSITION 67 BAN ON SINGLE-USE PLASTIC BAGS. REFERENDUM..YES
000018 ,1,1,033 214 215 223 229,STATEASS2,JIM_WOOD,103,157,54,0,~  1MU,"STATE ASSEMBLY, DISTRIC",JIM WOOD,103,158,0,-1,0,1,71,0.00%,"1MU.STATE ASSEMBLY, DISTRICT 2.JIM WOOD"
000018 ,1,1,033 214 215 223 229,STATEASS2,KEN_ANTON,32,157,125,0,~  1MU,"STATE ASSEMBLY, DISTRIC",KEN ANTON,32,158,0,-1,0,1,71,0.00%,"1MU.STATE ASSEMBLY, DISTRICT 2.KEN ANTON"
000018 ,1,1,033 214 215 223 229,USREP,DALE_K_MENSING,38,157,119,0,~  1MU,US REPRESENTATIVE IN CO,DALE K. MENSING,38,158,0,-1,0,1,73,0.00%,"1MU.US REPRESENTATIVE IN CONGRESS, DISTRICT 2.DALE K. MENSING"
000018 ,1,1,033 214 215 223 229,USREP,JARED_W_HUFFMAN,111,157,46,0,~  1MU,US REPRESENTATIVE IN CO,JARED W. HUFFMAN,111,158,0,-1,0,1,73,0.00%,"1MU.US REPRESENTATIVE IN CONGRESS, DISTRICT 2.JARED W. HUFFMAN"
000019 ,2,3,034 215 223,MEAS_M,BONDS_NO,21,147,126,0,~  1MUF,MEASURE M MATTOLE UNIFI,BONDS NO,21,148,0,-1,0,1,100,0.00%,1MUF.MEASURE M MATTOLE UNIFIED SCHOOL DISTRICT BOND MEASURE..BONDS NO
000019 ,2,3,034 215 223,MEAS_M,BONDS_YES,121,147,26,0,~  1MUF,MEASURE M MATTOLE UNIFI,BONDS YES,121,148,0,-1,0,1,100,0.00%,1MUF.MEASURE M MATTOLE UNIFIED SCHOOL DISTRICT BOND MEASURE..BONDS YES
000019 ,2,3,034 215 223,MEAS_Q,NO,70,147,77,1,~  1MUF,MEASURE Q HUMBOLDT COUN,NO,70,148,0,-1,0,1,17,0.00%,1MUF.MEASURE Q HUMBOLDT COUNTY CREATION OF FINANCE DEPARTMENT MEASURE..NO
000019 ,2,3,034 215 223,MEAS_R,NO,51,147,96,0,~  1MUF,MEASURE R HUMBOLDT COUN,NO,51,148,0,-1,0,1,24,0.00%,1MUF.MEASURE R HUMBOLDT COUNTY FINANCE DEPARTMENT ELECTIVE OFFICE MEASURE..NO
000019 ,2,3,034 215 223,MEAS_R,YES,75,147,72,0,~  1MUF,MEASURE R HUMBOLDT COUN,YES,75,148,0,-1,0,1,24,0.00%,1MUF.MEASURE R HUMBOLDT COUNTY FINANCE DEPARTMENT ELECTIVE OFFICE MEASURE..YES
000019 ,2,3,034 215 223,MEAS_S,NO,65,147,82,0,~  1MUF,MEASURE S HUMBOLDT COUN,NO,65,148,0,-1,0,1,9,0.00%,1MUF.MEASURE S HUMBOLDT COUNTY COMMERCIAL MARIJUANA CULTIVATION MEASURE..NO
000019 ,2,3,034 215 223,MEAS_S,YES,74,147,73,0,~  1MUF,MEASURE S HUMBOLDT COUN,YES,74,148,0,-1,0,1,9,0.00%,1MUF.MEASURE S HUMBOLDT COUNTY COMMERCIAL MARIJUANA CULTIVATION MEASURE..YES
000019 ,2,3,034 215 223,MEAS_U,NO,40,147,107,0,~  1MUF,MEASURE U LOCAL TRANSPO,NO,40,148,0,-1,0,1,57,0.00%,1MUF.MEASURE U LOCAL TRANSPORTATION AUTHORITY RETAIL TRANSACTIONS AND USE TAX..NO
000019 ,2,3,034 215 223,MEAS_U,YES,97,147,50,0,~  1MUF,MEASURE U LOCAL TRANSPO,YES,97,148,0,-1,0,1,57,0.00%,1MUF.MEASURE U LOCAL TRANSPORTATION AUTHORITY RETAIL TRANSACTIONS AND USE TAX..YES
000019 ,2,3,034 215 223,MEAS_V,NO,47,147,100,0,~  1MUF,MEASURE V MOBILE HOME P,NO,47,148,0,-1,0,1,45,0.00%,1MUF.MEASURE V MOBILE HOME PARK SPACE RENT STABILIZATION..NO
000019 ,2,3,034 215 223,MEAS_V,YES,92,147,55,0,~  1MUF,MEASURE V MOBILE HOME P,YES,92,148,0,-1,0,1,45,0.00%,1MUF.MEASURE V MOBILE HOME PARK SPACE RENT STABILIZATION..YES
000019 ,1,1,034 215 223 229,PRES,DONALD_J_TRUMP,25,148,123,0,~  1MUF,PRESIDENT AND VICE PRES,DONALD J. TRUMP      ,25,148,0,0,0,0,49,0.00%,1MUF.PRESIDENT AND VICE PRESIDENT.DONALD J. TRUMP      and MICHAEL R. PENCE
000019 ,1,1,034 215 223 229,PRES,GARY_JOHNSON,5,148,143,0,~  1MUF,PRESIDENT AND VICE PRES,GARY JOHNSON      and,5,148,0,0,0,0,49,0.00%,1MUF.PRESIDENT AND VICE PRESIDENT.GARY JOHNSON      and BILL WELD
000019 ,1,1,034 215 223 229,PRES,HILLARY_CLINTON,81,148,67,0,~  1MUF,PRESIDENT AND VICE PRES,HILLARY CLINTON      ,81,148,0,0,0,0,49,0.00%,1MUF.PRESIDENT AND VICE PRESIDENT.HILLARY CLINTON      and TIM KAINE
000019 ,1,1,034 215 223 229,PRES,Write_in,5,148,143,0,~  1MUF,PRESIDENT AND VICE PRES,Write_in,5,148,0,0,0,0,49,0.00%,1MUF.PRESIDENT AND VICE PRESIDENT.Write_in
000019 ,1,1,034 215 223 229,PROP_52,NO,36,148,112,0,~  1MUF,PROPOSITION 52 MEDI-CAL,NO,36,148,0,0,0,0,64,0.00%,1MUF.PROPOSITION 52 MEDI-CAL HOSPITAL FEE PROGRAM. INITIATIVE CONSTITUTIONAL AMENDMENT AND STATUTE..NO
000019 ,1,1,034 215 223 229,PROP_52,YES,100,148,48,0,~  1MUF,PROPOSITION 52 MEDI-CAL,YES,100,148,0,0,0,0,64,0.00%,1MUF.PROPOSITION 52 MEDI-CAL HOSPITAL FEE PROGRAM. INITIATIVE CONSTITUTIONAL AMENDMENT AND STATUTE..YES
000019 ,1,1,034 215 223 229,PROP_53,NO,82,148,66,1,~  1MUF,PROPOSITION 53 REVENUE ,NO,82,148,0,0,0,0,31,0.00%,1MUF.PROPOSITION 53 REVENUE BONDS. STATEWIDE VOTER APPROVAL. INITIATIVE CONSTITUTIONAL AMENDMENT..NO
000019 ,1,1,034 215 223 229,PROP_54,NO,37,148,111,0,~  1MUF,PROPOSITION 54 LEGISLAT,NO,37,148,0,0,0,0,59,0.00%,1MUF.PROPOSITION 54 LEGISLATURE. LEGISLATION AND PROCEEDINGS. INITIATIVE CONSTITUTIONAL AMENDMENT AND.NO
000019 ,1,1,034 215 223 229,PROP_54,YES,96,148,52,0,~  1MUF,PROPOSITION 54 LEGISLAT,YES,96,148,0,0,0,0,59,0.00%,1MUF.PROPOSITION 54 LEGISLATURE. LEGISLATION AND PROCEEDINGS. INITIATIVE CONSTITUTIONAL AMENDMENT AND.YES
000019 ,1,1,034 215 223 229,PROP_55,YES,110,148,38,1,~  1MUF,PROPOSITION 55 TAX EXTE,YES,110,148,0,0,0,0,78,0.00%,1MUF.PROPOSITION 55 TAX EXTENSION TO FUND EDUCATION AND HEALTHCARE. INITIATIVE CONSTITUTIONAL AMENDMENT..YES
000019 ,1,2,034 215 223 229,PROP_56,NO,48,148,100,0,~  1MUF,PROPOSITION 56 CIGARETT,NO,48,148,0,0,0,0,42,0.00%,"1MUF.PROPOSITION 56 CIGARETTE TAX TO FUND HEALTHCARE, TOBACCO USE PREVENTION, RESEARCH, AND.NO"
000019 ,1,2,034 215 223 229,PROP_56,YES,90,148,58,0,~  1MUF,PROPOSITION 56 CIGARETT,YES,90,148,0,0,0,0,42,0.00%,"1MUF.PROPOSITION 56 CIGARETTE TAX TO FUND HEALTHCARE, TOBACCO USE PREVENTION, RESEARCH, AND.YES"
000019 ,1,2,034 215 223 229,PROP_57,NO,24,148,124,0,~  1MUF,PROPOSITION 57 CRIMINAL,NO,24,148,0,0,0,0,94,0.00%,1MUF.PROPOSITION 57 CRIMINAL SENTENCES. PAROLE. JUVENILE CRIMINAL PROCEEDINGS AND SENTENCING. INITIATIVE.NO
000019 ,1,2,034 215 223 229,PROP_57,YES,118,148,30,0,~  1MUF,PROPOSITION 57 CRIMINAL,YES,118,148,0,0,0,0,94,0.00%,1MUF.PROPOSITION 57 CRIMINAL SENTENCES. PAROLE. JUVENILE CRIMINAL PROCEEDINGS AND SENTENCING. INITIATIVE.YES
000019 ,1,2,034 215 223 229,PROP_58,NO,13,148,135,0,~  1MUF,PROPOSITION 58 ENGLISH ,NO,13,148,0,0,0,0,108,0.00%,1MUF.PROPOSITION 58 ENGLISH PROFICIENCY. MULTILINGUAL EDUCATION. INITIATIVE STATUTE..NO
000019 ,1,2,034 215 223 229,PROP_58,YES,121,148,27,0,~  1MUF,PROPOSITION 58 ENGLISH ,YES,121,148,0,0,0,0,108,0.00%,1MUF.PROPOSITION 58 ENGLISH PROFICIENCY. MULTILINGUAL EDUCATION. INITIATIVE STATUTE..YES
000019 ,1,2,034 215 223 229,PROP_59,NO,31,148,117,0,~  1MUF,PROPOSITION 59 CORPORAT,NO,31,148,0,0,0,0,70,0.00%,1MUF.PROPOSITION 59 CORPORATIONS. POLITICAL SPENDING. FEDERAL CONSTITUTIONAL PROTECTIONS..NO
000019 ,1,2,034 215 223 229,PROP_59,YES,101,148,47,0,~  1MUF,PROPOSITION 59 CORPORAT,YES,101,148,0,0,0,0,70,0.00%,1MUF.PROPOSITION 59 CORPORATIONS. POLITICAL SPENDING. FEDERAL CONSTITUTIONAL PROTECTIONS..YES
000019 ,1,2,034 215 223 229,PROP_60,NO,72,148,76,0,~  1MUF,PROPOSITION 60 ADULT FI,NO,72,148,0,0,0,0,24,0.00%,1MUF.PROPOSITION 60 ADULT FILMS. CONDOMS. HEALTH REQUIREMENTS. INITIATIVE STATUTE..NO
000019 ,1,2,034 215 223 229,PROP_60,YES,48,148,100,0,~  1MUF,PROPOSITION 60 ADULT FI,YES,48,148,0,0,0,0,24,0.00%,1MUF.PROPOSITION 60 ADULT FILMS. CONDOMS. HEALTH REQUIREMENTS. INITIATIVE STATUTE..YES
000019 ,1,2,034 215 223 229,PROP_61,NO,41,148,107,0,~  1MUF,PROPOSITION 61 STATE PR,NO,41,148,0,0,0,0,47,0.00%,1MUF.PROPOSITION 61 STATE PRESCRIPTION DRUG PURCHASES. PRICING STANDARDS. INITIATIVE STATUTE..NO
000019 ,1,2,034 215 223 229,PROP_61,YES,88,148,60,0,~  1MUF,PROPOSITION 61 STATE PR,YES,88,148,0,0,0,0,47,0.00%,1MUF.PROPOSITION 61 STATE PRESCRIPTION DRUG PURCHASES. PRICING STANDARDS. INITIATIVE STATUTE..YES
000019 ,1,2,034 215 223 229,PROP_62,NO,40,148,108,0,~  1MUF,PROPOSITION 62 DEATH PE,NO,40,148,0,0,0,0,61,0.00%,1MUF.PROPOSITION 62 DEATH PENALTY. INITIATIVE STATUTE..NO
000019 ,1,2,034 215 223 229,PROP_62,YES,101,148,47,0,~  1MUF,PROPOSITION 62 DEATH PE,YES,101,148,0,0,0,0,61,0.00%,1MUF.PROPOSITION 62 DEATH PENALTY. INITIATIVE STATUTE..YES
000019 ,1,2,034 215 223 229,PROP_63,NO,52,148,96,0,~  1MUF,PROPOSITION 63 FIREARMS,NO,52,148,0,0,0,0,36,0.00%,1MUF.PROPOSITION 63 FIREARMS. AMMUNITION SALES. INITIATIVE STATUTE..NO
000019 ,1,2,034 215 223 229,PROP_63,YES,88,148,60,0,~  1MUF,PROPOSITION 63 FIREARMS,YES,88,148,0,0,0,0,36,0.00%,1MUF.PROPOSITION 63 FIREARMS. AMMUNITION SALES. INITIATIVE STATUTE..YES
000019 ,2,3,034 215 223,PROP_64,NO,50,147,97,0,~  1MUF,PROPOSITION 64 MARIJUAN,NO,50,148,0,-1,0,1,47,0.00%,1MUF.PROPOSITION 64 MARIJUANA LEGALIZATION. INITIATIVE STATUTE..NO
000019 ,2,3,034 215 223,PROP_64,YES,97,147,50,0,~  1MUF,PROPOSITION 64 MARIJUAN,YES,97,148,0,-1,0,1,47,0.00%,1MUF.PROPOSITION 64 MARIJUANA LEGALIZATION. INITIATIVE STATUTE..YES
000019 ,2,3,034 215 223,PROP_65,NO,90,147,57,1,~  1MUF,PROPOSITION 65 CARRYOUT,NO,90,148,0,-1,0,1,37,0.00%,1MUF.PROPOSITION 65 CARRYOUT BAGS. CHARGES. INITIATIVE STATUTE..NO
000019 ,2,3,034 215 223,PROP_66,NO,95,147,52,0,~  1MUF,PROPOSITION 66 DEATH PE,NO,95,148,0,-1,0,1,64,0.00%,1MUF.PROPOSITION 66 DEATH PENALTY. PROCEDURES. INITIATIVE STATUTE..NO
000019 ,2,3,034 215 223,PROP_66,YES,31,147,116,0,~  1MUF,PROPOSITION 66 DEATH PE,YES,31,148,0,-1,0,1,64,0.00%,1MUF.PROPOSITION 66 DEATH PENALTY. PROCEDURES. INITIATIVE STATUTE..YES
000019 ,2,3,034 215 223,PROP_67,NO,44,147,103,0,~  1MUF,PROPOSITION 67 BAN ON S,NO,44,148,0,-1,0,1,59,0.00%,1MUF.PROPOSITION 67 BAN ON SINGLE-USE PLASTIC BAGS. REFERENDUM..NO
000019 ,2,3,034 215 223,PROP_67,YES,103,147,44,0,~  1MUF,PROPOSITION 67 BAN ON S,YES,103,148,0,-1,0,1,59,0.00%,1MUF.PROPOSITION 67 BAN ON SINGLE-USE PLASTIC BAGS. REFERENDUM..YES
000019 ,1,1,034 215 223 229,STATEASS2,JIM_WOOD,107,148,41,0,~  1MUF,"STATE ASSEMBLY, DISTRIC",JIM WOOD,107,148,0,0,0,0,82,0.00%,"1MUF.STATE ASSEMBLY, DISTRICT 2.JIM WOOD"
000019 ,1,1,034 215 223 229,STATEASS2,KEN_ANTON,25,148,123,0,~  1MUF,"STATE ASSEMBLY, DISTRIC",KEN ANTON,25,148,0,0,0,0,82,0.00%,"1MUF.STATE ASSEMBLY, DISTRICT 2.KEN ANTON"
000019 ,1,1,034 215 223 229,USREP,DALE_K_MENSING,23,148,125,0,~  1MUF,US REPRESENTATIVE IN CO,DALE K. MENSING,23,148,0,0,0,0,92,0.00%,"1MUF.US REPRESENTATIVE IN CONGRESS, DISTRICT 2.DALE K. MENSING"
000019 ,1,1,034 215 223 229,USREP,JARED_W_HUFFMAN,115,148,33,0,~  1MUF,US REPRESENTATIVE IN CO,JARED W. HUFFMAN,115,148,0,0,0,0,92,0.00%,"1MUF.US REPRESENTATIVE IN CONGRESS, DISTRICT 2.JARED W. HUFFMAN"
000019 ,1,1,034 215 223 229,USSEN,KAMALA_D_HARRIS,85,148,63,0,~  1MUF,US SENATOR,KAMALA D. HARRIS,85,148,0,0,0,0,48,0.00%,1MUF.US SENATOR.KAMALA D. HARRIS
000019 ,1,1,034 215 223 229,USSEN,LORETTA_L_SANCHEZ,37,148,111,0,~  1MUF,US SENATOR,LORETTA L. SANCHEZ,37,148,0,0,0,0,48,0.00%,1MUF.US SENATOR.LORETTA L. SANCHEZ
000020 ,2,3,034 215 223,MEAS_Q,NO,51,104,53,1,~  1RV-2,MEASURE Q HUMBOLDT COUN,NO,51,105,0,-1,0,1,14,0.00%,1RV-2.MEASURE Q HUMBOLDT COUNTY CREATION OF FINANCE DEPARTMENT MEASURE..NO
000020 ,2,3,034 215 223,MEAS_U,NO,71,104,33,1,~  1RV-2,MEASURE U LOCAL TRANSPO,NO,71,105,0,-1,0,1,42,0.00%,1RV-2.MEASURE U LOCAL TRANSPORTATION AUTHORITY RETAIL TRANSACTIONS AND USE TAX..NO
000020 ,2,3,034 215 223,MEAS_V,NO,60,104,44,1,~  1RV-2,MEASURE V MOBILE HOME P,NO,60,105,0,-1,0,1,23,0.00%,1RV-2.MEASURE V MOBILE HOME PARK SPACE RENT STABILIZATION..NO
000020 ,1,1,034 215 223,PRES,DONALD_J_TRUMP,54,105,51,0,~  1RV-2,PRESIDENT AND VICE PRES,DONALD J. TRUMP      ,54,105,0,0,0,0,10,0.00%,1RV-2.PRESIDENT AND VICE PRESIDENT.DONALD J. TRUMP      and MICHAEL R. PENCE
000020 ,1,1,034 215 223,PROP_52,NO,44,105,61,0,~  1RV-2,PROPOSITION 52 MEDI-CAL,NO,44,105,0,0,0,0,8,0.00%,1RV-2.PROPOSITION 52 MEDI-CAL HOSPITAL FEE PROGRAM. INITIATIVE CONSTITUTIONAL AMENDMENT AND STATUTE..NO
000020 ,1,1,034 215 223,PROP_52,YES,52,105,53,0,~  1RV-2,PROPOSITION 52 MEDI-CAL,YES,52,105,0,0,0,0,8,0.00%,1RV-2.PROPOSITION 52 MEDI-CAL HOSPITAL FEE PROGRAM. INITIATIVE CONSTITUTIONAL AMENDMENT AND STATUTE..YES
000020 ,1,1,034 215 223,PROP_55,YES,50,105,55,0,~  1RV-2,PROPOSITION 55 TAX EXTE,YES,50,105,0,0,0,0,1,0.00%,1RV-2.PROPOSITION 55 TAX EXTENSION TO FUND EDUCATION AND HEALTHCARE. INITIATIVE CONSTITUTIONAL AMENDMENT..YES
000020 ,1,2,034 215 223,PROP_57,YES,51,105,54,0,~  1RV-2,PROPOSITION 57 CRIMINAL,YES,51,105,0,0,0,0,6,0.00%,1RV-2.PROPOSITION 57 CRIMINAL SENTENCES. PAROLE. JUVENILE CRIMINAL PROCEEDINGS AND SENTENCING. INITIATIVE.YES
000020 ,1,2,034 215 223,PROP_58,NO,32,105,73,0,~  1RV-2,PROPOSITION 58 ENGLISH ,NO,32,105,0,0,0,0,34,0.00%,1RV-2.PROPOSITION 58 ENGLISH PROFICIENCY. MULTILINGUAL EDUCATION. INITIATIVE STATUTE..NO
000020 ,1,2,034 215 223,PROP_58,YES,66,105,39,0,~  1RV-2,PROPOSITION 58 ENGLISH ,YES,66,105,0,0,0,0,34,0.00%,1RV-2.PROPOSITION 58 ENGLISH PROFICIENCY. MULTILINGUAL EDUCATION. INITIATIVE STATUTE..YES
000020 ,1,2,034 215 223,PROP_62,YES,33,105,72,0,~  1RV-2,PROPOSITION 62 DEATH PE,YES,33,105,0,0,0,0,29,0.00%,1RV-2.PROPOSITION 62 DEATH PENALTY. INITIATIVE STATUTE..YES
000020 ,1,2,034 215 223,PROP_63,NO,68,105,37,1,~  1RV-2,PROPOSITION 63 FIREARMS,NO,68,105,0,0,0,0,34,0.00%,1RV-2.PROPOSITION 63 FIREARMS. AMMUNITION SALES. INITIATIVE STATUTE..NO
000020 ,2,3,034 215 223,PROP_64,NO,59,104,45,1,~  1RV-2,PROPOSITION 64 MARIJUAN,NO,59,105,0,-1,0,1,16,0.00%,1RV-2.PROPOSITION 64 MARIJUANA LEGALIZATION. INITIATIVE STATUTE..NO
000020 ,2,3,034 215 223,PROP_65,YES,41,104,63,0,~  1RV-2,PROPOSITION 65 CARRYOUT,YES,41,105,0,-1,0,1,18,0.00%,1RV-2.PROPOSITION 65 CARRYOUT BAGS. CHARGES. INITIATIVE STATUTE..YES
000020 ,2,3,034 215 223,PROP_66,YES,35,104,69,1,~  1RV-2,PROPOSITION 66 DEATH PE,YES,35,105,0,-1,0,1,23,0.00%,1RV-2.PROPOSITION 66 DEATH PENALTY. PROCEDURES. INITIATIVE STATUTE..YES
000020 ,2,3,034 215 223,PROP_67,YES,56,104,48,0,~  1RV-2,PROPOSITION 67 BAN ON S,YES,56,105,0,-1,0,1,11,0.00%,1RV-2.PROPOSITION 67 BAN ON SINGLE-USE PLASTIC BAGS. REFERENDUM..YES
000020 ,1,1,034 215 223,USREP,DALE_K_MENSING,46,105,59,1,~  1RV-2,US REPRESENTATIVE IN CO,DALE K. MENSING,46,105,0,0,0,0,9,0.00%,"1RV-2.US REPRESENTATIVE IN CONGRESS, DISTRICT 2.DALE K. MENSING"
000021 ,2,3,004 005 039 040 069 155 156 224 233 243,MEAS_R,YES,422,1055,633,2,~  1SB-1,MEASURE R HUMBOLDT COUN,YES,422,1059,0,-4,0,4,100,0.00%,1SB-1.MEASURE R HUMBOLDT COUNTY FINANCE DEPARTMENT ELECTIVE OFFICE MEASURE..YES
000021 ,2,3,004 005 039 040 069 155 156 224 233 243,MEAS_S,NO,335,1055,720,0,~  1SB-1,MEASURE S HUMBOLDT COUN,NO,335,1059,0,-4,0,4,320,0.00%,1SB-1.MEASURE S HUMBOLDT COUNTY COMMERCIAL MARIJUANA CULTIVATION MEASURE..NO
000021 ,2,3,004 005 039 040 069 155 156 224 233 243,MEAS_S,YES,655,1055,400,0,~  1SB-1,MEASURE S HUMBOLDT COUN,YES,655,1059,0,-4,0,4,320,0.00%,1SB-1.MEASURE S HUMBOLDT COUNTY COMMERCIAL MARIJUANA CULTIVATION MEASURE..YES
000021 ,2,3,004 005 039 040 069 155 156 224 233 243,MEAS_U,NO,592,1055,463,2,~  1SB-1,MEASURE U LOCAL TRANSPO,NO,592,1059,0,-4,0,4,216,0.00%,1SB-1.MEASURE U LOCAL TRANSPORTATION AUTHORITY RETAIL TRANSACTIONS AND USE TAX..NO
000021 ,2,3,004 005 039 040 069 155 156 224 233 243,MEAS_V,NO,505,1055,550,0,~  1SB-1,MEASURE V MOBILE HOME P,NO,505,1059,0,-4,0,4,25,0.00%,1SB-1.MEASURE V MOBILE HOME PARK SPACE RENT STABILIZATION..NO
000021 ,2,3,004 005 039 040 069 155 156 224 233 243,MEAS_V,YES,480,1055,575,0,~  1SB-1,MEASURE V MOBILE HOME P,YES,480,1059,0,-4,0,4,25,0.00%,1SB-1.MEASURE V MOBILE HOME PARK SPACE RENT STABILIZATION..YES
000021 ,1,1,004 005 039 040 068 069 155 156 224 229 233 243,PRES,JILL_STEIN,43,1059,1016,0,~  1SB-1,PRESIDENT AND VICE PRES,JILL STEIN      and A,43,1059,0,0,0,0,30,0.00%,1SB-1.PRESIDENT AND VICE PRESIDENT.JILL STEIN      and AJAMU BARAKA
000021 ,1,1,004 005 039 040 068 069 155 156 224 229 233 243,PRES,Write_in,42,1059,1017,0,~  1SB-1,PRESIDENT AND VICE PRES,Write_in,42,1059,0,0,0,0,30,0.00%,1SB-1.PRESIDENT AND VICE PRESIDENT.Write_in
000021 ,1,1,004 005 039 040 068 069 155 156 224 229 233 243,PROP_51,YES,435,1059,624,0,~  1SB-1,PROPOSITION 51 SCHOOL B,YES,435,1059,0,0,0,0,137,0.00%,1SB-1.PROPOSITION 51 SCHOOL BONDS. FUNDING FOR K-12 SCHOOL AND COMMUNITY COLLEGE FACILITIES. INITIATIVE.YES
000021 ,1,1,004 005 039 040 068 069 155 156 224 229 233 243,PROP_53,YES,498,1059,561,2,~  1SB-1,PROPOSITION 53 REVENUE ,YES,498,1059,0,0,0,0,6,0.00%,1SB-1.PROPOSITION 53 REVENUE BONDS. STATEWIDE VOTER APPROVAL. INITIATIVE CONSTITUTIONAL AMENDMENT..YES
000021 ,1,2,004 005 039 040 068 069 155 156 224 229 233 243,PROP_58,YES,723,1059,336,0,~  1SB-1,PROPOSITION 58 ENGLISH ,YES,723,1059,0,0,0,0,454,0.00%,1SB-1.PROPOSITION 58 ENGLISH PROFICIENCY. MULTILINGUAL EDUCATION. INITIATIVE STATUTE..YES
000021 ,1,2,004 005 039 040 068 069 155 156 224 229 233 243,PROP_59,YES,503,1059,556,1,~  1SB-1,PROPOSITION 59 CORPORAT,YES,503,1059,0,0,0,0,65,0.00%,1SB-1.PROPOSITION 59 CORPORATIONS. POLITICAL SPENDING. FEDERAL CONSTITUTIONAL PROTECTIONS..YES
000021 ,1,2,004 005 039 040 068 069 155 156 224 229 233 243,PROP_60,NO,566,1059,493,0,~  1SB-1,PROPOSITION 60 ADULT FI,NO,566,1059,0,0,0,0,154,0.00%,1SB-1.PROPOSITION 60 ADULT FILMS. CONDOMS. HEALTH REQUIREMENTS. INITIATIVE STATUTE..NO
000021 ,1,2,004 005 039 040 068 069 155 156 224 229 233 243,PROP_60,YES,412,1059,647,0,~  1SB-1,PROPOSITION 60 ADULT FI,YES,412,1059,0,0,0,0,154,0.00%,1SB-1.PROPOSITION 60 ADULT FILMS. CONDOMS. HEALTH REQUIREMENTS. INITIATIVE STATUTE..YES
000021 ,2,3,004 005 039 040 069 155 156 224 233 243,PROP_64,NO,461,1055,594,1,~  1SB-1,PROPOSITION 64 MARIJUAN,NO,461,1059,0,-4,0,4,108,0.00%,1SB-1.PROPOSITION 64 MARIJUANA LEGALIZATION. INITIATIVE STATUTE..NO
000021 ,1,1,004 005 039 040 068 069 155 156 224 229 233 243,STATEASS2,JIM_WOOD,600,1059,459,0,~  1SB-1,"STATE ASSEMBLY, DISTRIC",JIM WOOD,600,1059,0,0,0,0,304,0.00%,"1SB-1.STATE ASSEMBLY, DISTRICT 2.JIM WOOD"
000021 ,1,1,004 005 039 040 068 069 155 156 224 229 233 243,STATEASS2,KEN_ANTON,296,1059,763,0,~  1SB-1,"STATE ASSEMBLY, DISTRIC",KEN ANTON,296,1059,0,0,0,0,304,0.00%,"1SB-1.STATE ASSEMBLY, DISTRICT 2.KEN ANTON"
000021 ,1,1,004 005 039 040 068 069 155 156 224 229 233 243,USREP,DALE_K_MENSING,362,1059,697,0,~  1SB-1,US REPRESENTATIVE IN CO,DALE K. MENSING,362,1059,0,0,0,0,268,0.00%,"1SB-1.US REPRESENTATIVE IN CONGRESS, DISTRICT 2.DALE K. MENSING"
000021 ,1,1,004 005 039 040 068 069 155 156 224 229 233 243,USREP,JARED_W_HUFFMAN,630,1059,429,0,~  1SB-1,US REPRESENTATIVE IN CO,JARED W. HUFFMAN,630,1059,0,0,0,0,268,0.00%,"1SB-1.US REPRESENTATIVE IN CONGRESS, DISTRICT 2.JARED W. HUFFMAN"
000022 ,2,3,003 004 043 067 156 157 224 233 243,MEAS_N,BONDS_NO,360,940,580,1,~  1SB-4,MEASURE N SOUTH BAY UNI,BONDS NO,360,944,0,-4,0,4,159,0.00%,1SB-4.MEASURE N SOUTH BAY UNION SCHOOL DISTRICT BOND MEASURE..BONDS NO
000022 ,2,3,003 004 043 067 156 157 224 233 243,MEAS_V,NO,397,940,543,1,~  1SB-4,MEASURE V MOBILE HOME P,NO,397,944,0,-4,0,4,83,0.00%,1SB-4.MEASURE V MOBILE HOME PARK SPACE RENT STABILIZATION..NO
000022 ,1,1,003 004 043 067 068 156 157 224 229 233 243,PRES,DONALD_J_TRUMP,352,944,592,0,~  1SB-4,PRESIDENT AND VICE PRES,DONALD J. TRUMP      ,352,944,0,0,0,0,89,0.00%,1SB-4.PRESIDENT AND VICE PRESIDENT.DONALD J. TRUMP      and MICHAEL R. PENCE
000022 ,1,1,003 004 043 067 068 156 157 224 229 233 243,PRES,GARY_JOHNSON,42,944,902,0,~  1SB-4,PRESIDENT AND VICE PRES,GARY JOHNSON      and,42,944,0,0,0,0,89,0.00%,1SB-4.PRESIDENT AND VICE PRESIDENT.GARY JOHNSON      and BILL WELD
000022 ,1,1,003 004 043 067 068 156 157 224 229 233 243,PRES,GLORIA_ESTELA_LA_RIVA,10,944,934,0,~  1SB-4,PRESIDENT AND VICE PRES,GLORIA ESTELA LA RIVA,10,944,0,0,0,0,89,0.00%,1SB-4.PRESIDENT AND VICE PRESIDENT.GLORIA ESTELA LA RIVA      and DENNIS J. BANKS
000022 ,1,1,003 004 043 067 068 156 157 224 229 233 243,PRES,HILLARY_CLINTON,441,944,503,0,~  1SB-4,PRESIDENT AND VICE PRES,HILLARY CLINTON      ,441,944,0,0,0,0,89,0.00%,1SB-4.PRESIDENT AND VICE PRESIDENT.HILLARY CLINTON      and TIM KAINE
000022 ,1,1,003 004 043 067 068 156 157 224 229 233 243,PRES,JILL_STEIN,38,944,906,0,~  1SB-4,PRESIDENT AND VICE PRES,JILL STEIN      and A,38,944,0,0,0,0,89,0.00%,1SB-4.PRESIDENT AND VICE PRESIDENT.JILL STEIN      and AJAMU BARAKA
000022 ,1,1,003 004 043 067 068 156 157 224 229 233 243,PRES,Write_in,42,944,902,0,~  1SB-4,PRESIDENT AND VICE PRES,Write_in,42,944,0,0,0,0,89,0.00%,1SB-4.PRESIDENT AND VICE PRESIDENT.Write_in
000022 ,1,1,003 004 043 067 068 156 157 224 229 233 243,PROP_53,NO,424,944,520,0,~  1SB-4,PROPOSITION 53 REVENUE ,NO,424,944,0,0,0,0,20,0.00%,1SB-4.PROPOSITION 53 REVENUE BONDS. STATEWIDE VOTER APPROVAL. INITIATIVE CONSTITUTIONAL AMENDMENT..NO
000022 ,1,1,003 004 043 067 068 156 157 224 229 233 243,PROP_53,YES,444,944,500,0,~  1SB-4,PROPOSITION 53 REVENUE ,YES,444,944,0,0,0,0,20,0.00%,1SB-4.PROPOSITION 53 REVENUE BONDS. STATEWIDE VOTER APPROVAL. INITIATIVE CONSTITUTIONAL AMENDMENT..YES
000022 ,1,1,003 004 043 067 068 156 157 224 229 233 243,PROP_54,NO,328,944,616,0,~  1SB-4,PROPOSITION 54 LEGISLAT,NO,328,944,0,0,0,0,213,0.00%,1SB-4.PROPOSITION 54 LEGISLATURE. LEGISLATION AND PROCEEDINGS. INITIATIVE CONSTITUTIONAL AMENDMENT AND.NO
000022 ,1,1,003 004 043 067 068 156 157 224 229 233 243,PROP_54,YES,541,944,403,0,~  1SB-4,PROPOSITION 54 LEGISLAT,YES,541,944,0,0,0,0,213,0.00%,1SB-4.PROPOSITION 54 LEGISLATURE. LEGISLATION AND PROCEEDINGS. INITIATIVE CONSTITUTIONAL AMENDMENT AND.YES
000022 ,1,2,003 004 043 067 068 156 157 224 229 233 243,PROP_56,NO,420,944,524,2,~  1SB-4,PROPOSITION 56 CIGARETT,NO,420,944,0,0,0,0,63,0.00%,"1SB-4.PROPOSITION 56 CIGARETTE TAX TO FUND HEALTHCARE, TOBACCO USE PREVENTION, RESEARCH, AND.NO"
000022 ,1,2,003 004 043 067 068 156 157 224 229 233 243,PROP_58,NO,187,944,757,1,~  1SB-4,PROPOSITION 58 ENGLISH ,NO,187,944,0,0,0,0,505,0.00%,1SB-4.PROPOSITION 58 ENGLISH PROFICIENCY. MULTILINGUAL EDUCATION. INITIATIVE STATUTE..NO
000022 ,1,2,003 004 043 067 068 156 157 224 229 233 243,PROP_58,YES,692,944,252,1,~  1SB-4,PROPOSITION 58 ENGLISH ,YES,692,944,0,0,0,0,505,0.00%,1SB-4.PROPOSITION 58 ENGLISH PROFICIENCY. MULTILINGUAL EDUCATION. INITIATIVE STATUTE..YES
000022 ,1,2,003 004 043 067 068 156 157 224 229 233 243,PROP_59,YES,443,944,501,2,~  1SB-4,PROPOSITION 59 CORPORAT,YES,443,944,0,0,0,0,51,0.00%,1SB-4.PROPOSITION 59 CORPORATIONS. POLITICAL SPENDING. FEDERAL CONSTITUTIONAL PROTECTIONS..YES
000022 ,1,2,003 004 043 067 068 156 157 224 229 233 243,PROP_60,NO,520,944,424,0,~  1SB-4,PROPOSITION 60 ADULT FI,NO,520,944,0,0,0,0,180,0.00%,1SB-4.PROPOSITION 60 ADULT FILMS. CONDOMS. HEALTH REQUIREMENTS. INITIATIVE STATUTE..NO
000022 ,1,2,003 004 043 067 068 156 157 224 229 233 243,PROP_60,YES,340,944,604,0,~  1SB-4,PROPOSITION 60 ADULT FI,YES,340,944,0,0,0,0,180,0.00%,1SB-4.PROPOSITION 60 ADULT FILMS. CONDOMS. HEALTH REQUIREMENTS. INITIATIVE STATUTE..YES
000022 ,1,2,003 004 043 067 068 156 157 224 229 233 243,PROP_61,YES,476,944,468,2,~  1SB-4,PROPOSITION 61 STATE PR,YES,476,944,0,0,0,0,90,0.00%,1SB-4.PROPOSITION 61 STATE PRESCRIPTION DRUG PURCHASES. PRICING STANDARDS. INITIATIVE STATUTE..YES
000022 ,1,1,003 004 043 067 068 156 157 224 229 233 243,STATEASS2,KEN_ANTON,267,944,677,0,~  1SB-4,"STATE ASSEMBLY, DISTRIC",KEN ANTON,267,944,0,0,0,0,280,0.00%,"1SB-4.STATE ASSEMBLY, DISTRICT 2.KEN ANTON"
000022 ,1,1,003 004 043 067 068 156 157 224 229 233 243,USREP,JARED_W_HUFFMAN,592,944,352,1,~  1SB-4,US REPRESENTATIVE IN CO,JARED W. HUFFMAN,592,944,0,0,0,0,304,0.00%,"1SB-4.US REPRESENTATIVE IN CONGRESS, DISTRICT 2.JARED W. HUFFMAN"
000023 ,2,3,005 042 043 067 072 159 160 224 233 243,MEAS_U,NO,449,831,382,1,~  1SB10,MEASURE U LOCAL TRANSPO,NO,449,831,0,0,0,0,132,0.00%,1SB10.MEASURE U LOCAL TRANSPORTATION AUTHORITY RETAIL TRANSACTIONS AND USE TAX..NO
000023 ,1,1,005 042 043 072 073 159 160 224 229 233 243,PRES,GARY_JOHNSON,34,832,798,0,~  1SB10,PRESIDENT AND VICE PRES,GARY JOHNSON      and,34,831,0,1,0,1,75,0.00%,1SB10.PRESIDENT AND VICE PRESIDENT.GARY JOHNSON      and BILL WELD
000023 ,1,1,005 042 043 072 073 159 160 224 229 233 243,PRES,GLORIA_ESTELA_LA_RIVA,4,832,828,0,~  1SB10,PRESIDENT AND VICE PRES,GLORIA ESTELA LA RIVA,4,831,0,1,0,1,75,0.00%,1SB10.PRESIDENT AND VICE PRESIDENT.GLORIA ESTELA LA RIVA      and DENNIS J. BANKS
000023 ,1,1,005 042 043 072 073 159 160 224 229 233 243,PRES,HILLARY_CLINTON,401,832,431,0,~  1SB10,PRESIDENT AND VICE PRES,HILLARY CLINTON      ,401,831,0,1,0,1,75,0.00%,1SB10.PRESIDENT AND VICE PRESIDENT.HILLARY CLINTON      and TIM KAINE
000023 ,1,1,005 042 043 072 073 159 160 224 229 233 243,PRES,JILL_STEIN,26,832,806,1,~  1SB10,PRESIDENT AND VICE PRES,JILL STEIN      and A,26,831,0,1,0,1,75,0.00%,1SB10.PRESIDENT AND VICE PRESIDENT.JILL STEIN      and AJAMU BARAKA
000023 ,1,2,005 042 043 072 073 159 160 224 229 233 243,PROP_58,NO,160,832,672,1,~  1SB10,PROPOSITION 58 ENGLISH ,NO,160,831,0,1,0,1,465,0.00%,1SB10.PROPOSITION 58 ENGLISH PROFICIENCY. MULTILINGUAL EDUCATION. INITIATIVE STATUTE..NO
000023 ,1,2,005 042 043 072 073 159 160 224 229 233 243,PROP_62,YES,333,832,499,3,~  1SB10,PROPOSITION 62 DEATH PE,YES,333,831,0,1,0,1,118,0.00%,1SB10.PROPOSITION 62 DEATH PENALTY. INITIATIVE STATUTE..YES
000023 ,2,3,005 042 043 067 072 159 160 224 233 243,PROP_67,NO,367,831,464,0,~  1SB10,PROPOSITION 67 BAN ON S,NO,367,831,0,0,0,0,62,0.00%,1SB10.PROPOSITION 67 BAN ON SINGLE-USE PLASTIC BAGS. REFERENDUM..NO
000023 ,2,3,005 042 043 067 072 159 160 224 233 243,PROP_67,YES,429,831,402,0,~  1SB10,PROPOSITION 67 BAN ON S,YES,429,831,0,0,0,0,62,0.00%,1SB10.PROPOSITION 67 BAN ON SINGLE-USE PLASTIC BAGS. REFERENDUM..YES
000023 ,1,1,005 042 043 072 073 159 160 224 229 233 243,USSEN,LORETTA_L_SANCHEZ,220,832,612,0,~  1SB10,US SENATOR,LORETTA L. SANCHEZ,220,831,0,1,0,1,218,0.00%,1SB10.US SENATOR.LORETTA L. SANCHEZ
000024 ,2,3,034 215 216 223,MEAS_N,BONDS_NO,86,175,89,1,~  1SB12,MEASURE N SOUTH BAY UNI,BONDS NO,86,175,0,0,0,0,11,0.00%,1SB12.MEASURE N SOUTH BAY UNION SCHOOL DISTRICT BOND MEASURE..BONDS NO
000024 ,2,3,034 215 216 223,MEAS_Q,NO,74,175,101,2,~  1SB12,MEASURE Q HUMBOLDT COUN,NO,74,175,0,0,0,0,6,0.00%,1SB12.MEASURE Q HUMBOLDT COUNTY CREATION OF FINANCE DEPARTMENT MEASURE..NO
000024 ,2,3,034 215 216 223,MEAS_R,NO,83,175,92,0,~  1SB12,MEASURE R HUMBOLDT COUN,NO,83,175,0,0,0,0,10,0.00%,1SB12.MEASURE R HUMBOLDT COUNTY FINANCE DEPARTMENT ELECTIVE OFFICE MEASURE..NO
000024 ,2,3,034 215 216 223,MEAS_R,YES,73,175,102,0,~  1SB12,MEASURE R HUMBOLDT COUN,YES,73,175,0,0,0,0,10,0.00%,1SB12.MEASURE R HUMBOLDT COUNTY FINANCE DEPARTMENT ELECTIVE OFFICE MEASURE..YES
000024 ,2,3,034 215 216 223,MEAS_S,NO,45,175,130,0,~  1SB12,MEASURE S HUMBOLDT COUN,NO,45,175,0,0,0,0,78,0.00%,1SB12.MEASURE S HUMBOLDT COUNTY COMMERCIAL MARIJUANA CULTIVATION MEASURE..NO
000024 ,2,3,034 215 216 223,MEAS_S,YES,123,175,52,0,~  1SB12,MEASURE S HUMBOLDT COUN,YES,123,175,0,0,0,0,78,0.00%,1SB12.MEASURE S HUMBOLDT COUNTY COMMERCIAL MARIJUANA CULTIVATION MEASURE..YES
000024 ,2,3,034 215 216 223,MEAS_U,NO,106,175,69,0,~  1SB12,MEASURE U LOCAL TRANSPO,NO,106,175,0,0,0,0,48,0.00%,1SB12.MEASURE U LOCAL TRANSPORTATION AUTHORITY RETAIL TRANSACTIONS AND USE TAX..NO
000024 ,2,3,034 215 216 223,MEAS_U,YES,58,175,117,0,~  1SB12,MEASURE U LOCAL TRANSPO,YES,58,175,0,0,0,0,48,0.00%,1SB12.MEASURE U LOCAL TRANSPORTATION AUTHORITY RETAIL TRANSACTIONS AND USE TAX..YES
000024 ,2,3,034 215 216 223,MEAS_V,NO,94,175,81,0,~  1SB12,MEASURE V MOBILE HOME P,NO,94,175,0,0,0,0,22,0.00%,1SB12.MEASURE V MOBILE HOME PARK SPACE RENT STABILIZATION..NO
000024 ,2,3,034 215 216 223,MEAS_V,YES,72,175,103,0,~  1SB12,MEASURE V MOBILE HOME P,YES,72,175,0,0,0,0,22,0.00%,1SB12.MEASURE V MOBILE HOME PARK SPACE RENT STABILIZATION..YES
000024 ,1,1,034 215 216 223,PRES,DONALD_J_TRUMP,70,175,105,0,~  1SB12,PRESIDENT AND VICE PRES,DONALD J. TRUMP      ,70,175,0,0,0,0,0,--,1SB12.PRESIDENT AND VICE PRESIDENT.DONALD J. TRUMP      and MICHAEL R. PENCE
000024 ,1,1,034 215 216 223,PRES,GARY_JOHNSON,10,175,165,0,~  1SB12,PRESIDENT AND VICE PRES,GARY JOHNSON      and,10,175,0,0,0,0,0,--,1SB12.PRESIDENT AND VICE PRESIDENT.GARY JOHNSON      and BILL WELD
000024 ,1,1,034 215 216 223,PRES,GLORIA_ESTELA_LA_RIVA,2,175,173,0,~  1SB12,PRESIDENT AND VICE PRES,GLORIA ESTELA LA RIVA,2,175,0,0,0,0,0,--,1SB12.PRESIDENT AND VICE PRESIDENT.GLORIA ESTELA LA RIVA      and DENNIS J. BANKS
000024 ,1,1,034 215 216 223,PRES,JILL_STEIN,11,175,164,0,~  1SB12,PRESIDENT AND VICE PRES,JILL STEIN      and A,11,175,0,0,0,0,0,--,1SB12.PRESIDENT AND VICE PRESIDENT.JILL STEIN      and AJAMU BARAKA
000024 ,1,1,034 215 216 223,PROP_52,NO,65,175,110,2,~  1SB12,PROPOSITION 52 MEDI-CAL,NO,65,175,0,0,0,0,35,0.00%,1SB12.PROPOSITION 52 MEDI-CAL HOSPITAL FEE PROGRAM. INITIATIVE CONSTITUTIONAL AMENDMENT AND STATUTE..NO
000024 ,1,1,034 215 216 223,PROP_53,NO,78,175,97,1,~  1SB12,PROPOSITION 53 REVENUE ,NO,78,175,0,0,0,0,8,0.00%,1SB12.PROPOSITION 53 REVENUE BONDS. STATEWIDE VOTER APPROVAL. INITIATIVE CONSTITUTIONAL AMENDMENT..NO
000024 ,1,1,034 215 216 223,PROP_53,YES,86,175,89,1,~  1SB12,PROPOSITION 53 REVENUE ,YES,86,175,0,0,0,0,8,0.00%,1SB12.PROPOSITION 53 REVENUE BONDS. STATEWIDE VOTER APPROVAL. INITIATIVE CONSTITUTIONAL AMENDMENT..YES
000024 ,1,1,034 215 216 223,PROP_55,NO,73,175,102,1,~  1SB12,PROPOSITION 55 TAX EXTE,NO,73,175,0,0,0,0,20,0.00%,1SB12.PROPOSITION 55 TAX EXTENSION TO FUND EDUCATION AND HEALTHCARE. INITIATIVE CONSTITUTIONAL AMENDMENT..NO
000024 ,1,2,034 215 216 223,PROP_56,NO,72,175,103,0,~  1SB12,PROPOSITION 56 CIGARETT,NO,72,175,0,0,0,0,25,0.00%,"1SB12.PROPOSITION 56 CIGARETTE TAX TO FUND HEALTHCARE, TOBACCO USE PREVENTION, RESEARCH, AND.NO"
000024 ,1,2,034 215 216 223,PROP_56,YES,97,175,78,0,~  1SB12,PROPOSITION 56 CIGARETT,YES,97,175,0,0,0,0,25,0.00%,"1SB12.PROPOSITION 56 CIGARETTE TAX TO FUND HEALTHCARE, TOBACCO USE PREVENTION, RESEARCH, AND.YES"
000024 ,1,2,034 215 216 223,PROP_57,NO,76,175,99,0,~  1SB12,PROPOSITION 57 CRIMINAL,NO,76,175,0,0,0,0,14,0.00%,1SB12.PROPOSITION 57 CRIMINAL SENTENCES. PAROLE. JUVENILE CRIMINAL PROCEEDINGS AND SENTENCING. INITIATIVE.NO
000024 ,1,2,034 215 216 223,PROP_57,YES,90,175,85,0,~  1SB12,PROPOSITION 57 CRIMINAL,YES,90,175,0,0,0,0,14,0.00%,1SB12.PROPOSITION 57 CRIMINAL SENTENCES. PAROLE. JUVENILE CRIMINAL PROCEEDINGS AND SENTENCING. INITIATIVE.YES
000024 ,1,2,034 215 216 223,PROP_58,NO,51,175,124,0,~  1SB12,PROPOSITION 58 ENGLISH ,NO,51,175,0,0,0,0,62,0.00%,1SB12.PROPOSITION 58 ENGLISH PROFICIENCY. MULTILINGUAL EDUCATION. INITIATIVE STATUTE..NO
000024 ,1,2,034 215 216 223,PROP_58,YES,113,175,62,0,~  1SB12,PROPOSITION 58 ENGLISH ,YES,113,175,0,0,0,0,62,0.00%,1SB12.PROPOSITION 58 ENGLISH PROFICIENCY. MULTILINGUAL EDUCATION. INITIATIVE STATUTE..YES
000024 ,1,2,034 215 216 223,PROP_59,NO,82,175,93,0,~  1SB12,PROPOSITION 59 CORPORAT,NO,82,175,0,0,0,0,6,0.00%,1SB12.PROPOSITION 59 CORPORATIONS. POLITICAL SPENDING. FEDERAL CONSTITUTIONAL PROTECTIONS..NO
000024 ,1,2,034 215 216 223,PROP_59,YES,76,175,99,0,~  1SB12,PROPOSITION 59 CORPORAT,YES,76,175,0,0,0,0,6,0.00%,1SB12.PROPOSITION 59 CORPORATIONS. POLITICAL SPENDING. FEDERAL CONSTITUTIONAL PROTECTIONS..YES
000024 ,1,2,034 215 216 223,PROP_60,NO,99,175,76,0,~  1SB12,PROPOSITION 60 ADULT FI,NO,99,175,0,0,0,0,34,0.00%,1SB12.PROPOSITION 60 ADULT FILMS. CONDOMS. HEALTH REQUIREMENTS. INITIATIVE STATUTE..NO
000024 ,1,2,034 215 216 223,PROP_60,YES,65,175,110,0,~  1SB12,PROPOSITION 60 ADULT FI,YES,65,175,0,0,0,0,34,0.00%,1SB12.PROPOSITION 60 ADULT FILMS. CONDOMS. HEALTH REQUIREMENTS. INITIATIVE STATUTE..YES
000024 ,1,2,034 215 216 223,PROP_61,NO,79,175,96,0,~  1SB12,PROPOSITION 61 STATE PR,NO,79,175,0,0,0,0,1,0.00%,1SB12.PROPOSITION 61 STATE PRESCRIPTION DRUG PURCHASES. PRICING STANDARDS. INITIATIVE STATUTE..NO
000024 ,1,2,034 215 216 223,PROP_61,YES,80,175,95,0,~  1SB12,PROPOSITION 61 STATE PR,YES,80,175,0,0,0,0,1,0.00%,1SB12.PROPOSITION 61 STATE PRESCRIPTION DRUG PURCHASES. PRICING STANDARDS. INITIATIVE STATUTE..YES
000024 ,1,2,034 215 216 223,PROP_62,NO,102,175,73,1,~  1SB12,PROPOSITION 62 DEATH PE,NO,102,175,0,0,0,0,38,0.00%,1SB12.PROPOSITION 62 DEATH PENALTY. INITIATIVE STATUTE..NO
000024 ,1,2,034 215 216 223,PROP_63,NO,99,175,76,0,~  1SB12,PROPOSITION 63 FIREARMS,NO,99,175,0,0,0,0,28,0.00%,1SB12.PROPOSITION 63 FIREARMS. AMMUNITION SALES. INITIATIVE STATUTE..NO
000024 ,1,2,034 215 216 223,PROP_63,YES,71,175,104,0,~  1SB12,PROPOSITION 63 FIREARMS,YES,71,175,0,0,0,0,28,0.00%,1SB12.PROPOSITION 63 FIREARMS. AMMUNITION SALES. INITIATIVE STATUTE..YES
000024 ,2,3,034 215 216 223,PROP_64,NO,90,175,85,2,~  1SB12,PROPOSITION 64 MARIJUAN,NO,90,175,0,0,0,0,9,0.00%,1SB12.PROPOSITION 64 MARIJUANA LEGALIZATION. INITIATIVE STATUTE..NO
000024 ,2,3,034 215 216 223,PROP_65,NO,101,175,74,0,~  1SB12,PROPOSITION 65 CARRYOUT,NO,101,175,0,0,0,0,33,0.00%,1SB12.PROPOSITION 65 CARRYOUT BAGS. CHARGES. INITIATIVE STATUTE..NO
000024 ,2,3,034 215 216 223,PROP_65,YES,68,175,107,0,~  1SB12,PROPOSITION 65 CARRYOUT,YES,68,175,0,0,0,0,33,0.00%,1SB12.PROPOSITION 65 CARRYOUT BAGS. CHARGES. INITIATIVE STATUTE..YES
000024 ,2,3,034 215 216 223,PROP_66,NO,73,175,102,0,~  1SB12,PROPOSITION 66 DEATH PE,NO,73,175,0,0,0,0,12,0.00%,1SB12.PROPOSITION 66 DEATH PENALTY. PROCEDURES. INITIATIVE STATUTE..NO
000024 ,2,3,034 215 216 223,PROP_66,YES,85,175,90,0,~  1SB12,PROPOSITION 66 DEATH PE,YES,85,175,0,0,0,0,12,0.00%,1SB12.PROPOSITION 66 DEATH PENALTY. PROCEDURES. INITIATIVE STATUTE..YES
000024 ,2,3,034 215 216 223,PROP_67,NO,83,175,92,0,~  1SB12,PROPOSITION 67 BAN ON S,NO,83,175,0,0,0,0,5,0.00%,1SB12.PROPOSITION 67 BAN ON SINGLE-USE PLASTIC BAGS. REFERENDUM..NO
000024 ,2,3,034 215 216 223,PROP_67,YES,88,175,87,0,~  1SB12,PROPOSITION 67 BAN ON S,YES,88,175,0,0,0,0,5,0.00%,1SB12.PROPOSITION 67 BAN ON SINGLE-USE PLASTIC BAGS. REFERENDUM..YES
000024 ,1,1,034 215 216 223,STATEASS2,KEN_ANTON,64,175,111,1,~  1SB12,"STATE ASSEMBLY, DISTRIC",KEN ANTON,64,175,0,0,0,0,16,0.00%,"1SB12.STATE ASSEMBLY, DISTRICT 2.KEN ANTON"
000025 ,2,3,005 042 071 161 224 233 243,MEAS_Q,NO,195,392,197,0,~  1SU,MEASURE Q HUMBOLDT COUN,NO,195,392,0,0,0,0,50,0.00%,1SU.MEASURE Q HUMBOLDT COUNTY CREATION OF FINANCE DEPARTMENT MEASURE..NO
000025 ,2,3,005 042 071 161 224 233 243,MEAS_Q,YES,145,392,247,0,~  1SU,MEASURE Q HUMBOLDT COUN,YES,145,392,0,0,0,0,50,0.00%,1SU.MEASURE Q HUMBOLDT COUNTY CREATION OF FINANCE DEPARTMENT MEASURE..YES
000025 ,2,3,005 042 071 161 224 233 243,MEAS_R,NO,203,392,189,0,~  1SU,MEASURE R HUMBOLDT COUN,NO,203,392,0,0,0,0,66,0.00%,1SU.MEASURE R HUMBOLDT COUNTY FINANCE DEPARTMENT ELECTIVE OFFICE MEASURE..NO
000025 ,2,3,005 042 071 161 224 233 243,MEAS_R,YES,137,392,255,0,~  1SU,MEASURE R HUMBOLDT COUN,YES,137,392,0,0,0,0,66,0.00%,1SU.MEASURE R HUMBOLDT COUNTY FINANCE DEPARTMENT ELECTIVE OFFICE MEASURE..YES
000025 ,2,3,005 042 071 161 224 233 243,MEAS_S,YES,200,392,192,1,~  1SU,MEASURE S HUMBOLDT COUN,YES,200,392,0,0,0,0,35,0.00%,1SU.MEASURE S HUMBOLDT COUNTY COMMERCIAL MARIJUANA CULTIVATION MEASURE..YES
000025 ,2,3,005 042 071 161 224 233 243,MEAS_U,NO,233,392,159,0,~  1SU,MEASURE U LOCAL TRANSPO,NO,233,392,0,0,0,0,109,0.00%,1SU.MEASURE U LOCAL TRANSPORTATION AUTHORITY RETAIL TRANSACTIONS AND USE TAX..NO
000025 ,2,3,005 042 071 161 224 233 243,MEAS_V,NO,222,392,170,0,~  1SU,MEASURE V MOBILE HOME P,NO,222,392,0,0,0,0,85,0.00%,1SU.MEASURE V MOBILE HOME PARK SPACE RENT STABILIZATION..NO
000025 ,2,3,005 042 071 161 224 233 243,MEAS_V,YES,137,392,255,0,~  1SU,MEASURE V MOBILE HOME P,YES,137,392,0,0,0,0,85,0.00%,1SU.MEASURE V MOBILE HOME PARK SPACE RENT STABILIZATION..YES
000025 ,1,1,005 042 071 072 161 224 233 243,PRES,DONALD_J_TRUMP,217,392,175,0,~  1SU,PRESIDENT AND VICE PRES,DONALD J. TRUMP      ,217,392,0,0,0,0,92,0.00%,1SU.PRESIDENT AND VICE PRESIDENT.DONALD J. TRUMP      and MICHAEL R. PENCE
000025 ,1,1,005 042 071 072 161 224 233 243,PRES,GARY_JOHNSON,15,392,377,0,~  1SU,PRESIDENT AND VICE PRES,GARY JOHNSON      and,15,392,0,0,0,0,92,0.00%,1SU.PRESIDENT AND VICE PRESIDENT.GARY JOHNSON      and BILL WELD
000025 ,1,1,005 042 071 072 161 224 233 243,PRES,HILLARY_CLINTON,125,392,267,0,~  1SU,PRESIDENT AND VICE PRES,HILLARY CLINTON      ,125,392,0,0,0,0,92,0.00%,1SU.PRESIDENT AND VICE PRESIDENT.HILLARY CLINTON      and TIM KAINE
000025 ,1,1,005 042 071 072 161 224 233 243,PRES,JILL_STEIN,13,392,379,0,~  1SU,PRESIDENT AND VICE PRES,JILL STEIN      and A,13,392,0,0,0,0,92,0.00%,1SU.PRESIDENT AND VICE PRESIDENT.JILL STEIN      and AJAMU BARAKA
000025 ,1,1,005 042 071 072 161 224 233 243,PRES,Write_in,12,392,380,0,~  1SU,PRESIDENT AND VICE PRES,Write_in,12,392,0,0,0,0,92,0.00%,1SU.PRESIDENT AND VICE PRESIDENT.Write_in
000025 ,1,1,005 042 071 072 161 224 233 243,PROP_51,NO,199,392,193,0,~  1SU,PROPOSITION 51 SCHOOL B,NO,199,392,0,0,0,0,29,0.00%,1SU.PROPOSITION 51 SCHOOL BONDS. FUNDING FOR K-12 SCHOOL AND COMMUNITY COLLEGE FACILITIES. INITIATIVE.NO
000025 ,1,1,005 042 071 072 161 224 233 243,PROP_51,YES,170,392,222,0,~  1SU,PROPOSITION 51 SCHOOL B,YES,170,392,0,0,0,0,29,0.00%,1SU.PROPOSITION 51 SCHOOL BONDS. FUNDING FOR K-12 SCHOOL AND COMMUNITY COLLEGE FACILITIES. INITIATIVE.YES
000025 ,1,1,005 042 071 072 161 224 233 243,PROP_52,NO,165,392,227,0,~  1SU,PROPOSITION 52 MEDI-CAL,NO,165,392,0,0,0,0,43,0.00%,1SU.PROPOSITION 52 MEDI-CAL HOSPITAL FEE PROGRAM. INITIATIVE CONSTITUTIONAL AMENDMENT AND STATUTE..NO
000025 ,1,1,005 042 071 072 161 224 233 243,PROP_52,YES,208,392,184,0,~  1SU,PROPOSITION 52 MEDI-CAL,YES,208,392,0,0,0,0,43,0.00%,1SU.PROPOSITION 52 MEDI-CAL HOSPITAL FEE PROGRAM. INITIATIVE CONSTITUTIONAL AMENDMENT AND STATUTE..YES
000025 ,1,1,005 042 071 072 161 224 233 243,PROP_53,YES,182,392,210,0,~  1SU,PROPOSITION 53 REVENUE ,YES,182,392,0,0,0,0,1,0.00%,1SU.PROPOSITION 53 REVENUE BONDS. STATEWIDE VOTER APPROVAL. INITIATIVE CONSTITUTIONAL AMENDMENT..YES
000025 ,1,1,005 042 071 072 161 224 233 243,PROP_54,YES,203,392,189,1,~  1SU,PROPOSITION 54 LEGISLAT,YES,203,392,0,0,0,0,43,0.00%,1SU.PROPOSITION 54 LEGISLATURE. LEGISLATION AND PROCEEDINGS. INITIATIVE CONSTITUTIONAL AMENDMENT AND.YES
000025 ,1,1,005 042 071 072 161 224 233 243,PROP_55,NO,158,392,234,1,~  1SU,PROPOSITION 55 TAX EXTE,NO,158,392,0,0,0,0,57,0.00%,1SU.PROPOSITION 55 TAX EXTENSION TO FUND EDUCATION AND HEALTHCARE. INITIATIVE CONSTITUTIONAL AMENDMENT..NO
000025 ,1,2,005 042 071 072 161 224 233 243,PROP_56,NO,184,392,208,0,~  1SU,PROPOSITION 56 CIGARETT,NO,184,392,0,0,0,0,10,0.00%,"1SU.PROPOSITION 56 CIGARETTE TAX TO FUND HEALTHCARE, TOBACCO USE PREVENTION, RESEARCH, AND.NO"
000025 ,1,2,005 042 071 072 161 224 233 243,PROP_56,YES,194,392,198,0,~  1SU,PROPOSITION 56 CIGARETT,YES,194,392,0,0,0,0,10,0.00%,"1SU.PROPOSITION 56 CIGARETTE TAX TO FUND HEALTHCARE, TOBACCO USE PREVENTION, RESEARCH, AND.YES"
000025 ,1,2,005 042 071 072 161 224 233 243,PROP_57,NO,171,392,221,0,~  1SU,PROPOSITION 57 CRIMINAL,NO,171,392,0,0,0,0,24,0.00%,1SU.PROPOSITION 57 CRIMINAL SENTENCES. PAROLE. JUVENILE CRIMINAL PROCEEDINGS AND SENTENCING. INITIATIVE.NO
000025 ,1,2,005 042 071 072 161 224 233 243,PROP_58,NO,116,392,276,0,~  1SU,PROPOSITION 58 ENGLISH ,NO,116,392,0,0,0,0,132,0.00%,1SU.PROPOSITION 58 ENGLISH PROFICIENCY. MULTILINGUAL EDUCATION. INITIATIVE STATUTE..NO
000025 ,1,2,005 042 071 072 161 224 233 243,PROP_58,YES,248,392,144,0,~  1SU,PROPOSITION 58 ENGLISH ,YES,248,392,0,0,0,0,132,0.00%,1SU.PROPOSITION 58 ENGLISH PROFICIENCY. MULTILINGUAL EDUCATION. INITIATIVE STATUTE..YES
000025 ,1,2,005 042 071 072 161 224 233 243,PROP_59,NO,166,392,226,0,~  1SU,PROPOSITION 59 CORPORAT,NO,166,392,0,0,0,0,21,0.00%,1SU.PROPOSITION 59 CORPORATIONS. POLITICAL SPENDING. FEDERAL CONSTITUTIONAL PROTECTIONS..NO
000025 ,1,2,005 042 071 072 161 224 233 243,PROP_59,YES,187,392,205,0,~  1SU,PROPOSITION 59 CORPORAT,YES,187,392,0,0,0,0,21,0.00%,1SU.PROPOSITION 59 CORPORATIONS. POLITICAL SPENDING. FEDERAL CONSTITUTIONAL PROTECTIONS..YES
000025 ,1,2,005 042 071 072 161 224 233 243,PROP_60,NO,221,392,171,1,~  1SU,PROPOSITION 60 ADULT FI,NO,221,392,0,0,0,0,80,0.00%,1SU.PROPOSITION 60 ADULT FILMS. CONDOMS. HEALTH REQUIREMENTS. INITIATIVE STATUTE..NO
000025 ,1,2,005 042 071 072 161 224 233 243,PROP_61,YES,162,392,230,1,~  1SU,PROPOSITION 61 STATE PR,YES,162,392,0,0,0,0,40,0.00%,1SU.PROPOSITION 61 STATE PRESCRIPTION DRUG PURCHASES. PRICING STANDARDS. INITIATIVE STATUTE..YES
000025 ,2,3,005 042 071 161 224 233 243,PROP_64,NO,203,392,189,1,~  1SU,PROPOSITION 64 MARIJUAN,NO,203,392,0,0,0,0,20,0.00%,1SU.PROPOSITION 64 MARIJUANA LEGALIZATION. INITIATIVE STATUTE..NO
000025 ,2,3,005 042 071 161 224 233 243,PROP_66,YES,158,392,234,0,~  1SU,PROPOSITION 66 DEATH PE,YES,158,392,0,0,0,0,28,0.00%,1SU.PROPOSITION 66 DEATH PENALTY. PROCEDURES. INITIATIVE STATUTE..YES
000025 ,2,3,005 042 071 161 224 233 243,PROP_67,NO,209,392,183,0,~  1SU,PROPOSITION 67 BAN ON S,NO,209,392,0,0,0,0,41,0.00%,1SU.PROPOSITION 67 BAN ON SINGLE-USE PLASTIC BAGS. REFERENDUM..NO
000025 ,2,3,005 042 071 161 224 233 243,PROP_67,YES,168,392,224,0,~  1SU,PROPOSITION 67 BAN ON S,YES,168,392,0,0,0,0,41,0.00%,1SU.PROPOSITION 67 BAN ON SINGLE-USE PLASTIC BAGS. REFERENDUM..YES
000025 ,1,1,005 042 071 072 161 224 233 243,STATEASS2,KEN_ANTON,152,392,240,1,~  1SU,"STATE ASSEMBLY, DISTRIC",KEN ANTON,152,392,0,0,0,0,22,0.00%,"1SU.STATE ASSEMBLY, DISTRICT 2.KEN ANTON"
000025 ,1,1,005 042 071 072 161 224 233 243,USREP,DALE_K_MENSING,159,392,233,0,~  1SU,US REPRESENTATIVE IN CO,DALE K. MENSING,159,392,0,0,0,0,44,0.00%,"1SU.US REPRESENTATIVE IN CONGRESS, DISTRICT 2.DALE K. MENSING"
000025 ,1,1,005 042 071 072 161 224 233 243,USREP,JARED_W_HUFFMAN,203,392,189,0,~  1SU,US REPRESENTATIVE IN CO,JARED W. HUFFMAN,203,392,0,0,0,0,44,0.00%,"1SU.US REPRESENTATIVE IN CONGRESS, DISTRICT 2.JARED W. HUFFMAN"
000026 ,2,3,005 051 078 079 160 161 224 234,MEAS_Q,NO,142,246,104,0,~  2BV-1,MEASURE Q HUMBOLDT COUN,NO,142,246,0,0,0,0,63,0.00%,2BV-1.MEASURE Q HUMBOLDT COUNTY CREATION OF FINANCE DEPARTMENT MEASURE..NO
000026 ,2,3,005 051 078 079 160 161 224 234,MEAS_Q,YES,79,246,167,0,~  2BV-1,MEASURE Q HUMBOLDT COUN,YES,79,246,0,0,0,0,63,0.00%,2BV-1.MEASURE Q HUMBOLDT COUNTY CREATION OF FINANCE DEPARTMENT MEASURE..YES
000026 ,2,3,005 051 078 079 160 161 224 234,MEAS_R,NO,128,246,118,0,~  2BV-1,MEASURE R HUMBOLDT COUN,NO,128,246,0,0,0,0,41,0.00%,2BV-1.MEASURE R HUMBOLDT COUNTY FINANCE DEPARTMENT ELECTIVE OFFICE MEASURE..NO
000026 ,2,3,005 051 078 079 160 161 224 234,MEAS_R,YES,87,246,159,0,~  2BV-1,MEASURE R HUMBOLDT COUN,YES,87,246,0,0,0,0,41,0.00%,2BV-1.MEASURE R HUMBOLDT COUNTY FINANCE DEPARTMENT ELECTIVE OFFICE MEASURE..YES
000026 ,2,3,005 051 078 079 160 161 224 234,MEAS_S,YES,116,246,130,1,~  2BV-1,MEASURE S HUMBOLDT COUN,YES,116,246,0,0,0,0,8,0.00%,2BV-1.MEASURE S HUMBOLDT COUNTY COMMERCIAL MARIJUANA CULTIVATION MEASURE..YES
000026 ,2,3,005 051 078 079 160 161 224 234,MEAS_U,NO,140,246,106,1,~  2BV-1,MEASURE U LOCAL TRANSPO,NO,140,246,0,0,0,0,50,0.00%,2BV-1.MEASURE U LOCAL TRANSPORTATION AUTHORITY RETAIL TRANSACTIONS AND USE TAX..NO
000026 ,2,3,005 051 078 079 160 161 224 234,MEAS_V,NO,127,246,119,0,~  2BV-1,MEASURE V MOBILE HOME P,NO,127,246,0,0,0,0,27,0.00%,2BV-1.MEASURE V MOBILE HOME PARK SPACE RENT STABILIZATION..NO
000026 ,2,3,005 051 078 079 160 161 224 234,MEAS_V,YES,100,246,146,0,~  2BV-1,MEASURE V MOBILE HOME P,YES,100,246,0,0,0,0,27,0.00%,2BV-1.MEASURE V MOBILE HOME PARK SPACE RENT STABILIZATION..YES
000026 ,1,1,005 051 078 079 160 161 224 234,PRES,DONALD_J_TRUMP,95,246,151,0,~  2BV-1,PRESIDENT AND VICE PRES,DONALD J. TRUMP      ,95,246,0,0,0,0,3,0.00%,2BV-1.PRESIDENT AND VICE PRESIDENT.DONALD J. TRUMP      and MICHAEL R. PENCE
000026 ,1,1,005 051 078 079 160 161 224 234,PRES,GARY_JOHNSON,16,246,230,0,~  2BV-1,PRESIDENT AND VICE PRES,GARY JOHNSON      and,16,246,0,0,0,0,3,0.00%,2BV-1.PRESIDENT AND VICE PRESIDENT.GARY JOHNSON      and BILL WELD
000026 ,1,1,005 051 078 079 160 161 224 234,PRES,GLORIA_ESTELA_LA_RIVA,2,246,244,0,~  2BV-1,PRESIDENT AND VICE PRES,GLORIA ESTELA LA RIVA,2,246,0,0,0,0,3,0.00%,2BV-1.PRESIDENT AND VICE PRESIDENT.GLORIA ESTELA LA RIVA      and DENNIS J. BANKS
000026 ,1,1,005 051 078 079 160 161 224 234,PRES,JILL_STEIN,18,246,228,0,~  2BV-1,PRESIDENT AND VICE PRES,JILL STEIN      and A,18,246,0,0,0,0,3,0.00%,2BV-1.PRESIDENT AND VICE PRESIDENT.JILL STEIN      and AJAMU BARAKA
000026 ,1,1,005 051 078 079 160 161 224 234,PROP_51,YES,101,246,145,1,~  2BV-1,PROPOSITION 51 SCHOOL B,YES,101,246,0,0,0,0,32,0.00%,2BV-1.PROPOSITION 51 SCHOOL BONDS. FUNDING FOR K-12 SCHOOL AND COMMUNITY COLLEGE FACILITIES. INITIATIVE.YES
000026 ,1,1,005 051 078 079 160 161 224 234,PROP_52,YES,135,246,111,1,~  2BV-1,PROPOSITION 52 MEDI-CAL,YES,135,246,0,0,0,0,38,0.00%,2BV-1.PROPOSITION 52 MEDI-CAL HOSPITAL FEE PROGRAM. INITIATIVE CONSTITUTIONAL AMENDMENT AND STATUTE..YES
000026 ,1,1,005 051 078 079 160 161 224 234,PROP_53,NO,105,246,141,0,~  2BV-1,PROPOSITION 53 REVENUE ,NO,105,246,0,0,0,0,18,0.00%,2BV-1.PROPOSITION 53 REVENUE BONDS. STATEWIDE VOTER APPROVAL. INITIATIVE CONSTITUTIONAL AMENDMENT..NO
000026 ,1,1,005 051 078 079 160 161 224 234,PROP_53,YES,123,246,123,0,~  2BV-1,PROPOSITION 53 REVENUE ,YES,123,246,0,0,0,0,18,0.00%,2BV-1.PROPOSITION 53 REVENUE BONDS. STATEWIDE VOTER APPROVAL. INITIATIVE CONSTITUTIONAL AMENDMENT..YES
000026 ,1,1,005 051 078 079 160 161 224 234,PROP_54,NO,87,246,159,0,~  2BV-1,PROPOSITION 54 LEGISLAT,NO,87,246,0,0,0,0,51,0.00%,2BV-1.PROPOSITION 54 LEGISLATURE. LEGISLATION AND PROCEEDINGS. INITIATIVE CONSTITUTIONAL AMENDMENT AND.NO
000026 ,1,1,005 051 078 079 160 161 224 234,PROP_54,YES,138,246,108,0,~  2BV-1,PROPOSITION 54 LEGISLAT,YES,138,246,0,0,0,0,51,0.00%,2BV-1.PROPOSITION 54 LEGISLATURE. LEGISLATION AND PROCEEDINGS. INITIATIVE CONSTITUTIONAL AMENDMENT AND.YES
000026 ,1,2,005 051 078 079 160 161 224 234,PROP_56,NO,125,246,121,1,~  2BV-1,PROPOSITION 56 CIGARETT,NO,125,246,0,0,0,0,11,0.00%,"2BV-1.PROPOSITION 56 CIGARETTE TAX TO FUND HEALTHCARE, TOBACCO USE PREVENTION, RESEARCH, AND.NO"
000026 ,1,2,005 051 078 079 160 161 224 234,PROP_57,NO,81,246,165,0,~  2BV-1,PROPOSITION 57 CRIMINAL,NO,81,246,0,0,0,0,71,0.00%,2BV-1.PROPOSITION 57 CRIMINAL SENTENCES. PAROLE. JUVENILE CRIMINAL PROCEEDINGS AND SENTENCING. INITIATIVE.NO
000026 ,1,2,005 051 078 079 160 161 224 234,PROP_57,YES,152,246,94,0,~  2BV-1,PROPOSITION 57 CRIMINAL,YES,152,246,0,0,0,0,71,0.00%,2BV-1.PROPOSITION 57 CRIMINAL SENTENCES. PAROLE. JUVENILE CRIMINAL PROCEEDINGS AND SENTENCING. INITIATIVE.YES
000026 ,1,2,005 051 078 079 160 161 224 234,PROP_58,NO,72,246,174,0,~  2BV-1,PROPOSITION 58 ENGLISH ,NO,72,246,0,0,0,0,88,0.00%,2BV-1.PROPOSITION 58 ENGLISH PROFICIENCY. MULTILINGUAL EDUCATION. INITIATIVE STATUTE..NO
000026 ,1,2,005 051 078 079 160 161 224 234,PROP_58,YES,160,246,86,0,~  2BV-1,PROPOSITION 58 ENGLISH ,YES,160,246,0,0,0,0,88,0.00%,2BV-1.PROPOSITION 58 ENGLISH PROFICIENCY. MULTILINGUAL EDUCATION. INITIATIVE STATUTE..YES
000026 ,1,2,005 051 078 079 160 161 224 234,PROP_59,NO,100,246,146,0,~  2BV-1,PROPOSITION 59 CORPORAT,NO,100,246,0,0,0,0,28,0.00%,2BV-1.PROPOSITION 59 CORPORATIONS. POLITICAL SPENDING. FEDERAL CONSTITUTIONAL PROTECTIONS..NO
000026 ,1,2,005 051 078 079 160 161 224 234,PROP_59,YES,128,246,118,0,~  2BV-1,PROPOSITION 59 CORPORAT,YES,128,246,0,0,0,0,28,0.00%,2BV-1.PROPOSITION 59 CORPORATIONS. POLITICAL SPENDING. FEDERAL CONSTITUTIONAL PROTECTIONS..YES
000026 ,1,2,005 051 078 079 160 161 224 234,PROP_60,NO,154,246,92,0,~  2BV-1,PROPOSITION 60 ADULT FI,NO,154,246,0,0,0,0,80,0.00%,2BV-1.PROPOSITION 60 ADULT FILMS. CONDOMS. HEALTH REQUIREMENTS. INITIATIVE STATUTE..NO
000026 ,1,2,005 051 078 079 160 161 224 234,PROP_60,YES,74,246,172,0,~  2BV-1,PROPOSITION 60 ADULT FI,YES,74,246,0,0,0,0,80,0.00%,2BV-1.PROPOSITION 60 ADULT FILMS. CONDOMS. HEALTH REQUIREMENTS. INITIATIVE STATUTE..YES
000026 ,1,2,005 051 078 079 160 161 224 234,PROP_61,YES,107,246,139,1,~  2BV-1,PROPOSITION 61 STATE PR,YES,107,246,0,0,0,0,14,0.00%,2BV-1.PROPOSITION 61 STATE PRESCRIPTION DRUG PURCHASES. PRICING STANDARDS. INITIATIVE STATUTE..YES
000026 ,1,2,005 051 078 079 160 161 224 234,PROP_62,NO,142,246,104,0,~  2BV-1,PROPOSITION 62 DEATH PE,NO,142,246,0,0,0,0,49,0.00%,2BV-1.PROPOSITION 62 DEATH PENALTY. INITIATIVE STATUTE..NO
000026 ,1,2,005 051 078 079 160 161 224 234,PROP_62,YES,93,246,153,0,~  2BV-1,PROPOSITION 62 DEATH PE,YES,93,246,0,0,0,0,49,0.00%,2BV-1.PROPOSITION 62 DEATH PENALTY. INITIATIVE STATUTE..YES
000026 ,1,2,005 051 078 079 160 161 224 234,PROP_63,NO,155,246,91,0,~  2BV-1,PROPOSITION 63 FIREARMS,NO,155,246,0,0,0,0,74,0.00%,2BV-1.PROPOSITION 63 FIREARMS. AMMUNITION SALES. INITIATIVE STATUTE..NO
000026 ,1,2,005 051 078 079 160 161 224 234,PROP_63,YES,81,246,165,0,~  2BV-1,PROPOSITION 63 FIREARMS,YES,81,246,0,0,0,0,74,0.00%,2BV-1.PROPOSITION 63 FIREARMS. AMMUNITION SALES. INITIATIVE STATUTE..YES
000026 ,2,3,005 051 078 079 160 161 224 234,PROP_64,NO,128,246,118,1,~  2BV-1,PROPOSITION 64 MARIJUAN,NO,128,246,0,0,0,0,14,0.00%,2BV-1.PROPOSITION 64 MARIJUANA LEGALIZATION. INITIATIVE STATUTE..NO
000026 ,2,3,005 051 078 079 160 161 224 234,PROP_64,YES,114,246,132,1,~  2BV-1,PROPOSITION 64 MARIJUAN,YES,114,246,0,0,0,0,14,0.00%,2BV-1.PROPOSITION 64 MARIJUANA LEGALIZATION. INITIATIVE STATUTE..YES
000026 ,2,3,005 051 078 079 160 161 224 234,PROP_65,NO,145,246,101,0,~  2BV-1,PROPOSITION 65 CARRYOUT,NO,145,246,0,0,0,0,55,0.00%,2BV-1.PROPOSITION 65 CARRYOUT BAGS. CHARGES. INITIATIVE STATUTE..NO
000026 ,2,3,005 051 078 079 160 161 224 234,PROP_65,YES,90,246,156,0,~  2BV-1,PROPOSITION 65 CARRYOUT,YES,90,246,0,0,0,0,55,0.00%,2BV-1.PROPOSITION 65 CARRYOUT BAGS. CHARGES. INITIATIVE STATUTE..YES
000026 ,2,3,005 051 078 079 160 161 224 234,PROP_66,NO,137,246,109,1,~  2BV-1,PROPOSITION 66 DEATH PE,NO,137,246,0,0,0,0,46,0.00%,2BV-1.PROPOSITION 66 DEATH PENALTY. PROCEDURES. INITIATIVE STATUTE..NO
000026 ,2,3,005 051 078 079 160 161 224 234,PROP_67,NO,107,246,139,0,~  2BV-1,PROPOSITION 67 BAN ON S,NO,107,246,0,0,0,0,27,0.00%,2BV-1.PROPOSITION 67 BAN ON SINGLE-USE PLASTIC BAGS. REFERENDUM..NO
000026 ,2,3,005 051 078 079 160 161 224 234,PROP_67,YES,134,246,112,0,~  2BV-1,PROPOSITION 67 BAN ON S,YES,134,246,0,0,0,0,27,0.00%,2BV-1.PROPOSITION 67 BAN ON SINGLE-USE PLASTIC BAGS. REFERENDUM..YES
000026 ,1,1,005 051 078 079 160 161 224 234,STATEASS2,JIM_WOOD,124,246,122,0,~  2BV-1,"STATE ASSEMBLY, DISTRIC",JIM WOOD,124,246,0,0,0,0,40,0.00%,"2BV-1.STATE ASSEMBLY, DISTRICT 2.JIM WOOD"
000026 ,1,1,005 051 078 079 160 161 224 234,STATEASS2,KEN_ANTON,84,246,162,0,~  2BV-1,"STATE ASSEMBLY, DISTRIC",KEN ANTON,84,246,0,0,0,0,40,0.00%,"2BV-1.STATE ASSEMBLY, DISTRICT 2.KEN ANTON"
000026 ,1,1,005 051 078 079 160 161 224 234,USREP,JARED_W_HUFFMAN,143,246,103,0,~  2BV-1,US REPRESENTATIVE IN CO,JARED W. HUFFMAN,143,246,0,0,0,0,57,0.00%,"2BV-1.US REPRESENTATIVE IN CONGRESS, DISTRICT 2.JARED W. HUFFMAN"
000026 ,1,1,005 051 078 079 160 161 224 234,USSEN,KAMALA_D_HARRIS,111,246,135,0,~  2BV-1,US SENATOR,KAMALA D. HARRIS,111,246,0,0,0,0,38,0.00%,2BV-1.US SENATOR.KAMALA D. HARRIS
000026 ,1,1,005 051 078 079 160 161 224 234,USSEN,LORETTA_L_SANCHEZ,73,246,173,0,~  2BV-1,US SENATOR,LORETTA L. SANCHEZ,73,246,0,0,0,0,38,0.00%,2BV-1.US SENATOR.LORETTA L. SANCHEZ
000027 ,2,3,005 051 052 077 160 224 234,MEAS_Q,NO,179,387,208,0,~  2CU,MEASURE Q HUMBOLDT COUN,NO,179,387,0,0,0,0,26,0.00%,2CU.MEASURE Q HUMBOLDT COUNTY CREATION OF FINANCE DEPARTMENT MEASURE..NO
000027 ,2,3,005 051 052 077 160 224 234,MEAS_Q,YES,153,387,234,0,~  2CU,MEASURE Q HUMBOLDT COUN,YES,153,387,0,0,0,0,26,0.00%,2CU.MEASURE Q HUMBOLDT COUNTY CREATION OF FINANCE DEPARTMENT MEASURE..YES
000027 ,2,3,005 051 052 077 160 224 234,MEAS_R,YES,141,387,246,1,~  2CU,MEASURE R HUMBOLDT COUN,YES,141,387,0,0,0,0,52,0.00%,2CU.MEASURE R HUMBOLDT COUNTY FINANCE DEPARTMENT ELECTIVE OFFICE MEASURE..YES
000027 ,2,3,005 051 052 077 160 224 234,MEAS_S,NO,166,387,221,0,~  2CU,MEASURE S HUMBOLDT COUN,NO,166,387,0,0,0,0,41,0.00%,2CU.MEASURE S HUMBOLDT COUNTY COMMERCIAL MARIJUANA CULTIVATION MEASURE..NO
000027 ,2,3,005 051 052 077 160 224 234,MEAS_S,YES,207,387,180,0,~  2CU,MEASURE S HUMBOLDT COUN,YES,207,387,0,0,0,0,41,0.00%,2CU.MEASURE S HUMBOLDT COUNTY COMMERCIAL MARIJUANA CULTIVATION MEASURE..YES
000027 ,2,3,005 051 052 077 160 224 234,MEAS_U,NO,240,387,147,0,~  2CU,MEASURE U LOCAL TRANSPO,NO,240,387,0,0,0,0,124,0.00%,2CU.MEASURE U LOCAL TRANSPORTATION AUTHORITY RETAIL TRANSACTIONS AND USE TAX..NO
000027 ,2,3,005 051 052 077 160 224 234,MEAS_U,YES,116,387,271,0,~  2CU,MEASURE U LOCAL TRANSPO,YES,116,387,0,0,0,0,124,0.00%,2CU.MEASURE U LOCAL TRANSPORTATION AUTHORITY RETAIL TRANSACTIONS AND USE TAX..YES
000027 ,2,3,005 051 052 077 160 224 234,MEAS_V,NO,212,387,175,0,~  2CU,MEASURE V MOBILE HOME P,NO,212,387,0,0,0,0,64,0.00%,2CU.MEASURE V MOBILE HOME PARK SPACE RENT STABILIZATION..NO
000027 ,2,3,005 051 052 077 160 224 234,MEAS_V,YES,148,387,239,0,~  2CU,MEASURE V MOBILE HOME P,YES,148,387,0,0,0,0,64,0.00%,2CU.MEASURE V MOBILE HOME PARK SPACE RENT STABILIZATION..YES
000027 ,1,1,005 051 052 077 160 224 234,PRES,GLORIA_ESTELA_LA_RIVA,1,387,386,0,~  2CU,PRESIDENT AND VICE PRES,GLORIA ESTELA LA RIVA,1,387,0,0,0,0,63,0.00%,2CU.PRESIDENT AND VICE PRESIDENT.GLORIA ESTELA LA RIVA      and DENNIS J. BANKS
000027 ,1,1,005 051 052 077 160 224 234,PRES,JILL_STEIN,17,387,370,0,~  2CU,PRESIDENT AND VICE PRES,JILL STEIN      and A,17,387,0,0,0,0,63,0.00%,2CU.PRESIDENT AND VICE PRESIDENT.JILL STEIN      and AJAMU BARAKA
000027 ,1,1,005 051 052 077 160 224 234,PRES,Write_in,6,387,381,1,~  2CU,PRESIDENT AND VICE PRES,Write_in,6,387,0,0,0,0,63,0.00%,2CU.PRESIDENT AND VICE PRESIDENT.Write_in
000027 ,1,1,005 051 052 077 160 224 234,PROP_51,NO,240,387,147,1,~  2CU,PROPOSITION 51 SCHOOL B,NO,240,387,0,0,0,0,114,0.00%,2CU.PROPOSITION 51 SCHOOL BONDS. FUNDING FOR K-12 SCHOOL AND COMMUNITY COLLEGE FACILITIES. INITIATIVE.NO
000027 ,1,1,005 051 052 077 160 224 234,PROP_52,NO,141,387,246,0,~  2CU,PROPOSITION 52 MEDI-CAL,NO,141,387,0,0,0,0,77,0.00%,2CU.PROPOSITION 52 MEDI-CAL HOSPITAL FEE PROGRAM. INITIATIVE CONSTITUTIONAL AMENDMENT AND STATUTE..NO
000027 ,1,1,005 051 052 077 160 224 234,PROP_52,YES,218,387,169,0,~  2CU,PROPOSITION 52 MEDI-CAL,YES,218,387,0,0,0,0,77,0.00%,2CU.PROPOSITION 52 MEDI-CAL HOSPITAL FEE PROGRAM. INITIATIVE CONSTITUTIONAL AMENDMENT AND STATUTE..YES
000027 ,1,1,005 051 052 077 160 224 234,PROP_53,NO,176,387,211,1,~  2CU,PROPOSITION 53 REVENUE ,NO,176,387,0,0,0,0,10,0.00%,2CU.PROPOSITION 53 REVENUE BONDS. STATEWIDE VOTER APPROVAL. INITIATIVE CONSTITUTIONAL AMENDMENT..NO
000027 ,1,1,005 051 052 077 160 224 234,PROP_54,NO,166,387,221,0,~  2CU,PROPOSITION 54 LEGISLAT,NO,166,387,0,0,0,0,25,0.00%,2CU.PROPOSITION 54 LEGISLATURE. LEGISLATION AND PROCEEDINGS. INITIATIVE CONSTITUTIONAL AMENDMENT AND.NO
000027 ,1,1,005 051 052 077 160 224 234,PROP_54,YES,191,387,196,0,~  2CU,PROPOSITION 54 LEGISLAT,YES,191,387,0,0,0,0,25,0.00%,2CU.PROPOSITION 54 LEGISLATURE. LEGISLATION AND PROCEEDINGS. INITIATIVE CONSTITUTIONAL AMENDMENT AND.YES
000027 ,1,1,005 051 052 077 160 224 234,PROP_55,NO,173,387,214,0,~  2CU,PROPOSITION 55 TAX EXTE,NO,173,387,0,0,0,0,21,0.00%,2CU.PROPOSITION 55 TAX EXTENSION TO FUND EDUCATION AND HEALTHCARE. INITIATIVE CONSTITUTIONAL AMENDMENT..NO
000027 ,1,1,005 051 052 077 160 224 234,PROP_55,YES,194,387,193,0,~  2CU,PROPOSITION 55 TAX EXTE,YES,194,387,0,0,0,0,21,0.00%,2CU.PROPOSITION 55 TAX EXTENSION TO FUND EDUCATION AND HEALTHCARE. INITIATIVE CONSTITUTIONAL AMENDMENT..YES
000027 ,1,2,005 051 052 077 160 224 234,PROP_56,NO,188,387,199,1,~  2CU,PROPOSITION 56 CIGARETT,NO,188,387,0,0,0,0,6,0.00%,"2CU.PROPOSITION 56 CIGARETTE TAX TO FUND HEALTHCARE, TOBACCO USE PREVENTION, RESEARCH, AND.NO"
000027 ,1,2,005 051 052 077 160 224 234,PROP_57,NO,173,387,214,0,~  2CU,PROPOSITION 57 CRIMINAL,NO,173,387,0,0,0,0,15,0.00%,2CU.PROPOSITION 57 CRIMINAL SENTENCES. PAROLE. JUVENILE CRIMINAL PROCEEDINGS AND SENTENCING. INITIATIVE.NO
000027 ,1,2,005 051 052 077 160 224 234,PROP_57,YES,188,387,199,0,~  2CU,PROPOSITION 57 CRIMINAL,YES,188,387,0,0,0,0,15,0.00%,2CU.PROPOSITION 57 CRIMINAL SENTENCES. PAROLE. JUVENILE CRIMINAL PROCEEDINGS AND SENTENCING. INITIATIVE.YES
000027 ,1,2,005 051 052 077 160 224 234,PROP_58,NO,110,387,277,0,~  2CU,PROPOSITION 58 ENGLISH ,NO,110,387,0,0,0,0,140,0.00%,2CU.PROPOSITION 58 ENGLISH PROFICIENCY. MULTILINGUAL EDUCATION. INITIATIVE STATUTE..NO
000027 ,1,2,005 051 052 077 160 224 234,PROP_58,YES,250,387,137,0,~  2CU,PROPOSITION 58 ENGLISH ,YES,250,387,0,0,0,0,140,0.00%,2CU.PROPOSITION 58 ENGLISH PROFICIENCY. MULTILINGUAL EDUCATION. INITIATIVE STATUTE..YES
000027 ,1,2,005 051 052 077 160 224 234,PROP_59,NO,175,387,212,0,~  2CU,PROPOSITION 59 CORPORAT,NO,175,387,0,0,0,0,4,0.00%,2CU.PROPOSITION 59 CORPORATIONS. POLITICAL SPENDING. FEDERAL CONSTITUTIONAL PROTECTIONS..NO
000027 ,1,2,005 051 052 077 160 224 234,PROP_59,YES,171,387,216,0,~  2CU,PROPOSITION 59 CORPORAT,YES,171,387,0,0,0,0,4,0.00%,2CU.PROPOSITION 59 CORPORATIONS. POLITICAL SPENDING. FEDERAL CONSTITUTIONAL PROTECTIONS..YES
000027 ,1,2,005 051 052 077 160 224 234,PROP_60,NO,225,387,162,0,~  2CU,PROPOSITION 60 ADULT FI,NO,225,387,0,0,0,0,97,0.00%,2CU.PROPOSITION 60 ADULT FILMS. CONDOMS. HEALTH REQUIREMENTS. INITIATIVE STATUTE..NO
000027 ,1,2,005 051 052 077 160 224 234,PROP_60,YES,128,387,259,0,~  2CU,PROPOSITION 60 ADULT FI,YES,128,387,0,0,0,0,97,0.00%,2CU.PROPOSITION 60 ADULT FILMS. CONDOMS. HEALTH REQUIREMENTS. INITIATIVE STATUTE..YES
000027 ,2,3,005 051 052 077 160 224 234,PROP_64,NO,215,387,172,1,~  2CU,PROPOSITION 64 MARIJUAN,NO,215,387,0,0,0,0,49,0.00%,2CU.PROPOSITION 64 MARIJUANA LEGALIZATION. INITIATIVE STATUTE..NO
000027 ,2,3,005 051 052 077 160 224 234,PROP_65,NO,251,387,136,0,~  2CU,PROPOSITION 65 CARRYOUT,NO,251,387,0,0,0,0,132,0.00%,2CU.PROPOSITION 65 CARRYOUT BAGS. CHARGES. INITIATIVE STATUTE..NO
000027 ,2,3,005 051 052 077 160 224 234,PROP_65,YES,119,387,268,0,~  2CU,PROPOSITION 65 CARRYOUT,YES,119,387,0,0,0,0,132,0.00%,2CU.PROPOSITION 65 CARRYOUT BAGS. CHARGES. INITIATIVE STATUTE..YES
000027 ,2,3,005 051 052 077 160 224 234,PROP_66,NO,186,387,201,2,~  2CU,PROPOSITION 66 DEATH PE,NO,186,387,0,0,0,0,17,0.00%,2CU.PROPOSITION 66 DEATH PENALTY. PROCEDURES. INITIATIVE STATUTE..NO
000027 ,2,3,005 051 052 077 160 224 234,PROP_67,NO,201,387,186,0,~  2CU,PROPOSITION 67 BAN ON S,NO,201,387,0,0,0,0,29,0.00%,2CU.PROPOSITION 67 BAN ON SINGLE-USE PLASTIC BAGS. REFERENDUM..NO
000027 ,2,3,005 051 052 077 160 224 234,PROP_67,YES,172,387,215,0,~  2CU,PROPOSITION 67 BAN ON S,YES,172,387,0,0,0,0,29,0.00%,2CU.PROPOSITION 67 BAN ON SINGLE-USE PLASTIC BAGS. REFERENDUM..YES
000027 ,1,1,005 051 052 077 160 224 234,STATEASS2,KEN_ANTON,122,387,265,1,~  2CU,"STATE ASSEMBLY, DISTRIC",KEN ANTON,122,387,0,0,0,0,76,0.00%,"2CU.STATE ASSEMBLY, DISTRICT 2.KEN ANTON"
000027 ,1,1,005 051 052 077 160 224 234,USREP,DALE_K_MENSING,163,387,224,0,~  2CU,US REPRESENTATIVE IN CO,DALE K. MENSING,163,387,0,0,0,0,39,0.00%,"2CU.US REPRESENTATIVE IN CONGRESS, DISTRICT 2.DALE K. MENSING"
000027 ,1,1,005 051 052 077 160 224 234,USREP,JARED_W_HUFFMAN,202,387,185,0,~  2CU,US REPRESENTATIVE IN CO,JARED W. HUFFMAN,202,387,0,0,0,0,39,0.00%,"2CU.US REPRESENTATIVE IN CONGRESS, DISTRICT 2.JARED W. HUFFMAN"
000027 ,1,1,005 051 052 077 160 224 234,USSEN,KAMALA_D_HARRIS,179,387,208,0,~  2CU,US SENATOR,KAMALA D. HARRIS,179,387,0,0,0,0,79,0.00%,2CU.US SENATOR.KAMALA D. HARRIS
000027 ,1,1,005 051 052 077 160 224 234,USSEN,LORETTA_L_SANCHEZ,100,387,287,0,~  2CU,US SENATOR,LORETTA L. SANCHEZ,100,387,0,0,0,0,79,0.00%,2CU.US SENATOR.LORETTA L. SANCHEZ
000028 ,1,1,005 006 046 047 048 053 073 158 159 224 229 234,FORT_CC,Write_in,35,1594,1559,0,~  2F--2,FORTUNA CITY COUNCILMEM,Write_in,35,798,0,796,0,796,33,0.00%,2F--2.FORTUNA CITY COUNCILMEMBER.Write_in
000028 ,2,4,005 006 046 047 048 053 073 074 158 159 224 234 243,MEAS_E,NO,293,794,501,0,~  2F--2,MEASURE E FORTUNA POLIC,NO,293,798,0,-4,0,4,163,0.00%,2F--2.MEASURE E FORTUNA POLICE AND ESSENTIAL SERVICES MEASURE..NO
000028 ,2,4,005 006 046 047 048 053 073 074 158 159 224 234 243,MEAS_E,YES,456,794,338,0,~  2F--2,MEASURE E FORTUNA POLIC,YES,456,798,0,-4,0,4,163,0.00%,2F--2.MEASURE E FORTUNA POLICE AND ESSENTIAL SERVICES MEASURE..YES
000028 ,2,3,005 006 046 047 048 053 073 074 158 159 224 234 243,MEAS_S,NO,251,794,543,1,~  2F--2,MEASURE S HUMBOLDT COUN,NO,251,798,0,-4,0,4,251,0.00%,2F--2.MEASURE S HUMBOLDT COUNTY COMMERCIAL MARIJUANA CULTIVATION MEASURE..NO
000028 ,2,3,005 006 046 047 048 053 073 074 158 159 224 234 243,MEAS_U,NO,455,794,339,2,~  2F--2,MEASURE U LOCAL TRANSPO,NO,455,798,0,-4,0,4,177,0.00%,2F--2.MEASURE U LOCAL TRANSPORTATION AUTHORITY RETAIL TRANSACTIONS AND USE TAX..NO
000028 ,1,1,005 006 046 047 048 053 073 158 159 224 229 234,PRES,GARY_JOHNSON,28,797,769,0,~  2F--2,PRESIDENT AND VICE PRES,GARY JOHNSON      and,28,798,0,-1,0,1,7,0.00%,2F--2.PRESIDENT AND VICE PRESIDENT.GARY JOHNSON      and BILL WELD
000028 ,1,1,005 006 046 047 048 053 073 158 159 224 229 234,PRES,GLORIA_ESTELA_LA_RIVA,4,797,793,0,~  2F--2,PRESIDENT AND VICE PRES,GLORIA ESTELA LA RIVA,4,798,0,-1,0,1,7,0.00%,2F--2.PRESIDENT AND VICE PRESIDENT.GLORIA ESTELA LA RIVA      and DENNIS J. BANKS
000028 ,1,1,005 006 046 047 048 053 073 158 159 224 229 234,PRES,JILL_STEIN,18,797,779,0,~  2F--2,PRESIDENT AND VICE PRES,JILL STEIN      and A,18,798,0,-1,0,1,7,0.00%,2F--2.PRESIDENT AND VICE PRESIDENT.JILL STEIN      and AJAMU BARAKA
000028 ,1,1,005 006 046 047 048 053 073 158 159 224 229 234,PRES,Write_in,39,797,758,0,~  2F--2,PRESIDENT AND VICE PRES,Write_in,39,798,0,-1,0,1,7,0.00%,2F--2.PRESIDENT AND VICE PRESIDENT.Write_in
000028 ,1,1,005 006 046 047 048 053 073 158 159 224 229 234,PROP_51,YES,316,797,481,1,~  2F--2,PROPOSITION 51 SCHOOL B,YES,316,798,0,-1,0,1,127,0.00%,2F--2.PROPOSITION 51 SCHOOL BONDS. FUNDING FOR K-12 SCHOOL AND COMMUNITY COLLEGE FACILITIES. INITIATIVE.YES
000028 ,1,2,005 006 046 047 048 053 073 158 159 224 229 234,PROP_55,NO,277,798,521,0,~  2F--2,PROPOSITION 55 TAX EXTE,NO,277,798,0,0,0,0,193,0.00%,2F--2.PROPOSITION 55 TAX EXTENSION TO FUND EDUCATION AND HEALTHCARE. INITIATIVE CONSTITUTIONAL AMENDMENT..NO
000028 ,1,2,005 006 046 047 048 053 073 158 159 224 229 234,PROP_55,YES,470,798,328,0,~  2F--2,PROPOSITION 55 TAX EXTE,YES,470,798,0,0,0,0,193,0.00%,2F--2.PROPOSITION 55 TAX EXTENSION TO FUND EDUCATION AND HEALTHCARE. INITIATIVE CONSTITUTIONAL AMENDMENT..YES
000028 ,1,2,005 006 046 047 048 053 073 158 159 224 229 234,PROP_56,NO,355,798,443,1,~  2F--2,PROPOSITION 56 CIGARETT,NO,355,798,0,0,0,0,55,0.00%,"2F--2.PROPOSITION 56 CIGARETTE TAX TO FUND HEALTHCARE, TOBACCO USE PREVENTION, RESEARCH, AND.NO"
000028 ,1,2,005 006 046 047 048 053 073 158 159 224 229 234,PROP_56,YES,410,798,388,1,~  2F--2,PROPOSITION 56 CIGARETT,YES,410,798,0,0,0,0,55,0.00%,"2F--2.PROPOSITION 56 CIGARETTE TAX TO FUND HEALTHCARE, TOBACCO USE PREVENTION, RESEARCH, AND.YES"
000028 ,1,2,005 006 046 047 048 053 073 158 159 224 229 234,PROP_57,NO,300,798,498,0,~  2F--2,PROPOSITION 57 CRIMINAL,NO,300,798,0,0,0,0,137,0.00%,2F--2.PROPOSITION 57 CRIMINAL SENTENCES. PAROLE. JUVENILE CRIMINAL PROCEEDINGS AND SENTENCING. INITIATIVE.NO
000028 ,1,2,005 006 046 047 048 053 073 158 159 224 229 234,PROP_58,YES,554,798,244,1,~  2F--2,PROPOSITION 58 ENGLISH ,YES,554,798,0,0,0,0,363,0.00%,2F--2.PROPOSITION 58 ENGLISH PROFICIENCY. MULTILINGUAL EDUCATION. INITIATIVE STATUTE..YES
000028 ,1,2,005 006 046 047 048 053 073 158 159 224 229 234,PROP_59,YES,355,798,443,1,~  2F--2,PROPOSITION 59 CORPORAT,YES,355,798,0,0,0,0,0,--,2F--2.PROPOSITION 59 CORPORATIONS. POLITICAL SPENDING. FEDERAL CONSTITUTIONAL PROTECTIONS..YES
000028 ,1,2,005 006 046 047 048 053 073 158 159 224 229 234,PROP_60,YES,304,798,494,1,~  2F--2,PROPOSITION 60 ADULT FI,YES,304,798,0,0,0,0,108,0.00%,2F--2.PROPOSITION 60 ADULT FILMS. CONDOMS. HEALTH REQUIREMENTS. INITIATIVE STATUTE..YES
000028 ,1,2,005 006 046 047 048 053 073 158 159 224 229 234,PROP_61,NO,382,798,416,2,~  2F--2,PROPOSITION 61 STATE PR,NO,382,798,0,0,0,0,40,0.00%,2F--2.PROPOSITION 61 STATE PRESCRIPTION DRUG PURCHASES. PRICING STANDARDS. INITIATIVE STATUTE..NO
000028 ,2,3,005 006 046 047 048 053 073 074 158 159 224 234 243,PROP_63,YES,355,794,439,0,~  2F--2,PROPOSITION 63 FIREARMS,YES,355,798,0,-4,0,4,55,0.00%,2F--2.PROPOSITION 63 FIREARMS. AMMUNITION SALES. INITIATIVE STATUTE..YES
000028 ,2,3,005 006 046 047 048 053 073 074 158 159 224 234 243,PROP_64,NO,359,794,435,3,~  2F--2,PROPOSITION 64 MARIJUAN,NO,359,798,0,-4,0,4,56,0.00%,2F--2.PROPOSITION 64 MARIJUANA LEGALIZATION. INITIATIVE STATUTE..NO
000028 ,2,3,005 006 046 047 048 053 073 074 158 159 224 234 243,PROP_67,YES,369,794,425,3,~  2F--2,PROPOSITION 67 BAN ON S,YES,369,798,0,-4,0,4,14,0.00%,2F--2.PROPOSITION 67 BAN ON SINGLE-USE PLASTIC BAGS. REFERENDUM..YES
000028 ,1,1,005 006 046 047 048 053 073 158 159 224 229 234,STATEASS2,JIM_WOOD,442,797,355,0,~  2F--2,"STATE ASSEMBLY, DISTRIC",JIM WOOD,442,798,0,-1,0,1,208,0.00%,"2F--2.STATE ASSEMBLY, DISTRICT 2.JIM WOOD"
000028 ,1,1,005 006 046 047 048 053 073 158 159 224 229 234,USSEN,KAMALA_D_HARRIS,371,797,426,0,~  2F--2,US SENATOR,KAMALA D. HARRIS,371,798,0,-1,0,1,142,0.00%,2F--2.US SENATOR.KAMALA D. HARRIS
000029 ,1,1,006 007 046 075 157 158 224 229 234 243,FORT_CC,DEAN_J_GLASER,294,538,244,0,~  2F--3,FORTUNA CITY COUNCILMEM,DEAN J. GLASER,294,538,0,0,0,0,7,0.00%,2F--3.FORTUNA CITY COUNCILMEMBER.DEAN J. GLASER
000029 ,1,1,006 007 046 075 157 158 224 229 234 243,FORT_CC,TAMI_TRENT,287,538,251,0,~  2F--3,FORTUNA CITY COUNCILMEM,TAMI TRENT,287,538,0,0,0,0,7,0.00%,2F--3.FORTUNA CITY COUNCILMEMBER.TAMI TRENT
000029 ,1,1,006 007 046 075 157 158 224 229 234 243,FORT_CC,Write_in,13,1076,1063,0,~  2F--3,FORTUNA CITY COUNCILMEM,Write_in,13,538,0,538,0,538,7,0.00%,2F--3.FORTUNA CITY COUNCILMEMBER.Write_in
000029 ,2,4,006 007 046 075 076 081 157 158 224 234 243,MEAS_E,NO,195,530,335,2,~  2F--3,MEASURE E FORTUNA POLIC,NO,195,538,0,-8,0,8,103,0.00%,2F--3.MEASURE E FORTUNA POLICE AND ESSENTIAL SERVICES MEASURE..NO
000029 ,2,3,006 007 046 075 076 081 157 158 224 234 243,MEAS_R,YES,202,532,330,1,~  2F--3,MEASURE R HUMBOLDT COUN,YES,202,538,0,-6,0,6,52,0.00%,2F--3.MEASURE R HUMBOLDT COUNTY FINANCE DEPARTMENT ELECTIVE OFFICE MEASURE..YES
000029 ,2,3,006 007 046 075 076 081 157 158 224 234 243,MEAS_S,NO,171,532,361,0,~  2F--3,MEASURE S HUMBOLDT COUN,NO,171,538,0,-6,0,6,143,0.00%,2F--3.MEASURE S HUMBOLDT COUNTY COMMERCIAL MARIJUANA CULTIVATION MEASURE..NO
000029 ,2,3,006 007 046 075 076 081 157 158 224 234 243,MEAS_U,NO,285,532,247,0,~  2F--3,MEASURE U LOCAL TRANSPO,NO,285,538,0,-6,0,6,87,0.00%,2F--3.MEASURE U LOCAL TRANSPORTATION AUTHORITY RETAIL TRANSACTIONS AND USE TAX..NO
000029 ,2,3,006 007 046 075 076 081 157 158 224 234 243,MEAS_U,YES,198,532,334,0,~  2F--3,MEASURE U LOCAL TRANSPO,YES,198,538,0,-6,0,6,87,0.00%,2F--3.MEASURE U LOCAL TRANSPORTATION AUTHORITY RETAIL TRANSACTIONS AND USE TAX..YES
000029 ,1,1,006 007 046 075 157 158 224 229 234 243,PRES,DONALD_J_TRUMP,214,538,324,0,~  2F--3,PRESIDENT AND VICE PRES,DONALD J. TRUMP      ,214,538,0,0,0,0,48,0.00%,2F--3.PRESIDENT AND VICE PRESIDENT.DONALD J. TRUMP      and MICHAEL R. PENCE
000029 ,1,1,006 007 046 075 157 158 224 229 234 243,PRES,GARY_JOHNSON,23,538,515,0,~  2F--3,PRESIDENT AND VICE PRES,GARY JOHNSON      and,23,538,0,0,0,0,48,0.00%,2F--3.PRESIDENT AND VICE PRESIDENT.GARY JOHNSON      and BILL WELD
000029 ,1,1,006 007 046 075 157 158 224 229 234 243,PRES,JILL_STEIN,20,538,518,0,~  2F--3,PRESIDENT AND VICE PRES,JILL STEIN      and A,20,538,0,0,0,0,48,0.00%,2F--3.PRESIDENT AND VICE PRESIDENT.JILL STEIN      and AJAMU BARAKA
000029 ,1,1,006 007 046 075 157 158 224 229 234 243,PRES,Write_in,5,538,533,0,~  2F--3,PRESIDENT AND VICE PRES,Write_in,5,538,0,0,0,0,48,0.00%,2F--3.PRESIDENT AND VICE PRESIDENT.Write_in
000029 ,1,1,006 007 046 075 157 158 224 229 234 243,PROP_51,NO,266,538,272,0,~  2F--3,PROPOSITION 51 SCHOOL B,NO,266,538,0,0,0,0,27,0.00%,2F--3.PROPOSITION 51 SCHOOL BONDS. FUNDING FOR K-12 SCHOOL AND COMMUNITY COLLEGE FACILITIES. INITIATIVE.NO
000029 ,1,1,006 007 046 075 157 158 224 229 234 243,PROP_51,YES,239,538,299,0,~  2F--3,PROPOSITION 51 SCHOOL B,YES,239,538,0,0,0,0,27,0.00%,2F--3.PROPOSITION 51 SCHOOL BONDS. FUNDING FOR K-12 SCHOOL AND COMMUNITY COLLEGE FACILITIES. INITIATIVE.YES
000029 ,1,1,006 007 046 075 157 158 224 229 234 243,PROP_52,NO,162,538,376,0,~  2F--3,PROPOSITION 52 MEDI-CAL,NO,162,538,0,0,0,0,175,0.00%,2F--3.PROPOSITION 52 MEDI-CAL HOSPITAL FEE PROGRAM. INITIATIVE CONSTITUTIONAL AMENDMENT AND STATUTE..NO
000029 ,1,1,006 007 046 075 157 158 224 229 234 243,PROP_52,YES,337,538,201,0,~  2F--3,PROPOSITION 52 MEDI-CAL,YES,337,538,0,0,0,0,175,0.00%,2F--3.PROPOSITION 52 MEDI-CAL HOSPITAL FEE PROGRAM. INITIATIVE CONSTITUTIONAL AMENDMENT AND STATUTE..YES
000029 ,1,1,006 007 046 075 157 158 224 229 234 243,PROP_53,NO,222,538,316,0,~  2F--3,PROPOSITION 53 REVENUE ,NO,222,538,0,0,0,0,35,0.00%,2F--3.PROPOSITION 53 REVENUE BONDS. STATEWIDE VOTER APPROVAL. INITIATIVE CONSTITUTIONAL AMENDMENT..NO
000029 ,1,1,006 007 046 075 157 158 224 229 234 243,PROP_53,YES,257,538,281,0,~  2F--3,PROPOSITION 53 REVENUE ,YES,257,538,0,0,0,0,35,0.00%,2F--3.PROPOSITION 53 REVENUE BONDS. STATEWIDE VOTER APPROVAL. INITIATIVE CONSTITUTIONAL AMENDMENT..YES
000029 ,1,2,006 007 046 075 157 158 224 229 234,PROP_56,NO,221,535,314,1,~  2F--3,PROPOSITION 56 CIGARETT,NO,221,538,0,-3,0,3,75,0.00%,"2F--3.PROPOSITION 56 CIGARETTE TAX TO FUND HEALTHCARE, TOBACCO USE PREVENTION, RESEARCH, AND.NO"
000029 ,1,2,006 007 046 075 157 158 224 229 234,PROP_58,NO,126,535,409,0,~  2F--3,PROPOSITION 58 ENGLISH ,NO,126,538,0,-3,0,3,250,0.00%,2F--3.PROPOSITION 58 ENGLISH PROFICIENCY. MULTILINGUAL EDUCATION. INITIATIVE STATUTE..NO
000029 ,1,2,006 007 046 075 157 158 224 229 234,PROP_62,NO,295,535,240,2,~  2F--3,PROPOSITION 62 DEATH PE,NO,295,538,0,-3,0,3,93,0.00%,2F--3.PROPOSITION 62 DEATH PENALTY. INITIATIVE STATUTE..NO
000029 ,2,3,006 007 046 075 076 081 157 158 224 234 243,PROP_63,NO,253,532,279,2,~  2F--3,PROPOSITION 63 FIREARMS,NO,253,538,0,-6,0,6,1,0.00%,2F--3.PROPOSITION 63 FIREARMS. AMMUNITION SALES. INITIATIVE STATUTE..NO
000029 ,2,3,006 007 046 075 076 081 157 158 224 234 243,PROP_64,NO,264,532,268,0,~  2F--3,PROPOSITION 64 MARIJUAN,NO,264,538,0,-6,0,6,11,0.00%,2F--3.PROPOSITION 64 MARIJUANA LEGALIZATION. INITIATIVE STATUTE..NO
000029 ,2,3,006 007 046 075 076 081 157 158 224 234 243,PROP_64,YES,253,532,279,0,~  2F--3,PROPOSITION 64 MARIJUAN,YES,253,538,0,-6,0,6,11,0.00%,2F--3.PROPOSITION 64 MARIJUANA LEGALIZATION. INITIATIVE STATUTE..YES
000029 ,2,3,006 007 046 075 076 081 157 158 224 234 243,PROP_65,NO,305,532,227,1,~  2F--3,PROPOSITION 65 CARRYOUT,NO,305,538,0,-6,0,6,115,0.00%,2F--3.PROPOSITION 65 CARRYOUT BAGS. CHARGES. INITIATIVE STATUTE..NO
000029 ,2,3,006 007 046 075 076 081 157 158 224 234 243,PROP_67,YES,244,532,288,1,~  2F--3,PROPOSITION 67 BAN ON S,YES,244,538,0,-6,0,6,11,0.00%,2F--3.PROPOSITION 67 BAN ON SINGLE-USE PLASTIC BAGS. REFERENDUM..YES
000029 ,1,1,006 007 046 075 157 158 224 229 234 243,STATEASS2,JIM_WOOD,289,538,249,0,~  2F--3,"STATE ASSEMBLY, DISTRIC",JIM WOOD,289,538,0,0,0,0,144,0.00%,"2F--3.STATE ASSEMBLY, DISTRICT 2.JIM WOOD"
000029 ,1,1,006 007 046 075 157 158 224 229 234 243,USREP,DALE_K_MENSING,186,538,352,0,~  2F--3,US REPRESENTATIVE IN CO,DALE K. MENSING,186,538,0,0,0,0,125,0.00%,"2F--3.US REPRESENTATIVE IN CONGRESS, DISTRICT 2.DALE K. MENSING"
000029 ,1,1,006 007 046 075 157 158 224 229 234 243,USREP,JARED_W_HUFFMAN,311,538,227,0,~  2F--3,US REPRESENTATIVE IN CO,JARED W. HUFFMAN,311,538,0,0,0,0,125,0.00%,"2F--3.US REPRESENTATIVE IN CONGRESS, DISTRICT 2.JARED W. HUFFMAN"
000029 ,1,1,006 007 046 075 157 158 224 229 234 243,USSEN,KAMALA_D_HARRIS,272,538,266,0,~  2F--3,US SENATOR,KAMALA D. HARRIS,272,538,0,0,0,0,124,0.00%,2F--3.US SENATOR.KAMALA D. HARRIS
000029 ,1,1,006 007 046 075 157 158 224 229 234 243,USSEN,LORETTA_L_SANCHEZ,148,538,390,0,~  2F--3,US SENATOR,LORETTA L. SANCHEZ,148,538,0,0,0,0,124,0.00%,2F--3.US SENATOR.LORETTA L. SANCHEZ
000030 ,1,1,007 009 046 074 075 162 163 224 229 234,FORT_CC,DEAN_J_GLASER,404,743,339,0,~  2F--4,FORTUNA CITY COUNCILMEM,DEAN J. GLASER,404,743,0,0,0,0,40,0.00%,2F--4.FORTUNA CITY COUNCILMEMBER.DEAN J. GLASER
000030 ,1,1,007 009 046 074 075 162 163 224 229 234,FORT_CC,TAMI_TRENT,364,743,379,0,~  2F--4,FORTUNA CITY COUNCILMEM,TAMI TRENT,364,743,0,0,0,0,40,0.00%,2F--4.FORTUNA CITY COUNCILMEMBER.TAMI TRENT
000030 ,2,4,007 009 046 074 162 163 224 234 243,MEAS_E,YES,408,743,335,1,~  2F--4,MEASURE E FORTUNA POLIC,YES,408,743,0,0,0,0,129,0.00%,2F--4.MEASURE E FORTUNA POLICE AND ESSENTIAL SERVICES MEASURE..YES
000030 ,1,1,007 009 046 074 075 162 163 224 229 234,PRES,DONALD_J_TRUMP,331,743,412,0,~  2F--4,PRESIDENT AND VICE PRES,DONALD J. TRUMP      ,331,743,0,0,0,0,39,0.00%,2F--4.PRESIDENT AND VICE PRESIDENT.DONALD J. TRUMP      and MICHAEL R. PENCE
000030 ,1,1,007 009 046 074 075 162 163 224 229 234,PRES,GARY_JOHNSON,37,743,706,0,~  2F--4,PRESIDENT AND VICE PRES,GARY JOHNSON      and,37,743,0,0,0,0,39,0.00%,2F--4.PRESIDENT AND VICE PRESIDENT.GARY JOHNSON      and BILL WELD
000030 ,1,1,007 009 046 074 075 162 163 224 229 234,PRES,GLORIA_ESTELA_LA_RIVA,9,743,734,0,~  2F--4,PRESIDENT AND VICE PRES,GLORIA ESTELA LA RIVA,9,743,0,0,0,0,39,0.00%,2F--4.PRESIDENT AND VICE PRESIDENT.GLORIA ESTELA LA RIVA      and DENNIS J. BANKS
000030 ,1,1,007 009 046 074 075 162 163 224 229 234,PRES,JILL_STEIN,30,743,713,0,~  2F--4,PRESIDENT AND VICE PRES,JILL STEIN      and A,30,743,0,0,0,0,39,0.00%,2F--4.PRESIDENT AND VICE PRESIDENT.JILL STEIN      and AJAMU BARAKA
000030 ,1,1,007 009 046 074 075 162 163 224 229 234,PROP_51,NO,394,743,349,0,~  2F--4,PROPOSITION 51 SCHOOL B,NO,394,743,0,0,0,0,93,0.00%,2F--4.PROPOSITION 51 SCHOOL BONDS. FUNDING FOR K-12 SCHOOL AND COMMUNITY COLLEGE FACILITIES. INITIATIVE.NO
000030 ,1,1,007 009 046 074 075 162 163 224 229 234,PROP_51,YES,301,743,442,0,~  2F--4,PROPOSITION 51 SCHOOL B,YES,301,743,0,0,0,0,93,0.00%,2F--4.PROPOSITION 51 SCHOOL BONDS. FUNDING FOR K-12 SCHOOL AND COMMUNITY COLLEGE FACILITIES. INITIATIVE.YES
000030 ,1,1,007 009 046 074 075 162 163 224 229 234,PROP_52,NO,252,743,491,0,~  2F--4,PROPOSITION 52 MEDI-CAL,NO,252,743,0,0,0,0,181,0.00%,2F--4.PROPOSITION 52 MEDI-CAL HOSPITAL FEE PROGRAM. INITIATIVE CONSTITUTIONAL AMENDMENT AND STATUTE..NO
000030 ,1,1,007 009 046 074 075 162 163 224 229 234,PROP_53,NO,315,743,428,0,~  2F--4,PROPOSITION 53 REVENUE ,NO,315,743,0,0,0,0,35,0.00%,2F--4.PROPOSITION 53 REVENUE BONDS. STATEWIDE VOTER APPROVAL. INITIATIVE CONSTITUTIONAL AMENDMENT..NO
000030 ,1,1,007 009 046 074 075 162 163 224 229 234,PROP_54,YES,419,743,324,1,~  2F--4,PROPOSITION 54 LEGISLAT,YES,419,743,0,0,0,0,164,0.00%,2F--4.PROPOSITION 54 LEGISLATURE. LEGISLATION AND PROCEEDINGS. INITIATIVE CONSTITUTIONAL AMENDMENT AND.YES
000030 ,1,2,007 009 046 074 075 162 163 224 229 234,PROP_58,NO,192,743,551,2,~  2F--4,PROPOSITION 58 ENGLISH ,NO,192,743,0,0,0,0,302,0.00%,2F--4.PROPOSITION 58 ENGLISH PROFICIENCY. MULTILINGUAL EDUCATION. INITIATIVE STATUTE..NO
000030 ,1,2,007 009 046 074 075 162 163 224 229 234,PROP_60,NO,395,743,348,0,~  2F--4,PROPOSITION 60 ADULT FI,NO,395,743,0,0,0,0,119,0.00%,2F--4.PROPOSITION 60 ADULT FILMS. CONDOMS. HEALTH REQUIREMENTS. INITIATIVE STATUTE..NO
000030 ,1,2,007 009 046 074 075 162 163 224 229 234,PROP_60,YES,276,743,467,0,~  2F--4,PROPOSITION 60 ADULT FI,YES,276,743,0,0,0,0,119,0.00%,2F--4.PROPOSITION 60 ADULT FILMS. CONDOMS. HEALTH REQUIREMENTS. INITIATIVE STATUTE..YES
000030 ,2,3,007 009 046 074 162 163 224 234 243,PROP_63,NO,428,743,315,0,~  2F--4,PROPOSITION 63 FIREARMS,NO,428,743,0,0,0,0,154,0.00%,2F--4.PROPOSITION 63 FIREARMS. AMMUNITION SALES. INITIATIVE STATUTE..NO
000030 ,2,3,007 009 046 074 162 163 224 234 243,PROP_65,NO,449,743,294,0,~  2F--4,PROPOSITION 65 CARRYOUT,NO,449,743,0,0,0,0,207,0.00%,2F--4.PROPOSITION 65 CARRYOUT BAGS. CHARGES. INITIATIVE STATUTE..NO
000030 ,1,1,007 009 046 074 075 162 163 224 229 234,STATEASS2,JIM_WOOD,366,743,377,0,~  2F--4,"STATE ASSEMBLY, DISTRIC",JIM WOOD,366,743,0,0,0,0,111,0.00%,"2F--4.STATE ASSEMBLY, DISTRICT 2.JIM WOOD"
000030 ,1,1,007 009 046 074 075 162 163 224 229 234,STATEASS2,KEN_ANTON,255,743,488,0,~  2F--4,"STATE ASSEMBLY, DISTRIC",KEN ANTON,255,743,0,0,0,0,111,0.00%,"2F--4.STATE ASSEMBLY, DISTRICT 2.KEN ANTON"
000030 ,1,1,007 009 046 074 075 162 163 224 229 234,USREP,JARED_W_HUFFMAN,387,743,356,0,~  2F--4,US REPRESENTATIVE IN CO,JARED W. HUFFMAN,387,743,0,0,0,0,102,0.00%,"2F--4.US REPRESENTATIVE IN CONGRESS, DISTRICT 2.JARED W. HUFFMAN"
000030 ,1,1,007 009 046 074 075 162 163 224 229 234,USSEN,LORETTA_L_SANCHEZ,206,743,537,0,~  2F--4,US SENATOR,LORETTA L. SANCHEZ,206,743,0,0,0,0,147,0.00%,2F--4.US SENATOR.LORETTA L. SANCHEZ
000031 ,1,1,008 047 048 080 161 162 224 225 229 235 243,FORT_CC,DEAN_J_GLASER,517,908,391,1,~  2F-R1,FORTUNA CITY COUNCILMEM,DEAN J. GLASER,517,908,0,0,0,0,27,0.00%,2F-R1.FORTUNA CITY COUNCILMEMBER.DEAN J. GLASER
000031 ,1,1,008 047 048 080 161 162 224 225 229 235 243,FORT_CC,TAMI_TRENT,490,908,418,1,~  2F-R1,FORTUNA CITY COUNCILMEM,TAMI TRENT,490,908,0,0,0,0,27,0.00%,2F-R1.FORTUNA CITY COUNCILMEMBER.TAMI TRENT
000031 ,1,1,008 047 048 080 161 162 224 225 229 235 243,PRES,DONALD_J_TRUMP,455,908,453,1,~  2F-R1,PRESIDENT AND VICE PRES,DONALD J. TRUMP      ,455,908,0,0,0,0,96,0.00%,2F-R1.PRESIDENT AND VICE PRESIDENT.DONALD J. TRUMP      and MICHAEL R. PENCE
000031 ,1,1,008 047 048 080 161 162 224 225 229 235 243,PRES,GARY_JOHNSON,33,908,875,0,~  2F-R1,PRESIDENT AND VICE PRES,GARY JOHNSON      and,33,908,0,0,0,0,96,0.00%,2F-R1.PRESIDENT AND VICE PRESIDENT.GARY JOHNSON      and BILL WELD
000031 ,1,1,008 047 048 080 161 162 224 225 229 235 243,PRES,JILL_STEIN,10,908,898,0,~  2F-R1,PRESIDENT AND VICE PRES,JILL STEIN      and A,10,908,0,0,0,0,96,0.00%,2F-R1.PRESIDENT AND VICE PRESIDENT.JILL STEIN      and AJAMU BARAKA
000031 ,1,2,008 047 048 080 161 162 224 225 229 235,PROP_60,YES,353,900,547,3,~  2F-R1,PROPOSITION 60 ADULT FI,YES,353,908,0,-8,0,8,137,0.00%,2F-R1.PROPOSITION 60 ADULT FILMS. CONDOMS. HEALTH REQUIREMENTS. INITIATIVE STATUTE..YES
000031 ,2,3,008 047 048 080 081 161 162 224 225 235 243,PROP_63,NO,527,906,379,1,~  2F-R1,PROPOSITION 63 FIREARMS,NO,527,908,0,-2,0,2,187,0.00%,2F-R1.PROPOSITION 63 FIREARMS. AMMUNITION SALES. INITIATIVE STATUTE..NO
000031 ,2,3,008 047 048 080 081 161 162 224 225 235 243,PROP_63,YES,340,906,566,1,~  2F-R1,PROPOSITION 63 FIREARMS,YES,340,908,0,-2,0,2,187,0.00%,2F-R1.PROPOSITION 63 FIREARMS. AMMUNITION SALES. INITIATIVE STATUTE..YES
000031 ,2,3,008 047 048 080 081 161 162 224 225 235 243,PROP_65,NO,537,906,369,1,~  2F-R1,PROPOSITION 65 CARRYOUT,NO,537,908,0,-2,0,2,218,0.00%,2F-R1.PROPOSITION 65 CARRYOUT BAGS. CHARGES. INITIATIVE STATUTE..NO
000031 ,1,1,008 047 048 080 161 162 224 225 229 235 243,STATEASS2,KEN_ANTON,246,908,662,0,~  2F-R1,"STATE ASSEMBLY, DISTRIC",KEN ANTON,246,908,0,0,0,0,252,0.00%,"2F-R1.STATE ASSEMBLY, DISTRICT 2.KEN ANTON"
000031 ,1,1,008 047 048 080 161 162 224 225 229 235 243,USREP,DALE_K_MENSING,353,908,555,0,~  2F-R1,US REPRESENTATIVE IN CO,DALE K. MENSING,353,908,0,0,0,0,136,0.00%,"2F-R1.US REPRESENTATIVE IN CONGRESS, DISTRICT 2.DALE K. MENSING"
000031 ,1,1,008 047 048 080 161 162 224 225 229 235 243,USREP,JARED_W_HUFFMAN,489,908,419,0,~  2F-R1,US REPRESENTATIVE IN CO,JARED W. HUFFMAN,489,908,0,0,0,0,136,0.00%,"2F-R1.US REPRESENTATIVE IN CONGRESS, DISTRICT 2.JARED W. HUFFMAN"
000031 ,1,1,008 047 048 080 161 162 224 225 229 235 243,USSEN,LORETTA_L_SANCHEZ,266,908,642,1,~  2F-R1,US SENATOR,LORETTA L. SANCHEZ,266,908,0,0,0,0,138,0.00%,2F-R1.US SENATOR.LORETTA L. SANCHEZ
000032 ,1,1,006 048 053 087 088 164 225 229 235,FORT_CC,TAMI_TRENT,371,675,304,0,~  2F-R2,FORTUNA CITY COUNCILMEM,TAMI TRENT,371,676,0,-1,0,1,19,0.00%,2F-R2.FORTUNA CITY COUNCILMEMBER.TAMI TRENT
000032 ,1,1,006 048 053 087 088 164 225 229 235,FORT_CC,Write_in,31,1350,1319,0,~  2F-R2,FORTUNA CITY COUNCILMEM,Write_in,31,676,0,674,0,674,19,0.00%,2F-R2.FORTUNA CITY COUNCILMEMBER.Write_in
000032 ,2,4,006 048 053 087 164 225 235 243,MEAS_E,NO,273,674,401,2,~  2F-R2,MEASURE E FORTUNA POLIC,NO,273,676,0,-2,0,2,100,0.00%,2F-R2.MEASURE E FORTUNA POLICE AND ESSENTIAL SERVICES MEASURE..NO
000032 ,2,3,006 048 053 087 164 225 235 243,MEAS_S,NO,231,674,443,2,~  2F-R2,MEASURE S HUMBOLDT COUN,NO,231,676,0,-2,0,2,172,0.00%,2F-R2.MEASURE S HUMBOLDT COUNTY COMMERCIAL MARIJUANA CULTIVATION MEASURE..NO
000032 ,2,3,006 048 053 087 164 225 235 243,MEAS_U,YES,185,674,489,0,~  2F-R2,MEASURE U LOCAL TRANSPO,YES,185,676,0,-2,0,2,252,0.00%,2F-R2.MEASURE U LOCAL TRANSPORTATION AUTHORITY RETAIL TRANSACTIONS AND USE TAX..YES
000032 ,1,1,006 048 053 087 088 164 225 229 235,PRES,DONALD_J_TRUMP,369,675,306,0,~  2F-R2,PRESIDENT AND VICE PRES,DONALD J. TRUMP      ,369,676,0,-1,0,1,149,0.00%,2F-R2.PRESIDENT AND VICE PRESIDENT.DONALD J. TRUMP      and MICHAEL R. PENCE
000032 ,1,1,006 048 053 087 088 164 225 229 235,PRES,GARY_JOHNSON,30,675,645,0,~  2F-R2,PRESIDENT AND VICE PRES,GARY JOHNSON      and,30,676,0,-1,0,1,149,0.00%,2F-R2.PRESIDENT AND VICE PRESIDENT.GARY JOHNSON      and BILL WELD
000032 ,1,1,006 048 053 087 088 164 225 229 235,PRES,HILLARY_CLINTON,220,675,455,0,~  2F-R2,PRESIDENT AND VICE PRES,HILLARY CLINTON      ,220,676,0,-1,0,1,149,0.00%,2F-R2.PRESIDENT AND VICE PRESIDENT.HILLARY CLINTON      and TIM KAINE
000032 ,1,1,006 048 053 087 088 164 225 229 235,PRES,JILL_STEIN,9,675,666,0,~  2F-R2,PRESIDENT AND VICE PRES,JILL STEIN      and A,9,676,0,-1,0,1,149,0.00%,2F-R2.PRESIDENT AND VICE PRESIDENT.JILL STEIN      and AJAMU BARAKA
000032 ,1,1,006 048 053 087 088 164 225 229 235,PRES,Write_in,31,675,644,0,~  2F-R2,PRESIDENT AND VICE PRES,Write_in,31,676,0,-1,0,1,149,0.00%,2F-R2.PRESIDENT AND VICE PRESIDENT.Write_in
000032 ,1,1,006 048 053 087 088 164 225 229 235,PROP_51,NO,394,675,281,1,~  2F-R2,PROPOSITION 51 SCHOOL B,NO,394,676,0,-1,0,1,152,0.00%,2F-R2.PROPOSITION 51 SCHOOL BONDS. FUNDING FOR K-12 SCHOOL AND COMMUNITY COLLEGE FACILITIES. INITIATIVE.NO
000032 ,1,1,006 048 053 087 088 164 225 229 235,PROP_51,YES,242,675,433,1,~  2F-R2,PROPOSITION 51 SCHOOL B,YES,242,676,0,-1,0,1,152,0.00%,2F-R2.PROPOSITION 51 SCHOOL BONDS. FUNDING FOR K-12 SCHOOL AND COMMUNITY COLLEGE FACILITIES. INITIATIVE.YES
000032 ,1,1,006 048 053 087 088 164 225 229 235,PROP_52,NO,284,675,391,0,~  2F-R2,PROPOSITION 52 MEDI-CAL,NO,284,676,0,-1,0,1,59,0.00%,2F-R2.PROPOSITION 52 MEDI-CAL HOSPITAL FEE PROGRAM. INITIATIVE CONSTITUTIONAL AMENDMENT AND STATUTE..NO
000032 ,1,1,006 048 053 087 088 164 225 229 235,PROP_53,NO,301,675,374,2,~  2F-R2,PROPOSITION 53 REVENUE ,NO,301,676,0,-1,0,1,8,0.00%,2F-R2.PROPOSITION 53 REVENUE BONDS. STATEWIDE VOTER APPROVAL. INITIATIVE CONSTITUTIONAL AMENDMENT..NO
000032 ,1,1,006 048 053 087 088 164 225 229 235,PROP_54,NO,275,675,400,0,~  2F-R2,PROPOSITION 54 LEGISLAT,NO,275,676,0,-1,0,1,74,0.00%,2F-R2.PROPOSITION 54 LEGISLATURE. LEGISLATION AND PROCEEDINGS. INITIATIVE CONSTITUTIONAL AMENDMENT AND.NO
000032 ,1,2,006 048 053 087 088 164 225 229 235,PROP_55,NO,289,676,387,0,~  2F-R2,PROPOSITION 55 TAX EXTE,NO,289,676,0,0,0,0,57,0.00%,2F-R2.PROPOSITION 55 TAX EXTENSION TO FUND EDUCATION AND HEALTHCARE. INITIATIVE CONSTITUTIONAL AMENDMENT..NO
000032 ,1,2,006 048 053 087 088 164 225 229 235,PROP_55,YES,346,676,330,0,~  2F-R2,PROPOSITION 55 TAX EXTE,YES,346,676,0,0,0,0,57,0.00%,2F-R2.PROPOSITION 55 TAX EXTENSION TO FUND EDUCATION AND HEALTHCARE. INITIATIVE CONSTITUTIONAL AMENDMENT..YES
000032 ,1,2,006 048 053 087 088 164 225 229 235,PROP_56,NO,306,676,370,1,~  2F-R2,PROPOSITION 56 CIGARETT,NO,306,676,0,0,0,0,37,0.00%,"2F-R2.PROPOSITION 56 CIGARETTE TAX TO FUND HEALTHCARE, TOBACCO USE PREVENTION, RESEARCH, AND.NO"
000032 ,1,2,006 048 053 087 088 164 225 229 235,PROP_57,NO,342,676,334,0,~  2F-R2,PROPOSITION 57 CRIMINAL,NO,342,676,0,0,0,0,50,0.00%,2F-R2.PROPOSITION 57 CRIMINAL SENTENCES. PAROLE. JUVENILE CRIMINAL PROCEEDINGS AND SENTENCING. INITIATIVE.NO
000032 ,1,2,006 048 053 087 088 164 225 229 235,PROP_57,YES,292,676,384,0,~  2F-R2,PROPOSITION 57 CRIMINAL,YES,292,676,0,0,0,0,50,0.00%,2F-R2.PROPOSITION 57 CRIMINAL SENTENCES. PAROLE. JUVENILE CRIMINAL PROCEEDINGS AND SENTENCING. INITIATIVE.YES
000032 ,1,2,006 048 053 087 088 164 225 229 235,PROP_58,NO,211,676,465,1,~  2F-R2,PROPOSITION 58 ENGLISH ,NO,211,676,0,0,0,0,210,0.00%,2F-R2.PROPOSITION 58 ENGLISH PROFICIENCY. MULTILINGUAL EDUCATION. INITIATIVE STATUTE..NO
000032 ,1,2,006 048 053 087 088 164 225 229 235,PROP_58,YES,421,676,255,1,~  2F-R2,PROPOSITION 58 ENGLISH ,YES,421,676,0,0,0,0,210,0.00%,2F-R2.PROPOSITION 58 ENGLISH PROFICIENCY. MULTILINGUAL EDUCATION. INITIATIVE STATUTE..YES
000032 ,1,2,006 048 053 087 088 164 225 229 235,PROP_60,NO,385,676,291,0,~  2F-R2,PROPOSITION 60 ADULT FI,NO,385,676,0,0,0,0,151,0.00%,2F-R2.PROPOSITION 60 ADULT FILMS. CONDOMS. HEALTH REQUIREMENTS. INITIATIVE STATUTE..NO
000032 ,1,2,006 048 053 087 088 164 225 229 235,PROP_60,YES,234,676,442,0,~  2F-R2,PROPOSITION 60 ADULT FI,YES,234,676,0,0,0,0,151,0.00%,2F-R2.PROPOSITION 60 ADULT FILMS. CONDOMS. HEALTH REQUIREMENTS. INITIATIVE STATUTE..YES
000032 ,1,2,006 048 053 087 088 164 225 229 235,PROP_62,YES,182,676,494,3,~  2F-R2,PROPOSITION 62 DEATH PE,YES,182,676,0,0,0,0,271,0.00%,2F-R2.PROPOSITION 62 DEATH PENALTY. INITIATIVE STATUTE..YES
000032 ,2,3,006 048 053 087 164 225 235 243,PROP_63,NO,424,674,250,1,~  2F-R2,PROPOSITION 63 FIREARMS,NO,424,676,0,-2,0,2,202,0.00%,2F-R2.PROPOSITION 63 FIREARMS. AMMUNITION SALES. INITIATIVE STATUTE..NO
000032 ,2,3,006 048 053 087 164 225 235 243,PROP_63,YES,222,674,452,1,~  2F-R2,PROPOSITION 63 FIREARMS,YES,222,676,0,-2,0,2,202,0.00%,2F-R2.PROPOSITION 63 FIREARMS. AMMUNITION SALES. INITIATIVE STATUTE..YES
000032 ,2,3,006 048 053 087 164 225 235 243,PROP_64,YES,304,674,370,0,~  2F-R2,PROPOSITION 64 MARIJUAN,YES,304,676,0,-2,0,2,41,0.00%,2F-R2.PROPOSITION 64 MARIJUANA LEGALIZATION. INITIATIVE STATUTE..YES
000032 ,2,3,006 048 053 087 164 225 235 243,PROP_65,YES,222,674,452,0,~  2F-R2,PROPOSITION 65 CARRYOUT,YES,222,676,0,-2,0,2,184,0.00%,2F-R2.PROPOSITION 65 CARRYOUT BAGS. CHARGES. INITIATIVE STATUTE..YES
000032 ,2,3,006 048 053 087 164 225 235 243,PROP_66,YES,313,674,361,0,~  2F-R2,PROPOSITION 66 DEATH PE,YES,313,676,0,-2,0,2,20,0.00%,2F-R2.PROPOSITION 66 DEATH PENALTY. PROCEDURES. INITIATIVE STATUTE..YES
000032 ,2,3,006 048 053 087 164 225 235 243,PROP_67,YES,254,674,420,0,~  2F-R2,PROPOSITION 67 BAN ON S,YES,254,676,0,-2,0,2,124,0.00%,2F-R2.PROPOSITION 67 BAN ON SINGLE-USE PLASTIC BAGS. REFERENDUM..YES
000032 ,1,1,006 048 053 087 088 164 225 229 235,STATEASS2,JIM_WOOD,331,675,344,0,~  2F-R2,"STATE ASSEMBLY, DISTRIC",JIM WOOD,331,676,0,-1,0,1,111,0.00%,"2F-R2.STATE ASSEMBLY, DISTRICT 2.JIM WOOD"
000032 ,1,1,006 048 053 087 088 164 225 229 235,STATEASS2,KEN_ANTON,220,675,455,0,~  2F-R2,"STATE ASSEMBLY, DISTRIC",KEN ANTON,220,676,0,-1,0,1,111,0.00%,"2F-R2.STATE ASSEMBLY, DISTRICT 2.KEN ANTON"
000032 ,1,1,006 048 053 087 088 164 225 229 235,USREP,DALE_K_MENSING,284,675,391,1,~  2F-R2,US REPRESENTATIVE IN CO,DALE K. MENSING,284,676,0,-1,0,1,48,0.00%,"2F-R2.US REPRESENTATIVE IN CONGRESS, DISTRICT 2.DALE K. MENSING"
000032 ,1,1,006 048 053 087 088 164 225 229 235,USREP,JARED_W_HUFFMAN,332,675,343,1,~  2F-R2,US REPRESENTATIVE IN CO,JARED W. HUFFMAN,332,676,0,-1,0,1,48,0.00%,"2F-R2.US REPRESENTATIVE IN CONGRESS, DISTRICT 2.JARED W. HUFFMAN"
000032 ,1,1,006 048 053 087 088 164 225 229 235,USSEN,KAMALA_D_HARRIS,295,675,380,0,~  2F-R2,US SENATOR,KAMALA D. HARRIS,295,676,0,-1,0,1,91,0.00%,2F-R2.US SENATOR.KAMALA D. HARRIS
000032 ,1,1,006 048 053 087 088 164 225 229 235,USSEN,LORETTA_L_SANCHEZ,204,675,471,0,~  2F-R2,US SENATOR,LORETTA L. SANCHEZ,204,676,0,-1,0,1,91,0.00%,2F-R2.US SENATOR.LORETTA L. SANCHEZ
000033 ,1,1,007 008 047 079 080 163 164 225 229 235,FORT_CC,DEAN_J_GLASER,385,644,259,0,~  2F-R3,FORTUNA CITY COUNCILMEM,DEAN J. GLASER,385,643,0,1,0,1,81,0.00%,2F-R3.FORTUNA CITY COUNCILMEMBER.DEAN J. GLASER
000033 ,1,1,007 008 047 079 080 163 164 225 229 235,FORT_CC,TAMI_TRENT,304,644,340,1,~  2F-R3,FORTUNA CITY COUNCILMEM,TAMI TRENT,304,643,0,1,0,1,81,0.00%,2F-R3.FORTUNA CITY COUNCILMEMBER.TAMI TRENT
000033 ,1,1,007 008 047 079 080 163 164 225 229 235,FORT_CC,Write_in,33,1288,1255,2,~  2F-R3,FORTUNA CITY COUNCILMEM,Write_in,33,643,0,645,0,645,81,0.00%,2F-R3.FORTUNA CITY COUNCILMEMBER.Write_in
000033 ,2,4,007 008 047 079 163 164 225 235,MEAS_E,NO,260,638,378,0,~  2F-R3,MEASURE E FORTUNA POLIC,NO,260,643,0,-5,0,5,74,0.00%,2F-R3.MEASURE E FORTUNA POLICE AND ESSENTIAL SERVICES MEASURE..NO
000033 ,2,4,007 008 047 079 163 164 225 235,MEAS_E,YES,334,638,304,0,~  2F-R3,MEASURE E FORTUNA POLIC,YES,334,643,0,-5,0,5,74,0.00%,2F-R3.MEASURE E FORTUNA POLICE AND ESSENTIAL SERVICES MEASURE..YES
000033 ,2,3,007 008 047 079 163 164 225 235,MEAS_Q,NO,301,638,337,1,~  2F-R3,MEASURE Q HUMBOLDT COUN,NO,301,643,0,-5,0,5,46,0.00%,2F-R3.MEASURE Q HUMBOLDT COUNTY CREATION OF FINANCE DEPARTMENT MEASURE..NO
000033 ,2,3,007 008 047 079 163 164 225 235,MEAS_R,NO,348,638,290,2,~  2F-R3,MEASURE R HUMBOLDT COUN,NO,348,643,0,-5,0,5,133,0.00%,2F-R3.MEASURE R HUMBOLDT COUNTY FINANCE DEPARTMENT ELECTIVE OFFICE MEASURE..NO
000033 ,2,3,007 008 047 079 163 164 225 235,MEAS_U,YES,199,638,439,0,~  2F-R3,MEASURE U LOCAL TRANSPO,YES,199,643,0,-5,0,5,187,0.00%,2F-R3.MEASURE U LOCAL TRANSPORTATION AUTHORITY RETAIL TRANSACTIONS AND USE TAX..YES
000033 ,1,1,007 008 047 079 080 163 164 225 229 235,PRES,DONALD_J_TRUMP,326,644,318,0,~  2F-R3,PRESIDENT AND VICE PRES,DONALD J. TRUMP      ,326,643,0,1,0,1,82,0.00%,2F-R3.PRESIDENT AND VICE PRESIDENT.DONALD J. TRUMP      and MICHAEL R. PENCE
000033 ,1,1,007 008 047 079 080 163 164 225 229 235,PRES,GLORIA_ESTELA_LA_RIVA,3,644,641,0,~  2F-R3,PRESIDENT AND VICE PRES,GLORIA ESTELA LA RIVA,3,643,0,1,0,1,82,0.00%,2F-R3.PRESIDENT AND VICE PRESIDENT.GLORIA ESTELA LA RIVA      and DENNIS J. BANKS
000033 ,1,1,007 008 047 079 080 163 164 225 229 235,PRES,JILL_STEIN,16,644,628,0,~  2F-R3,PRESIDENT AND VICE PRES,JILL STEIN      and A,16,643,0,1,0,1,82,0.00%,2F-R3.PRESIDENT AND VICE PRESIDENT.JILL STEIN      and AJAMU BARAKA
000033 ,1,1,007 008 047 079 080 163 164 225 229 235,PRES,Write_in,21,644,623,0,~  2F-R3,PRESIDENT AND VICE PRES,Write_in,21,643,0,1,0,1,82,0.00%,2F-R3.PRESIDENT AND VICE PRESIDENT.Write_in
000033 ,1,1,007 008 047 079 080 163 164 225 229 235,PROP_52,YES,342,644,302,1,~  2F-R3,PROPOSITION 52 MEDI-CAL,YES,342,643,0,1,0,1,87,0.00%,2F-R3.PROPOSITION 52 MEDI-CAL HOSPITAL FEE PROGRAM. INITIATIVE CONSTITUTIONAL AMENDMENT AND STATUTE..YES
000033 ,1,1,007 008 047 079 080 163 164 225 229 235,PROP_53,NO,289,644,355,2,~  2F-R3,PROPOSITION 53 REVENUE ,NO,289,643,0,1,0,1,4,0.00%,2F-R3.PROPOSITION 53 REVENUE BONDS. STATEWIDE VOTER APPROVAL. INITIATIVE CONSTITUTIONAL AMENDMENT..NO
000033 ,1,1,007 008 047 079 080 163 164 225 229 235,PROP_54,YES,328,644,316,4,~  2F-R3,PROPOSITION 54 LEGISLAT,YES,328,643,0,1,0,1,74,0.00%,2F-R3.PROPOSITION 54 LEGISLATURE. LEGISLATION AND PROCEEDINGS. INITIATIVE CONSTITUTIONAL AMENDMENT AND.YES
000033 ,1,2,007 008 047 079 080 163 164 225 229 235,PROP_55,YES,333,641,308,0,~  2F-R3,PROPOSITION 55 TAX EXTE,YES,333,643,0,-2,0,2,63,0.00%,2F-R3.PROPOSITION 55 TAX EXTENSION TO FUND EDUCATION AND HEALTHCARE. INITIATIVE CONSTITUTIONAL AMENDMENT..YES
000033 ,1,2,007 008 047 079 080 163 164 225 229 235,PROP_56,YES,308,641,333,1,~  2F-R3,PROPOSITION 56 CIGARETT,YES,308,643,0,-2,0,2,1,0.00%,"2F-R3.PROPOSITION 56 CIGARETTE TAX TO FUND HEALTHCARE, TOBACCO USE PREVENTION, RESEARCH, AND.YES"
000033 ,1,2,007 008 047 079 080 163 164 225 229 235,PROP_57,YES,277,641,364,0,~  2F-R3,PROPOSITION 57 CRIMINAL,YES,277,643,0,-2,0,2,40,0.00%,2F-R3.PROPOSITION 57 CRIMINAL SENTENCES. PAROLE. JUVENILE CRIMINAL PROCEEDINGS AND SENTENCING. INITIATIVE.YES
000033 ,1,2,007 008 047 079 080 163 164 225 229 235,PROP_60,YES,227,641,414,0,~  2F-R3,PROPOSITION 60 ADULT FI,YES,227,643,0,-2,0,2,120,0.00%,2F-R3.PROPOSITION 60 ADULT FILMS. CONDOMS. HEALTH REQUIREMENTS. INITIATIVE STATUTE..YES
000033 ,2,3,007 008 047 079 163 164 225 235,PROP_63,YES,212,638,426,1,~  2F-R3,PROPOSITION 63 FIREARMS,YES,212,643,0,-5,0,5,183,0.00%,2F-R3.PROPOSITION 63 FIREARMS. AMMUNITION SALES. INITIATIVE STATUTE..YES
000033 ,2,3,007 008 047 079 163 164 225 235,PROP_64,YES,286,638,352,3,~  2F-R3,PROPOSITION 64 MARIJUAN,YES,286,643,0,-5,0,5,53,0.00%,2F-R3.PROPOSITION 64 MARIJUANA LEGALIZATION. INITIATIVE STATUTE..YES
000033 ,2,3,007 008 047 079 163 164 225 235,PROP_65,YES,210,638,428,2,~  2F-R3,PROPOSITION 65 CARRYOUT,YES,210,643,0,-5,0,5,184,0.00%,2F-R3.PROPOSITION 65 CARRYOUT BAGS. CHARGES. INITIATIVE STATUTE..YES
000033 ,2,3,007 008 047 079 163 164 225 235,PROP_66,NO,282,638,356,0,~  2F-R3,PROPOSITION 66 DEATH PE,NO,282,643,0,-5,0,5,4,0.00%,2F-R3.PROPOSITION 66 DEATH PENALTY. PROCEDURES. INITIATIVE STATUTE..NO
000033 ,2,3,007 008 047 079 163 164 225 235,PROP_66,YES,286,638,352,0,~  2F-R3,PROPOSITION 66 DEATH PE,YES,286,643,0,-5,0,5,4,0.00%,2F-R3.PROPOSITION 66 DEATH PENALTY. PROCEDURES. INITIATIVE STATUTE..YES
000033 ,1,1,007 008 047 079 080 163 164 225 229 235,STATEASS2,JIM_WOOD,312,644,332,0,~  2F-R3,"STATE ASSEMBLY, DISTRIC",JIM WOOD,312,643,0,1,0,1,108,0.00%,"2F-R3.STATE ASSEMBLY, DISTRICT 2.JIM WOOD"
000033 ,1,1,007 008 047 079 080 163 164 225 229 235,STATEASS2,KEN_ANTON,204,644,440,0,~  2F-R3,"STATE ASSEMBLY, DISTRIC",KEN ANTON,204,643,0,1,0,1,108,0.00%,"2F-R3.STATE ASSEMBLY, DISTRICT 2.KEN ANTON"
000033 ,1,1,007 008 047 079 080 163 164 225 229 235,USREP,JARED_W_HUFFMAN,340,644,304,1,~  2F-R3,US REPRESENTATIVE IN CO,JARED W. HUFFMAN,340,643,0,1,0,1,80,0.00%,"2F-R3.US REPRESENTATIVE IN CONGRESS, DISTRICT 2.JARED W. HUFFMAN"
000034 ,1,1,009 047 077 078 079 164 165 225 229 235,FORT_CC,DEAN_J_GLASER,347,623,276,0,~  2F-R4,FORTUNA CITY COUNCILMEM,DEAN J. GLASER,347,622,0,1,0,1,19,0.00%,2F-R4.FORTUNA CITY COUNCILMEMBER.DEAN J. GLASER
000034 ,1,1,009 047 077 078 079 164 165 225 229 235,FORT_CC,TAMI_TRENT,328,623,295,0,~  2F-R4,FORTUNA CITY COUNCILMEM,TAMI TRENT,328,622,0,1,0,1,19,0.00%,2F-R4.FORTUNA CITY COUNCILMEMBER.TAMI TRENT
000034 ,1,1,009 047 077 078 079 164 165 225 229 235,FORT_CC,Write_in,33,1246,1213,0,~  2F-R4,FORTUNA CITY COUNCILMEM,Write_in,33,622,0,624,0,624,19,0.00%,2F-R4.FORTUNA CITY COUNCILMEMBER.Write_in
000034 ,2,4,009 047 078 164 165 225 235,MEAS_E,YES,347,621,274,1,~  2F-R4,MEASURE E FORTUNA POLIC,YES,347,622,0,-1,0,1,103,0.00%,2F-R4.MEASURE E FORTUNA POLICE AND ESSENTIAL SERVICES MEASURE..YES
000034 ,2,3,009 047 078 164 165 225 235,MEAS_S,YES,376,620,244,2,~  2F-R4,MEASURE S HUMBOLDT COUN,YES,376,622,0,-2,0,2,167,0.00%,2F-R4.MEASURE S HUMBOLDT COUNTY COMMERCIAL MARIJUANA CULTIVATION MEASURE..YES
000034 ,2,3,009 047 078 164 165 225 235,MEAS_U,YES,197,620,423,0,~  2F-R4,MEASURE U LOCAL TRANSPO,YES,197,622,0,-2,0,2,178,0.00%,2F-R4.MEASURE U LOCAL TRANSPORTATION AUTHORITY RETAIL TRANSACTIONS AND USE TAX..YES
000034 ,2,3,009 047 078 164 165 225 235,MEAS_V,NO,331,620,289,1,~  2F-R4,MEASURE V MOBILE HOME P,NO,331,622,0,-2,0,2,85,0.00%,2F-R4.MEASURE V MOBILE HOME PARK SPACE RENT STABILIZATION..NO
000034 ,2,3,009 047 078 164 165 225 235,MEAS_V,YES,246,620,374,1,~  2F-R4,MEASURE V MOBILE HOME P,YES,246,622,0,-2,0,2,85,0.00%,2F-R4.MEASURE V MOBILE HOME PARK SPACE RENT STABILIZATION..YES
000034 ,1,1,009 047 077 078 079 164 165 225 229 235,PRES,GLORIA_ESTELA_LA_RIVA,5,623,618,0,~  2F-R4,PRESIDENT AND VICE PRES,GLORIA ESTELA LA RIVA,5,622,0,1,0,1,90,0.00%,2F-R4.PRESIDENT AND VICE PRESIDENT.GLORIA ESTELA LA RIVA      and DENNIS J. BANKS
000034 ,1,1,009 047 077 078 079 164 165 225 229 235,PRES,HILLARY_CLINTON,216,623,407,0,~  2F-R4,PRESIDENT AND VICE PRES,HILLARY CLINTON      ,216,622,0,1,0,1,90,0.00%,2F-R4.PRESIDENT AND VICE PRESIDENT.HILLARY CLINTON      and TIM KAINE
000034 ,1,1,009 047 077 078 079 164 165 225 229 235,PRES,JILL_STEIN,18,623,605,0,~  2F-R4,PRESIDENT AND VICE PRES,JILL STEIN      and A,18,622,0,1,0,1,90,0.00%,2F-R4.PRESIDENT AND VICE PRESIDENT.JILL STEIN      and AJAMU BARAKA
000034 ,1,1,009 047 077 078 079 164 165 225 229 235,PROP_51,NO,354,623,269,0,~  2F-R4,PROPOSITION 51 SCHOOL B,NO,354,622,0,1,0,1,123,0.00%,2F-R4.PROPOSITION 51 SCHOOL BONDS. FUNDING FOR K-12 SCHOOL AND COMMUNITY COLLEGE FACILITIES. INITIATIVE.NO
000034 ,1,1,009 047 077 078 079 164 165 225 229 235,PROP_52,NO,235,623,388,0,~  2F-R4,PROPOSITION 52 MEDI-CAL,NO,235,622,0,1,0,1,102,0.00%,2F-R4.PROPOSITION 52 MEDI-CAL HOSPITAL FEE PROGRAM. INITIATIVE CONSTITUTIONAL AMENDMENT AND STATUTE..NO
000034 ,1,2,009 047 077 078 079 164 165 225 229 235,PROP_55,NO,261,623,362,0,~  2F-R4,PROPOSITION 55 TAX EXTE,NO,261,622,0,1,0,1,63,0.00%,2F-R4.PROPOSITION 55 TAX EXTENSION TO FUND EDUCATION AND HEALTHCARE. INITIATIVE CONSTITUTIONAL AMENDMENT..NO
000034 ,1,2,009 047 077 078 079 164 165 225 229 235,PROP_56,NO,289,623,334,0,~  2F-R4,PROPOSITION 56 CIGARETT,NO,289,622,0,1,0,1,19,0.00%,"2F-R4.PROPOSITION 56 CIGARETTE TAX TO FUND HEALTHCARE, TOBACCO USE PREVENTION, RESEARCH, AND.NO"
000034 ,1,2,009 047 077 078 079 164 165 225 229 235,PROP_57,NO,286,623,337,0,~  2F-R4,PROPOSITION 57 CRIMINAL,NO,286,622,0,1,0,1,14,0.00%,2F-R4.PROPOSITION 57 CRIMINAL SENTENCES. PAROLE. JUVENILE CRIMINAL PROCEEDINGS AND SENTENCING. INITIATIVE.NO
000034 ,1,2,009 047 077 078 079 164 165 225 229 235,PROP_58,NO,178,623,445,1,~  2F-R4,PROPOSITION 58 ENGLISH ,NO,178,622,0,1,0,1,227,0.00%,2F-R4.PROPOSITION 58 ENGLISH PROFICIENCY. MULTILINGUAL EDUCATION. INITIATIVE STATUTE..NO
000034 ,1,2,009 047 077 078 079 164 165 225 229 235,PROP_59,NO,302,623,321,0,~  2F-R4,PROPOSITION 59 CORPORAT,NO,302,622,0,1,0,1,49,0.00%,2F-R4.PROPOSITION 59 CORPORATIONS. POLITICAL SPENDING. FEDERAL CONSTITUTIONAL PROTECTIONS..NO
000034 ,1,2,009 047 077 078 079 164 165 225 229 235,PROP_60,NO,336,623,287,0,~  2F-R4,PROPOSITION 60 ADULT FI,NO,336,622,0,1,0,1,93,0.00%,2F-R4.PROPOSITION 60 ADULT FILMS. CONDOMS. HEALTH REQUIREMENTS. INITIATIVE STATUTE..NO
000034 ,1,2,009 047 077 078 079 164 165 225 229 235,PROP_61,NO,313,623,310,0,~  2F-R4,PROPOSITION 61 STATE PR,NO,313,622,0,1,0,1,55,0.00%,2F-R4.PROPOSITION 61 STATE PRESCRIPTION DRUG PURCHASES. PRICING STANDARDS. INITIATIVE STATUTE..NO
000034 ,2,3,009 047 078 164 165 225 235,PROP_63,YES,218,620,402,2,~  2F-R4,PROPOSITION 63 FIREARMS,YES,218,622,0,-2,0,2,159,0.00%,2F-R4.PROPOSITION 63 FIREARMS. AMMUNITION SALES. INITIATIVE STATUTE..YES
000034 ,2,3,009 047 078 164 165 225 235,PROP_64,NO,302,620,318,0,~  2F-R4,PROPOSITION 64 MARIJUAN,NO,302,622,0,-2,0,2,3,0.00%,2F-R4.PROPOSITION 64 MARIJUANA LEGALIZATION. INITIATIVE STATUTE..NO
000034 ,2,3,009 047 078 164 165 225 235,PROP_67,NO,346,620,274,1,~  2F-R4,PROPOSITION 67 BAN ON S,NO,346,622,0,-2,0,2,102,0.00%,2F-R4.PROPOSITION 67 BAN ON SINGLE-USE PLASTIC BAGS. REFERENDUM..NO
000034 ,1,1,009 047 077 078 079 164 165 225 229 235,STATEASS2,JIM_WOOD,317,623,306,0,~  2F-R4,"STATE ASSEMBLY, DISTRIC",JIM WOOD,317,622,0,1,0,1,112,0.00%,"2F-R4.STATE ASSEMBLY, DISTRICT 2.JIM WOOD"
000034 ,1,1,009 047 077 078 079 164 165 225 229 235,USREP,JARED_W_HUFFMAN,316,623,307,0,~  2F-R4,US REPRESENTATIVE IN CO,JARED W. HUFFMAN,316,622,0,1,0,1,50,0.00%,"2F-R4.US REPRESENTATIVE IN CONGRESS, DISTRICT 2.JARED W. HUFFMAN"
000035 ,2,3,008 009 049 076 077 165 166 224 235,MEAS_Q,YES,264,666,402,1,~  2HV-1,MEASURE Q HUMBOLDT COUN,YES,264,667,0,-1,0,1,59,0.00%,2HV-1.MEASURE Q HUMBOLDT COUNTY CREATION OF FINANCE DEPARTMENT MEASURE..YES
000035 ,2,3,008 009 049 076 077 165 166 224 235,MEAS_R,NO,342,666,324,1,~  2HV-1,MEASURE R HUMBOLDT COUN,NO,342,667,0,-1,0,1,100,0.00%,2HV-1.MEASURE R HUMBOLDT COUNTY FINANCE DEPARTMENT ELECTIVE OFFICE MEASURE..NO
000035 ,2,3,008 009 049 076 077 165 166 224 235,MEAS_S,YES,433,666,233,1,~  2HV-1,MEASURE S HUMBOLDT COUN,YES,433,667,0,-1,0,1,229,0.00%,2HV-1.MEASURE S HUMBOLDT COUNTY COMMERCIAL MARIJUANA CULTIVATION MEASURE..YES
000035 ,2,3,008 009 049 076 077 165 166 224 235,MEAS_U,NO,457,666,209,2,~  2HV-1,MEASURE U LOCAL TRANSPO,NO,457,667,0,-1,0,1,289,0.00%,2HV-1.MEASURE U LOCAL TRANSPORTATION AUTHORITY RETAIL TRANSACTIONS AND USE TAX..NO
000035 ,2,3,008 009 049 076 077 165 166 224 235,MEAS_V,YES,254,666,412,1,~  2HV-1,MEASURE V MOBILE HOME P,YES,254,667,0,-1,0,1,116,0.00%,2HV-1.MEASURE V MOBILE HOME PARK SPACE RENT STABILIZATION..YES
000035 ,1,1,008 009 049 076 165 166 224 235 243,PRES,DONALD_J_TRUMP,370,667,297,0,~  2HV-1,PRESIDENT AND VICE PRES,DONALD J. TRUMP      ,370,667,0,0,0,0,149,0.00%,2HV-1.PRESIDENT AND VICE PRESIDENT.DONALD J. TRUMP      and MICHAEL R. PENCE
000035 ,1,1,008 009 049 076 165 166 224 235 243,PRES,GARY_JOHNSON,32,667,635,0,~  2HV-1,PRESIDENT AND VICE PRES,GARY JOHNSON      and,32,667,0,0,0,0,149,0.00%,2HV-1.PRESIDENT AND VICE PRESIDENT.GARY JOHNSON      and BILL WELD
000035 ,1,1,008 009 049 076 165 166 224 235 243,PRES,HILLARY_CLINTON,221,667,446,0,~  2HV-1,PRESIDENT AND VICE PRES,HILLARY CLINTON      ,221,667,0,0,0,0,149,0.00%,2HV-1.PRESIDENT AND VICE PRESIDENT.HILLARY CLINTON      and TIM KAINE
000035 ,1,1,008 009 049 076 165 166 224 235 243,PRES,JILL_STEIN,7,667,660,0,~  2HV-1,PRESIDENT AND VICE PRES,JILL STEIN      and A,7,667,0,0,0,0,149,0.00%,2HV-1.PRESIDENT AND VICE PRESIDENT.JILL STEIN      and AJAMU BARAKA
000035 ,1,1,008 009 049 076 165 166 224 235 243,PRES,Write_in,27,667,640,0,~  2HV-1,PRESIDENT AND VICE PRES,Write_in,27,667,0,0,0,0,149,0.00%,2HV-1.PRESIDENT AND VICE PRESIDENT.Write_in
000035 ,1,1,008 009 049 076 165 166 224 235 243,PROP_51,NO,409,667,258,1,~  2HV-1,PROPOSITION 51 SCHOOL B,NO,409,667,0,0,0,0,184,0.00%,2HV-1.PROPOSITION 51 SCHOOL BONDS. FUNDING FOR K-12 SCHOOL AND COMMUNITY COLLEGE FACILITIES. INITIATIVE.NO
000035 ,1,1,008 009 049 076 165 166 224 235 243,PROP_52,YES,337,667,330,0,~  2HV-1,PROPOSITION 52 MEDI-CAL,YES,337,667,0,0,0,0,40,0.00%,2HV-1.PROPOSITION 52 MEDI-CAL HOSPITAL FEE PROGRAM. INITIATIVE CONSTITUTIONAL AMENDMENT AND STATUTE..YES
000035 ,1,1,008 009 049 076 165 166 224 235 243,PROP_53,NO,276,667,391,1,~  2HV-1,PROPOSITION 53 REVENUE ,NO,276,667,0,0,0,0,75,0.00%,2HV-1.PROPOSITION 53 REVENUE BONDS. STATEWIDE VOTER APPROVAL. INITIATIVE CONSTITUTIONAL AMENDMENT..NO
000035 ,1,1,008 009 049 076 165 166 224 235 243,PROP_54,NO,251,667,416,0,~  2HV-1,PROPOSITION 54 LEGISLAT,NO,251,667,0,0,0,0,129,0.00%,2HV-1.PROPOSITION 54 LEGISLATURE. LEGISLATION AND PROCEEDINGS. INITIATIVE CONSTITUTIONAL AMENDMENT AND.NO
000035 ,1,1,008 009 049 076 165 166 224 235 243,PROP_54,YES,380,667,287,0,~  2HV-1,PROPOSITION 54 LEGISLAT,YES,380,667,0,0,0,0,129,0.00%,2HV-1.PROPOSITION 54 LEGISLATURE. LEGISLATION AND PROCEEDINGS. INITIATIVE CONSTITUTIONAL AMENDMENT AND.YES
000035 ,1,1,008 009 049 076 165 166 224 235 243,PROP_55,NO,322,667,345,1,~  2HV-1,PROPOSITION 55 TAX EXTE,NO,322,667,0,0,0,0,12,0.00%,2HV-1.PROPOSITION 55 TAX EXTENSION TO FUND EDUCATION AND HEALTHCARE. INITIATIVE CONSTITUTIONAL AMENDMENT..NO
000035 ,1,1,008 009 049 076 165 166 224 235 243,PROP_55,YES,310,667,357,1,~  2HV-1,PROPOSITION 55 TAX EXTE,YES,310,667,0,0,0,0,12,0.00%,2HV-1.PROPOSITION 55 TAX EXTENSION TO FUND EDUCATION AND HEALTHCARE. INITIATIVE CONSTITUTIONAL AMENDMENT..YES
000035 ,1,2,008 009 049 076 165 166 224 235 243,PROP_56,NO,333,667,334,1,~  2HV-1,PROPOSITION 56 CIGARETT,NO,333,667,0,0,0,0,12,0.00%,"2HV-1.PROPOSITION 56 CIGARETTE TAX TO FUND HEALTHCARE, TOBACCO USE PREVENTION, RESEARCH, AND.NO"
000035 ,1,2,008 009 049 076 165 166 224 235 243,PROP_57,NO,344,667,323,0,~  2HV-1,PROPOSITION 57 CRIMINAL,NO,344,667,0,0,0,0,56,0.00%,2HV-1.PROPOSITION 57 CRIMINAL SENTENCES. PAROLE. JUVENILE CRIMINAL PROCEEDINGS AND SENTENCING. INITIATIVE.NO
000035 ,1,2,008 009 049 076 165 166 224 235 243,PROP_57,YES,288,667,379,0,~  2HV-1,PROPOSITION 57 CRIMINAL,YES,288,667,0,0,0,0,56,0.00%,2HV-1.PROPOSITION 57 CRIMINAL SENTENCES. PAROLE. JUVENILE CRIMINAL PROCEEDINGS AND SENTENCING. INITIATIVE.YES
000035 ,1,2,008 009 049 076 165 166 224 235 243,PROP_58,NO,225,667,442,0,~  2HV-1,PROPOSITION 58 ENGLISH ,NO,225,667,0,0,0,0,191,0.00%,2HV-1.PROPOSITION 58 ENGLISH PROFICIENCY. MULTILINGUAL EDUCATION. INITIATIVE STATUTE..NO
000035 ,1,2,008 009 049 076 165 166 224 235 243,PROP_58,YES,416,667,251,0,~  2HV-1,PROPOSITION 58 ENGLISH ,YES,416,667,0,0,0,0,191,0.00%,2HV-1.PROPOSITION 58 ENGLISH PROFICIENCY. MULTILINGUAL EDUCATION. INITIATIVE STATUTE..YES
000035 ,1,2,008 009 049 076 165 166 224 235 243,PROP_59,NO,343,667,324,2,~  2HV-1,PROPOSITION 59 CORPORAT,NO,343,667,0,0,0,0,81,0.00%,2HV-1.PROPOSITION 59 CORPORATIONS. POLITICAL SPENDING. FEDERAL CONSTITUTIONAL PROTECTIONS..NO
000035 ,1,2,008 009 049 076 165 166 224 235 243,PROP_60,NO,413,667,254,2,~  2HV-1,PROPOSITION 60 ADULT FI,NO,413,667,0,0,0,0,222,0.00%,2HV-1.PROPOSITION 60 ADULT FILMS. CONDOMS. HEALTH REQUIREMENTS. INITIATIVE STATUTE..NO
000035 ,1,2,008 009 049 076 165 166 224 235 243,PROP_61,NO,358,667,309,2,~  2HV-1,PROPOSITION 61 STATE PR,NO,358,667,0,0,0,0,101,0.00%,2HV-1.PROPOSITION 61 STATE PRESCRIPTION DRUG PURCHASES. PRICING STANDARDS. INITIATIVE STATUTE..NO
000035 ,1,2,008 009 049 076 165 166 224 235 243,PROP_63,NO,469,667,198,4,~  2HV-1,PROPOSITION 63 FIREARMS,NO,469,667,0,0,0,0,287,0.00%,2HV-1.PROPOSITION 63 FIREARMS. AMMUNITION SALES. INITIATIVE STATUTE..NO
000035 ,2,3,008 009 049 076 077 165 166 224 235,PROP_64,NO,337,666,329,1,~  2HV-1,PROPOSITION 64 MARIJUAN,NO,337,667,0,-1,0,1,18,0.00%,2HV-1.PROPOSITION 64 MARIJUANA LEGALIZATION. INITIATIVE STATUTE..NO
000035 ,2,3,008 009 049 076 077 165 166 224 235,PROP_65,NO,444,666,222,2,~  2HV-1,PROPOSITION 65 CARRYOUT,NO,444,667,0,-1,0,1,262,0.00%,2HV-1.PROPOSITION 65 CARRYOUT BAGS. CHARGES. INITIATIVE STATUTE..NO
000035 ,2,3,008 009 049 076 077 165 166 224 235,PROP_66,NO,278,666,388,0,~  2HV-1,PROPOSITION 66 DEATH PE,NO,278,667,0,-1,0,1,51,0.00%,2HV-1.PROPOSITION 66 DEATH PENALTY. PROCEDURES. INITIATIVE STATUTE..NO
000035 ,2,3,008 009 049 076 077 165 166 224 235,PROP_66,YES,329,666,337,0,~  2HV-1,PROPOSITION 66 DEATH PE,YES,329,667,0,-1,0,1,51,0.00%,2HV-1.PROPOSITION 66 DEATH PENALTY. PROCEDURES. INITIATIVE STATUTE..YES
000035 ,2,3,008 009 049 076 077 165 166 224 235,PROP_67,NO,370,666,296,0,~  2HV-1,PROPOSITION 67 BAN ON S,NO,370,667,0,-1,0,1,103,0.00%,2HV-1.PROPOSITION 67 BAN ON SINGLE-USE PLASTIC BAGS. REFERENDUM..NO
000035 ,2,3,008 009 049 076 077 165 166 224 235,PROP_67,YES,267,666,399,0,~  2HV-1,PROPOSITION 67 BAN ON S,YES,267,667,0,-1,0,1,103,0.00%,2HV-1.PROPOSITION 67 BAN ON SINGLE-USE PLASTIC BAGS. REFERENDUM..YES
000035 ,1,1,008 009 049 076 165 166 224 235 243,STATEASS2,KEN_ANTON,249,667,418,0,~  2HV-1,"STATE ASSEMBLY, DISTRIC",KEN ANTON,249,667,0,0,0,0,54,0.00%,"2HV-1.STATE ASSEMBLY, DISTRICT 2.KEN ANTON"
000035 ,1,1,008 009 049 076 165 166 224 235 243,USREP,DALE_K_MENSING,295,667,372,0,~  2HV-1,US REPRESENTATIVE IN CO,DALE K. MENSING,295,667,0,0,0,0,31,0.00%,"2HV-1.US REPRESENTATIVE IN CONGRESS, DISTRICT 2.DALE K. MENSING"
000035 ,1,1,008 009 049 076 165 166 224 235 243,USREP,JARED_W_HUFFMAN,326,667,341,0,~  2HV-1,US REPRESENTATIVE IN CO,JARED W. HUFFMAN,326,667,0,0,0,0,31,0.00%,"2HV-1.US REPRESENTATIVE IN CONGRESS, DISTRICT 2.JARED W. HUFFMAN"
000035 ,1,1,008 009 049 076 165 166 224 235 243,USSEN,KAMALA_D_HARRIS,303,667,364,0,~  2HV-1,US SENATOR,KAMALA D. HARRIS,303,667,0,0,0,0,128,0.00%,2HV-1.US SENATOR.KAMALA D. HARRIS
000036 ,2,3,034 216 223,MEAS_J,BONDS_NO,10,27,17,0,~  2MR,MEASURE J SHASTA COLLEG,BONDS NO,10,27,0,0,0,0,5,0.00%,2MR.MEASURE J SHASTA COLLEGE JOB TRAINING/VETERAN SUPPORT MEASURE..BONDS NO
000036 ,2,3,034 216 223,MEAS_J,BONDS_YES,15,27,12,0,~  2MR,MEASURE J SHASTA COLLEG,BONDS YES,15,27,0,0,0,0,5,0.00%,2MR.MEASURE J SHASTA COLLEGE JOB TRAINING/VETERAN SUPPORT MEASURE..BONDS YES
000036 ,2,3,034 216 223,MEAS_Q,NO,17,27,10,0,~  2MR,MEASURE Q HUMBOLDT COUN,NO,17,27,0,0,0,0,10,0.00%,2MR.MEASURE Q HUMBOLDT COUNTY CREATION OF FINANCE DEPARTMENT MEASURE..NO
000036 ,2,3,034 216 223,MEAS_Q,YES,7,27,20,0,~  2MR,MEASURE Q HUMBOLDT COUN,YES,7,27,0,0,0,0,10,0.00%,2MR.MEASURE Q HUMBOLDT COUNTY CREATION OF FINANCE DEPARTMENT MEASURE..YES
000036 ,2,3,034 216 223,MEAS_R,NO,19,27,8,0,~  2MR,MEASURE R HUMBOLDT COUN,NO,19,27,0,0,0,0,13,0.00%,2MR.MEASURE R HUMBOLDT COUNTY FINANCE DEPARTMENT ELECTIVE OFFICE MEASURE..NO
000036 ,2,3,034 216 223,MEAS_R,YES,6,27,21,0,~  2MR,MEASURE R HUMBOLDT COUN,YES,6,27,0,0,0,0,13,0.00%,2MR.MEASURE R HUMBOLDT COUNTY FINANCE DEPARTMENT ELECTIVE OFFICE MEASURE..YES
000036 ,2,3,034 216 223,MEAS_S,NO,15,27,12,0,~  2MR,MEASURE S HUMBOLDT COUN,NO,15,27,0,0,0,0,6,0.00%,2MR.MEASURE S HUMBOLDT COUNTY COMMERCIAL MARIJUANA CULTIVATION MEASURE..NO
000036 ,2,3,034 216 223,MEAS_S,YES,9,27,18,0,~  2MR,MEASURE S HUMBOLDT COUN,YES,9,27,0,0,0,0,6,0.00%,2MR.MEASURE S HUMBOLDT COUNTY COMMERCIAL MARIJUANA CULTIVATION MEASURE..YES
000036 ,2,3,034 216 223,MEAS_U,NO,14,27,13,0,~  2MR,MEASURE U LOCAL TRANSPO,NO,14,27,0,0,0,0,3,0.00%,2MR.MEASURE U LOCAL TRANSPORTATION AUTHORITY RETAIL TRANSACTIONS AND USE TAX..NO
000036 ,2,3,034 216 223,MEAS_U,YES,11,27,16,0,~  2MR,MEASURE U LOCAL TRANSPO,YES,11,27,0,0,0,0,3,0.00%,2MR.MEASURE U LOCAL TRANSPORTATION AUTHORITY RETAIL TRANSACTIONS AND USE TAX..YES
000036 ,2,3,034 216 223,MEAS_V,NO,18,27,9,0,~  2MR,MEASURE V MOBILE HOME P,NO,18,27,0,0,0,0,11,0.00%,2MR.MEASURE V MOBILE HOME PARK SPACE RENT STABILIZATION..NO
000036 ,2,3,034 216 223,MEAS_V,YES,7,27,20,0,~  2MR,MEASURE V MOBILE HOME P,YES,7,27,0,0,0,0,11,0.00%,2MR.MEASURE V MOBILE HOME PARK SPACE RENT STABILIZATION..YES
000036 ,1,1,034 216 223,PRES,DONALD_J_TRUMP,13,27,14,0,~  2MR,PRESIDENT AND VICE PRES,DONALD J. TRUMP      ,13,27,0,0,0,0,7,0.00%,2MR.PRESIDENT AND VICE PRESIDENT.DONALD J. TRUMP      and MICHAEL R. PENCE
000036 ,1,1,034 216 223,PRES,GARY_JOHNSON,0,27,27,0,~  2MR,PRESIDENT AND VICE PRES,GARY JOHNSON      and,0,27,0,0,0,0,7,0.00%,2MR.PRESIDENT AND VICE PRESIDENT.GARY JOHNSON      and BILL WELD
000036 ,1,1,034 216 223,PRES,GLORIA_ESTELA_LA_RIVA,0,27,27,0,~  2MR,PRESIDENT AND VICE PRES,GLORIA ESTELA LA RIVA,0,27,0,0,0,0,7,0.00%,2MR.PRESIDENT AND VICE PRESIDENT.GLORIA ESTELA LA RIVA      and DENNIS J. BANKS
000036 ,1,1,034 216 223,PRES,HILLARY_CLINTON,5,27,22,0,~  2MR,PRESIDENT AND VICE PRES,HILLARY CLINTON      ,5,27,0,0,0,0,7,0.00%,2MR.PRESIDENT AND VICE PRESIDENT.HILLARY CLINTON      and TIM KAINE
000036 ,1,1,034 216 223,PRES,JILL_STEIN,6,27,21,0,~  2MR,PRESIDENT AND VICE PRES,JILL STEIN      and A,6,27,0,0,0,0,7,0.00%,2MR.PRESIDENT AND VICE PRESIDENT.JILL STEIN      and AJAMU BARAKA
000036 ,1,1,034 216 223,PRES,Write_in,3,27,24,0,~  2MR,PRESIDENT AND VICE PRES,Write_in,3,27,0,0,0,0,7,0.00%,2MR.PRESIDENT AND VICE PRESIDENT.Write_in
000036 ,1,1,034 216 223,PROP_51,NO,12,27,15,0,~  2MR,PROPOSITION 51 SCHOOL B,NO,12,27,0,0,0,0,1,0.00%,2MR.PROPOSITION 51 SCHOOL BONDS. FUNDING FOR K-12 SCHOOL AND COMMUNITY COLLEGE FACILITIES. INITIATIVE.NO
000036 ,1,1,034 216 223,PROP_51,YES,13,27,14,0,~  2MR,PROPOSITION 51 SCHOOL B,YES,13,27,0,0,0,0,1,0.00%,2MR.PROPOSITION 51 SCHOOL BONDS. FUNDING FOR K-12 SCHOOL AND COMMUNITY COLLEGE FACILITIES. INITIATIVE.YES
000036 ,1,1,034 216 223,PROP_52,NO,5,27,22,0,~  2MR,PROPOSITION 52 MEDI-CAL,NO,5,27,0,0,0,0,13,0.00%,2MR.PROPOSITION 52 MEDI-CAL HOSPITAL FEE PROGRAM. INITIATIVE CONSTITUTIONAL AMENDMENT AND STATUTE..NO
000036 ,1,1,034 216 223,PROP_52,YES,18,27,9,0,~  2MR,PROPOSITION 52 MEDI-CAL,YES,18,27,0,0,0,0,13,0.00%,2MR.PROPOSITION 52 MEDI-CAL HOSPITAL FEE PROGRAM. INITIATIVE CONSTITUTIONAL AMENDMENT AND STATUTE..YES
000036 ,1,1,034 216 223,PROP_53,NO,11,27,16,0,~  2MR,PROPOSITION 53 REVENUE ,NO,11,27,0,0,0,0,3,0.00%,2MR.PROPOSITION 53 REVENUE BONDS. STATEWIDE VOTER APPROVAL. INITIATIVE CONSTITUTIONAL AMENDMENT..NO
000036 ,1,1,034 216 223,PROP_53,YES,14,27,13,0,~  2MR,PROPOSITION 53 REVENUE ,YES,14,27,0,0,0,0,3,0.00%,2MR.PROPOSITION 53 REVENUE BONDS. STATEWIDE VOTER APPROVAL. INITIATIVE CONSTITUTIONAL AMENDMENT..YES
000036 ,1,1,034 216 223,PROP_54,NO,8,27,19,0,~  2MR,PROPOSITION 54 LEGISLAT,NO,8,27,0,0,0,0,8,0.00%,2MR.PROPOSITION 54 LEGISLATURE. LEGISLATION AND PROCEEDINGS. INITIATIVE CONSTITUTIONAL AMENDMENT AND.NO
000036 ,1,1,034 216 223,PROP_54,YES,16,27,11,0,~  2MR,PROPOSITION 54 LEGISLAT,YES,16,27,0,0,0,0,8,0.00%,2MR.PROPOSITION 54 LEGISLATURE. LEGISLATION AND PROCEEDINGS. INITIATIVE CONSTITUTIONAL AMENDMENT AND.YES
000036 ,1,1,034 216 223,PROP_55,NO,11,27,16,0,~  2MR,PROPOSITION 55 TAX EXTE,NO,11,27,0,0,0,0,3,0.00%,2MR.PROPOSITION 55 TAX EXTENSION TO FUND EDUCATION AND HEALTHCARE. INITIATIVE CONSTITUTIONAL AMENDMENT..NO
000036 ,1,1,034 216 223,PROP_55,YES,14,27,13,0,~  2MR,PROPOSITION 55 TAX EXTE,YES,14,27,0,0,0,0,3,0.00%,2MR.PROPOSITION 55 TAX EXTENSION TO FUND EDUCATION AND HEALTHCARE. INITIATIVE CONSTITUTIONAL AMENDMENT..YES
000036 ,1,2,034 216 223,PROP_56,NO,13,27,14,0,~  2MR,PROPOSITION 56 CIGARETT,NO,13,27,0,0,0,0,0,--,"2MR.PROPOSITION 56 CIGARETTE TAX TO FUND HEALTHCARE, TOBACCO USE PREVENTION, RESEARCH, AND.NO"
000036 ,1,2,034 216 223,PROP_56,YES,13,27,14,0,~  2MR,PROPOSITION 56 CIGARETT,YES,13,27,0,0,0,0,0,--,"2MR.PROPOSITION 56 CIGARETTE TAX TO FUND HEALTHCARE, TOBACCO USE PREVENTION, RESEARCH, AND.YES"
000036 ,1,2,034 216 223,PROP_57,NO,11,27,16,0,~  2MR,PROPOSITION 57 CRIMINAL,NO,11,27,0,0,0,0,3,0.00%,2MR.PROPOSITION 57 CRIMINAL SENTENCES. PAROLE. JUVENILE CRIMINAL PROCEEDINGS AND SENTENCING. INITIATIVE.NO
000036 ,1,2,034 216 223,PROP_57,YES,14,27,13,0,~  2MR,PROPOSITION 57 CRIMINAL,YES,14,27,0,0,0,0,3,0.00%,2MR.PROPOSITION 57 CRIMINAL SENTENCES. PAROLE. JUVENILE CRIMINAL PROCEEDINGS AND SENTENCING. INITIATIVE.YES
000036 ,1,2,034 216 223,PROP_58,NO,8,27,19,0,~  2MR,PROPOSITION 58 ENGLISH ,NO,8,27,0,0,0,0,9,0.00%,2MR.PROPOSITION 58 ENGLISH PROFICIENCY. MULTILINGUAL EDUCATION. INITIATIVE STATUTE..NO
000036 ,1,2,034 216 223,PROP_58,YES,17,27,10,0,~  2MR,PROPOSITION 58 ENGLISH ,YES,17,27,0,0,0,0,9,0.00%,2MR.PROPOSITION 58 ENGLISH PROFICIENCY. MULTILINGUAL EDUCATION. INITIATIVE STATUTE..YES
000036 ,1,2,034 216 223,PROP_59,NO,13,27,14,0,~  2MR,PROPOSITION 59 CORPORAT,NO,13,27,0,0,0,0,1,0.00%,2MR.PROPOSITION 59 CORPORATIONS. POLITICAL SPENDING. FEDERAL CONSTITUTIONAL PROTECTIONS..NO
000036 ,1,2,034 216 223,PROP_59,YES,12,27,15,0,~  2MR,PROPOSITION 59 CORPORAT,YES,12,27,0,0,0,0,1,0.00%,2MR.PROPOSITION 59 CORPORATIONS. POLITICAL SPENDING. FEDERAL CONSTITUTIONAL PROTECTIONS..YES
000036 ,1,2,034 216 223,PROP_60,NO,14,27,13,0,~  2MR,PROPOSITION 60 ADULT FI,NO,14,27,0,0,0,0,6,0.00%,2MR.PROPOSITION 60 ADULT FILMS. CONDOMS. HEALTH REQUIREMENTS. INITIATIVE STATUTE..NO
000036 ,1,2,034 216 223,PROP_60,YES,8,27,19,0,~  2MR,PROPOSITION 60 ADULT FI,YES,8,27,0,0,0,0,6,0.00%,2MR.PROPOSITION 60 ADULT FILMS. CONDOMS. HEALTH REQUIREMENTS. INITIATIVE STATUTE..YES
000036 ,1,2,034 216 223,PROP_61,NO,14,27,13,0,~  2MR,PROPOSITION 61 STATE PR,NO,14,27,0,0,0,0,3,0.00%,2MR.PROPOSITION 61 STATE PRESCRIPTION DRUG PURCHASES. PRICING STANDARDS. INITIATIVE STATUTE..NO
000036 ,1,2,034 216 223,PROP_61,YES,11,27,16,0,~  2MR,PROPOSITION 61 STATE PR,YES,11,27,0,0,0,0,3,0.00%,2MR.PROPOSITION 61 STATE PRESCRIPTION DRUG PURCHASES. PRICING STANDARDS. INITIATIVE STATUTE..YES
000036 ,1,2,034 216 223,PROP_62,NO,15,27,12,0,~  2MR,PROPOSITION 62 DEATH PE,NO,15,27,0,0,0,0,6,0.00%,2MR.PROPOSITION 62 DEATH PENALTY. INITIATIVE STATUTE..NO
000036 ,1,2,034 216 223,PROP_62,YES,9,27,18,0,~  2MR,PROPOSITION 62 DEATH PE,YES,9,27,0,0,0,0,6,0.00%,2MR.PROPOSITION 62 DEATH PENALTY. INITIATIVE STATUTE..YES
000036 ,1,2,034 216 223,PROP_63,NO,23,27,4,0,~  2MR,PROPOSITION 63 FIREARMS,NO,23,27,0,0,0,0,21,0.00%,2MR.PROPOSITION 63 FIREARMS. AMMUNITION SALES. INITIATIVE STATUTE..NO
000036 ,1,2,034 216 223,PROP_63,YES,2,27,25,0,~  2MR,PROPOSITION 63 FIREARMS,YES,2,27,0,0,0,0,21,0.00%,2MR.PROPOSITION 63 FIREARMS. AMMUNITION SALES. INITIATIVE STATUTE..YES
000036 ,2,3,034 216 223,PROP_64,NO,19,27,8,0,~  2MR,PROPOSITION 64 MARIJUAN,NO,19,27,0,0,0,0,11,0.00%,2MR.PROPOSITION 64 MARIJUANA LEGALIZATION. INITIATIVE STATUTE..NO
000036 ,2,3,034 216 223,PROP_64,YES,8,27,19,0,~  2MR,PROPOSITION 64 MARIJUAN,YES,8,27,0,0,0,0,11,0.00%,2MR.PROPOSITION 64 MARIJUANA LEGALIZATION. INITIATIVE STATUTE..YES
000036 ,2,3,034 216 223,PROP_65,NO,17,27,10,0,~  2MR,PROPOSITION 65 CARRYOUT,NO,17,27,0,0,0,0,9,0.00%,2MR.PROPOSITION 65 CARRYOUT BAGS. CHARGES. INITIATIVE STATUTE..NO
000036 ,2,3,034 216 223,PROP_65,YES,8,27,19,0,~  2MR,PROPOSITION 65 CARRYOUT,YES,8,27,0,0,0,0,9,0.00%,2MR.PROPOSITION 65 CARRYOUT BAGS. CHARGES. INITIATIVE STATUTE..YES
000036 ,2,3,034 216 223,PROP_66,NO,20,27,7,0,~  2MR,PROPOSITION 66 DEATH PE,NO,20,27,0,0,0,0,16,0.00%,2MR.PROPOSITION 66 DEATH PENALTY. PROCEDURES. INITIATIVE STATUTE..NO
000036 ,2,3,034 216 223,PROP_66,YES,4,27,23,0,~  2MR,PROPOSITION 66 DEATH PE,YES,4,27,0,0,0,0,16,0.00%,2MR.PROPOSITION 66 DEATH PENALTY. PROCEDURES. INITIATIVE STATUTE..YES
000036 ,2,3,034 216 223,PROP_67,NO,13,27,14,0,~  2MR,PROPOSITION 67 BAN ON S,NO,13,27,0,0,0,0,2,0.00%,2MR.PROPOSITION 67 BAN ON SINGLE-USE PLASTIC BAGS. REFERENDUM..NO
000036 ,2,3,034 216 223,PROP_67,YES,11,27,16,0,~  2MR,PROPOSITION 67 BAN ON S,YES,11,27,0,0,0,0,2,0.00%,2MR.PROPOSITION 67 BAN ON SINGLE-USE PLASTIC BAGS. REFERENDUM..YES
000036 ,1,1,034 216 223,USREP,DALE_K_MENSING,10,27,17,0,~  2MR,US REPRESENTATIVE IN CO,DALE K. MENSING,10,27,0,0,0,0,2,0.00%,"2MR.US REPRESENTATIVE IN CONGRESS, DISTRICT 2.DALE K. MENSING"
000036 ,1,1,034 216 223,USREP,JARED_W_HUFFMAN,12,27,15,0,~  2MR,US REPRESENTATIVE IN CO,JARED W. HUFFMAN,12,27,0,0,0,0,2,0.00%,"2MR.US REPRESENTATIVE IN CONGRESS, DISTRICT 2.JARED W. HUFFMAN"
000036 ,1,1,034 216 223,USSEN,KAMALA_D_HARRIS,10,27,17,0,~  2MR,US SENATOR,KAMALA D. HARRIS,10,27,0,0,0,0,1,0.00%,2MR.US SENATOR.KAMALA D. HARRIS
000036 ,1,1,034 216 223,USSEN,LORETTA_L_SANCHEZ,9,27,18,0,~  2MR,US SENATOR,LORETTA L. SANCHEZ,9,27,0,0,0,0,1,0.00%,2MR.US SENATOR.LORETTA L. SANCHEZ
000037 ,2,3,010 049 086 087 166 167 225 234,MEAS_Q,NO,278,513,235,0,~  2R--1,MEASURE Q HUMBOLDT COUN,NO,278,514,0,-1,0,1,96,0.00%,2R--1.MEASURE Q HUMBOLDT COUNTY CREATION OF FINANCE DEPARTMENT MEASURE..NO
000037 ,2,3,010 049 086 087 166 167 225 234,MEAS_Q,YES,182,513,331,0,~  2R--1,MEASURE Q HUMBOLDT COUN,YES,182,514,0,-1,0,1,96,0.00%,2R--1.MEASURE Q HUMBOLDT COUNTY CREATION OF FINANCE DEPARTMENT MEASURE..YES
000037 ,2,3,010 049 086 087 166 167 225 234,MEAS_R,NO,259,513,254,0,~  2R--1,MEASURE R HUMBOLDT COUN,NO,259,514,0,-1,0,1,54,0.00%,2R--1.MEASURE R HUMBOLDT COUNTY FINANCE DEPARTMENT ELECTIVE OFFICE MEASURE..NO
000037 ,2,4,010 049 086 087 166 167 225 234,MEAS_T,NO,194,509,315,1,~  2R--1,MEASURE T CITY OF RIO D,NO,194,514,0,-5,0,5,94,0.00%,2R--1.MEASURE T CITY OF RIO DELL  COMMERCIAL CANNABIS ACTIVITY (ADVISORY VOTE ONLY)..NO
000037 ,2,3,010 049 086 087 166 167 225 234,MEAS_U,YES,159,513,354,1,~  2R--1,MEASURE U LOCAL TRANSPO,YES,159,514,0,-1,0,1,156,0.00%,2R--1.MEASURE U LOCAL TRANSPORTATION AUTHORITY RETAIL TRANSACTIONS AND USE TAX..YES
000037 ,1,1,010 049 086 166 167 225 229 234,PRES,DONALD_J_TRUMP,225,514,289,0,~  2R--1,PRESIDENT AND VICE PRES,DONALD J. TRUMP      ,225,514,0,0,0,0,35,0.00%,2R--1.PRESIDENT AND VICE PRESIDENT.DONALD J. TRUMP      and MICHAEL R. PENCE
000037 ,1,1,010 049 086 166 167 225 229 234,PRES,GARY_JOHNSON,41,514,473,0,~  2R--1,PRESIDENT AND VICE PRES,GARY JOHNSON      and,41,514,0,0,0,0,35,0.00%,2R--1.PRESIDENT AND VICE PRESIDENT.GARY JOHNSON      and BILL WELD
000037 ,1,1,010 049 086 166 167 225 229 234,PRES,GLORIA_ESTELA_LA_RIVA,4,514,510,0,~  2R--1,PRESIDENT AND VICE PRES,GLORIA ESTELA LA RIVA,4,514,0,0,0,0,35,0.00%,2R--1.PRESIDENT AND VICE PRESIDENT.GLORIA ESTELA LA RIVA      and DENNIS J. BANKS
000037 ,1,1,010 049 086 166 167 225 229 234,PRES,HILLARY_CLINTON,190,514,324,0,~  2R--1,PRESIDENT AND VICE PRES,HILLARY CLINTON      ,190,514,0,0,0,0,35,0.00%,2R--1.PRESIDENT AND VICE PRESIDENT.HILLARY CLINTON      and TIM KAINE
000037 ,1,1,010 049 086 166 167 225 229 234,PRES,Write_in,21,514,493,0,~  2R--1,PRESIDENT AND VICE PRES,Write_in,21,514,0,0,0,0,35,0.00%,2R--1.PRESIDENT AND VICE PRESIDENT.Write_in
000037 ,1,1,010 049 086 166 167 225 229 234,PROP_51,NO,259,514,255,0,~  2R--1,PROPOSITION 51 SCHOOL B,NO,259,514,0,0,0,0,30,0.00%,2R--1.PROPOSITION 51 SCHOOL BONDS. FUNDING FOR K-12 SCHOOL AND COMMUNITY COLLEGE FACILITIES. INITIATIVE.NO
000037 ,1,1,010 049 086 166 167 225 229 234,PROP_51,YES,229,514,285,0,~  2R--1,PROPOSITION 51 SCHOOL B,YES,229,514,0,0,0,0,30,0.00%,2R--1.PROPOSITION 51 SCHOOL BONDS. FUNDING FOR K-12 SCHOOL AND COMMUNITY COLLEGE FACILITIES. INITIATIVE.YES
000037 ,1,1,010 049 086 166 167 225 229 234,PROP_52,YES,300,514,214,1,~  2R--1,PROPOSITION 52 MEDI-CAL,YES,300,514,0,0,0,0,117,0.00%,2R--1.PROPOSITION 52 MEDI-CAL HOSPITAL FEE PROGRAM. INITIATIVE CONSTITUTIONAL AMENDMENT AND STATUTE..YES
000037 ,1,1,010 049 086 166 167 225 229 234,PROP_53,NO,215,514,299,0,~  2R--1,PROPOSITION 53 REVENUE ,NO,215,514,0,0,0,0,38,0.00%,2R--1.PROPOSITION 53 REVENUE BONDS. STATEWIDE VOTER APPROVAL. INITIATIVE CONSTITUTIONAL AMENDMENT..NO
000037 ,1,1,010 049 086 166 167 225 229 234,PROP_53,YES,253,514,261,0,~  2R--1,PROPOSITION 53 REVENUE ,YES,253,514,0,0,0,0,38,0.00%,2R--1.PROPOSITION 53 REVENUE BONDS. STATEWIDE VOTER APPROVAL. INITIATIVE CONSTITUTIONAL AMENDMENT..YES
000037 ,1,2,010 049 086 166 167 225 229 234,PROP_56,YES,205,509,304,1,~  2R--1,PROPOSITION 56 CIGARETT,YES,205,514,0,-5,0,5,84,0.00%,"2R--1.PROPOSITION 56 CIGARETTE TAX TO FUND HEALTHCARE, TOBACCO USE PREVENTION, RESEARCH, AND.YES"
000037 ,1,2,010 049 086 166 167 225 229 234,PROP_59,YES,226,509,283,183,~  2R--1,PROPOSITION 59 CORPORAT,YES,226,514,0,-5,0,5,12,0.00%,2R--1.PROPOSITION 59 CORPORATIONS. POLITICAL SPENDING. FEDERAL CONSTITUTIONAL PROTECTIONS..YES
000037 ,1,2,010 049 086 166 167 225 229 234,PROP_60,NO,253,509,256,2,~  2R--1,PROPOSITION 60 ADULT FI,NO,253,514,0,-5,0,5,34,0.00%,2R--1.PROPOSITION 60 ADULT FILMS. CONDOMS. HEALTH REQUIREMENTS. INITIATIVE STATUTE..NO
000037 ,2,3,010 049 086 087 166 167 225 234,PROP_65,NO,312,513,201,0,~  2R--1,PROPOSITION 65 CARRYOUT,NO,312,514,0,-1,0,1,143,0.00%,2R--1.PROPOSITION 65 CARRYOUT BAGS. CHARGES. INITIATIVE STATUTE..NO
000037 ,2,3,010 049 086 087 166 167 225 234,PROP_65,YES,169,513,344,0,~  2R--1,PROPOSITION 65 CARRYOUT,YES,169,514,0,-1,0,1,143,0.00%,2R--1.PROPOSITION 65 CARRYOUT BAGS. CHARGES. INITIATIVE STATUTE..YES
000037 ,2,3,010 049 086 087 166 167 225 234,PROP_66,YES,220,513,293,1,~  2R--1,PROPOSITION 66 DEATH PE,YES,220,514,0,-1,0,1,25,0.00%,2R--1.PROPOSITION 66 DEATH PENALTY. PROCEDURES. INITIATIVE STATUTE..YES
000037 ,1,1,010 049 086 166 167 225 229 234,RIO_CC,FRANK_WILSON,236,514,278,0,~  2R--1,RIO DELL CITY COUNCILME,FRANK WILSON,236,514,0,0,0,0,53,0.00%,2R--1.RIO DELL CITY COUNCILMEMBER.FRANK WILSON
000037 ,1,1,010 049 086 166 167 225 229 234,RIO_CC,Write_in,11,1028,1017,0,~  2R--1,RIO DELL CITY COUNCILME,Write_in,11,514,0,514,0,514,53,0.00%,2R--1.RIO DELL CITY COUNCILMEMBER.Write_in
000037 ,1,1,010 049 086 166 167 225 229 234,STATEASS2,JIM_WOOD,252,514,262,0,~  2R--1,"STATE ASSEMBLY, DISTRIC",JIM WOOD,252,514,0,0,0,0,61,0.00%,"2R--1.STATE ASSEMBLY, DISTRICT 2.JIM WOOD"
000037 ,1,1,010 049 086 166 167 225 229 234,STATEASS2,KEN_ANTON,191,514,323,0,~  2R--1,"STATE ASSEMBLY, DISTRIC",KEN ANTON,191,514,0,0,0,0,61,0.00%,"2R--1.STATE ASSEMBLY, DISTRICT 2.KEN ANTON"
000037 ,1,1,010 049 086 166 167 225 229 234,USREP,DALE_K_MENSING,203,514,311,0,~  2R--1,US REPRESENTATIVE IN CO,DALE K. MENSING,203,514,0,0,0,0,80,0.00%,"2R--1.US REPRESENTATIVE IN CONGRESS, DISTRICT 2.DALE K. MENSING"
000037 ,1,1,010 049 086 166 167 225 229 234,USREP,JARED_W_HUFFMAN,283,514,231,0,~  2R--1,US REPRESENTATIVE IN CO,JARED W. HUFFMAN,283,514,0,0,0,0,80,0.00%,"2R--1.US REPRESENTATIVE IN CONGRESS, DISTRICT 2.JARED W. HUFFMAN"
000037 ,1,1,010 049 086 166 167 225 229 234,USSEN,KAMALA_D_HARRIS,235,514,279,1,~  2R--1,US SENATOR,KAMALA D. HARRIS,235,514,0,0,0,0,60,0.00%,2R--1.US SENATOR.KAMALA D. HARRIS
000038 ,2,3,006 009 010 047 048 085 086 167 225 234 235,MEAS_S,NO,263,627,364,1,~  2R--2,MEASURE S HUMBOLDT COUN,NO,263,629,0,-2,0,2,63,0.00%,2R--2.MEASURE S HUMBOLDT COUNTY COMMERCIAL MARIJUANA CULTIVATION MEASURE..NO
000038 ,2,4,006 009 010 047 048 085 086 167 225 234 235,MEAS_T,YES,284,627,343,1,~  2R--2,MEASURE T CITY OF RIO D,YES,284,629,0,-2,0,2,21,0.00%,2R--2.MEASURE T CITY OF RIO DELL  COMMERCIAL CANNABIS ACTIVITY (ADVISORY VOTE ONLY)..YES
000038 ,2,3,006 009 010 047 048 085 086 167 225 234 235,MEAS_U,NO,376,627,251,0,~  2R--2,MEASURE U LOCAL TRANSPO,NO,376,629,0,-2,0,2,178,0.00%,2R--2.MEASURE U LOCAL TRANSPORTATION AUTHORITY RETAIL TRANSACTIONS AND USE TAX..NO
000038 ,2,3,006 009 010 047 048 085 086 167 225 234 235,MEAS_V,YES,258,627,369,4,~  2R--2,MEASURE V MOBILE HOME P,YES,258,629,0,-2,0,2,62,0.00%,2R--2.MEASURE V MOBILE HOME PARK SPACE RENT STABILIZATION..YES
000038 ,1,1,006 009 010 047 048 085 167 225 229 234 235,PRES,GARY_JOHNSON,30,629,599,0,~  2R--2,PRESIDENT AND VICE PRES,GARY JOHNSON      and,30,629,0,0,0,0,112,0.00%,2R--2.PRESIDENT AND VICE PRESIDENT.GARY JOHNSON      and BILL WELD
000038 ,1,1,006 009 010 047 048 085 167 225 229 234 235,PRES,JILL_STEIN,14,629,615,0,~  2R--2,PRESIDENT AND VICE PRES,JILL STEIN      and A,14,629,0,0,0,0,112,0.00%,2R--2.PRESIDENT AND VICE PRESIDENT.JILL STEIN      and AJAMU BARAKA
000038 ,1,1,006 009 010 047 048 085 167 225 229 234 235,PRES,Write_in,21,629,608,0,~  2R--2,PRESIDENT AND VICE PRES,Write_in,21,629,0,0,0,0,112,0.00%,2R--2.PRESIDENT AND VICE PRESIDENT.Write_in
000038 ,1,1,006 009 010 047 048 085 167 225 229 234 235,PROP_51,NO,362,629,267,2,~  2R--2,PROPOSITION 51 SCHOOL B,NO,362,629,0,0,0,0,137,0.00%,2R--2.PROPOSITION 51 SCHOOL BONDS. FUNDING FOR K-12 SCHOOL AND COMMUNITY COLLEGE FACILITIES. INITIATIVE.NO
000038 ,1,1,006 009 010 047 048 085 167 225 229 234 235,PROP_52,NO,232,629,397,0,~  2R--2,PROPOSITION 52 MEDI-CAL,NO,232,629,0,0,0,0,120,0.00%,2R--2.PROPOSITION 52 MEDI-CAL HOSPITAL FEE PROGRAM. INITIATIVE CONSTITUTIONAL AMENDMENT AND STATUTE..NO
000038 ,1,2,006 009 010 047 048 085 167 225 229 234 235,PROP_55,NO,274,629,355,1,~  2R--2,PROPOSITION 55 TAX EXTE,NO,274,629,0,0,0,0,35,0.00%,2R--2.PROPOSITION 55 TAX EXTENSION TO FUND EDUCATION AND HEALTHCARE. INITIATIVE CONSTITUTIONAL AMENDMENT..NO
000038 ,1,2,006 009 010 047 048 085 167 225 229 234 235,PROP_56,NO,321,629,308,2,~  2R--2,PROPOSITION 56 CIGARETT,NO,321,629,0,0,0,0,44,0.00%,"2R--2.PROPOSITION 56 CIGARETTE TAX TO FUND HEALTHCARE, TOBACCO USE PREVENTION, RESEARCH, AND.NO"
000038 ,1,2,006 009 010 047 048 085 167 225 229 234 235,PROP_57,NO,268,629,361,0,~  2R--2,PROPOSITION 57 CRIMINAL,NO,268,629,0,0,0,0,36,0.00%,2R--2.PROPOSITION 57 CRIMINAL SENTENCES. PAROLE. JUVENILE CRIMINAL PROCEEDINGS AND SENTENCING. INITIATIVE.NO
000038 ,1,2,006 009 010 047 048 085 167 225 229 234 235,PROP_57,YES,304,629,325,0,~  2R--2,PROPOSITION 57 CRIMINAL,YES,304,629,0,0,0,0,36,0.00%,2R--2.PROPOSITION 57 CRIMINAL SENTENCES. PAROLE. JUVENILE CRIMINAL PROCEEDINGS AND SENTENCING. INITIATIVE.YES
000038 ,1,2,006 009 010 047 048 085 167 225 229 234 235,PROP_58,NO,172,629,457,1,~  2R--2,PROPOSITION 58 ENGLISH ,NO,172,629,0,0,0,0,240,0.00%,2R--2.PROPOSITION 58 ENGLISH PROFICIENCY. MULTILINGUAL EDUCATION. INITIATIVE STATUTE..NO
000038 ,1,2,006 009 010 047 048 085 167 225 229 234 235,PROP_59,NO,318,629,311,1,~  2R--2,PROPOSITION 59 CORPORAT,NO,318,629,0,0,0,0,87,0.00%,2R--2.PROPOSITION 59 CORPORATIONS. POLITICAL SPENDING. FEDERAL CONSTITUTIONAL PROTECTIONS..NO
000038 ,1,2,006 009 010 047 048 085 167 225 229 234 235,PROP_59,YES,231,629,398,1,~  2R--2,PROPOSITION 59 CORPORAT,YES,231,629,0,0,0,0,87,0.00%,2R--2.PROPOSITION 59 CORPORATIONS. POLITICAL SPENDING. FEDERAL CONSTITUTIONAL PROTECTIONS..YES
000038 ,1,2,006 009 010 047 048 085 167 225 229 234 235,PROP_60,YES,246,629,383,0,~  2R--2,PROPOSITION 60 ADULT FI,YES,246,629,0,0,0,0,74,0.00%,2R--2.PROPOSITION 60 ADULT FILMS. CONDOMS. HEALTH REQUIREMENTS. INITIATIVE STATUTE..YES
000038 ,2,3,006 009 010 047 048 085 086 167 225 234 235,PROP_63,NO,416,627,211,1,~  2R--2,PROPOSITION 63 FIREARMS,NO,416,629,0,-2,0,2,233,0.00%,2R--2.PROPOSITION 63 FIREARMS. AMMUNITION SALES. INITIATIVE STATUTE..NO
000038 ,2,3,006 009 010 047 048 085 086 167 225 234 235,PROP_64,NO,345,627,282,1,~  2R--2,PROPOSITION 64 MARIJUAN,NO,345,629,0,-2,0,2,76,0.00%,2R--2.PROPOSITION 64 MARIJUANA LEGALIZATION. INITIATIVE STATUTE..NO
000038 ,1,1,006 009 010 047 048 085 167 225 229 234 235,RIO_CC,BRYAN_K_RICHTER,270,629,359,0,~  2R--2,RIO DELL CITY COUNCILME,BRYAN K. RICHTER,270,629,0,0,0,0,77,0.00%,2R--2.RIO DELL CITY COUNCILMEMBER.BRYAN K. RICHTER
000038 ,1,1,006 009 010 047 048 085 167 225 229 234 235,RIO_CC,SUSAN_STRAHAN,375,629,254,0,~  2R--2,RIO DELL CITY COUNCILME,SUSAN STRAHAN,375,629,0,0,0,0,77,0.00%,2R--2.RIO DELL CITY COUNCILMEMBER.SUSAN STRAHAN
000038 ,1,1,006 009 010 047 048 085 167 225 229 234 235,RIO_CC,Write_in,11,1258,1247,0,~  2R--2,RIO DELL CITY COUNCILME,Write_in,11,629,0,629,0,629,77,0.00%,2R--2.RIO DELL CITY COUNCILMEMBER.Write_in
000038 ,1,1,006 009 010 047 048 085 167 225 229 234 235,STATEASS2,JIM_WOOD,292,629,337,0,~  2R--2,"STATE ASSEMBLY, DISTRIC",JIM WOOD,292,629,0,0,0,0,69,0.00%,"2R--2.STATE ASSEMBLY, DISTRICT 2.JIM WOOD"
000038 ,1,1,006 009 010 047 048 085 167 225 229 234 235,USREP,JARED_W_HUFFMAN,302,629,327,0,~  2R--2,US REPRESENTATIVE IN CO,JARED W. HUFFMAN,302,629,0,0,0,0,31,0.00%,"2R--2.US REPRESENTATIVE IN CONGRESS, DISTRICT 2.JARED W. HUFFMAN"
000039 ,2,3,008 009 052 078 167 168 225 235,MEAS_R,NO,127,243,116,0,~  2RV-1,MEASURE R HUMBOLDT COUN,NO,127,241,0,2,0,2,35,0.00%,2RV-1.MEASURE R HUMBOLDT COUNTY FINANCE DEPARTMENT ELECTIVE OFFICE MEASURE..NO
000039 ,2,3,008 009 052 078 167 168 225 235,MEAS_R,YES,92,243,151,0,~  2RV-1,MEASURE R HUMBOLDT COUN,YES,92,241,0,2,0,2,35,0.00%,2RV-1.MEASURE R HUMBOLDT COUNTY FINANCE DEPARTMENT ELECTIVE OFFICE MEASURE..YES
000039 ,2,3,008 009 052 078 167 168 225 235,MEAS_S,NO,73,243,170,0,~  2RV-1,MEASURE S HUMBOLDT COUN,NO,73,241,0,2,0,2,92,0.00%,2RV-1.MEASURE S HUMBOLDT COUNTY COMMERCIAL MARIJUANA CULTIVATION MEASURE..NO
000039 ,2,3,008 009 052 078 167 168 225 235,MEAS_S,YES,165,243,78,0,~  2RV-1,MEASURE S HUMBOLDT COUN,YES,165,241,0,2,0,2,92,0.00%,2RV-1.MEASURE S HUMBOLDT COUNTY COMMERCIAL MARIJUANA CULTIVATION MEASURE..YES
000039 ,2,3,008 009 052 078 167 168 225 235,MEAS_U,NO,148,243,95,0,~  2RV-1,MEASURE U LOCAL TRANSPO,NO,148,241,0,2,0,2,62,0.00%,2RV-1.MEASURE U LOCAL TRANSPORTATION AUTHORITY RETAIL TRANSACTIONS AND USE TAX..NO
000039 ,2,3,008 009 052 078 167 168 225 235,MEAS_U,YES,86,243,157,0,~  2RV-1,MEASURE U LOCAL TRANSPO,YES,86,241,0,2,0,2,62,0.00%,2RV-1.MEASURE U LOCAL TRANSPORTATION AUTHORITY RETAIL TRANSACTIONS AND USE TAX..YES
000039 ,2,3,008 009 052 078 167 168 225 235,MEAS_V,NO,138,243,105,1,~  2RV-1,MEASURE V MOBILE HOME P,NO,138,241,0,2,0,2,44,0.00%,2RV-1.MEASURE V MOBILE HOME PARK SPACE RENT STABILIZATION..NO
000039 ,1,1,008 009 052 078 167 168 225 235,PRES,GARY_JOHNSON,13,243,230,0,~  2RV-1,PRESIDENT AND VICE PRES,GARY JOHNSON      and,13,241,0,2,0,2,25,0.00%,2RV-1.PRESIDENT AND VICE PRESIDENT.GARY JOHNSON      and BILL WELD
000039 ,1,1,008 009 052 078 167 168 225 235,PRES,GLORIA_ESTELA_LA_RIVA,0,243,243,0,~  2RV-1,PRESIDENT AND VICE PRES,GLORIA ESTELA LA RIVA,0,241,0,2,0,2,25,0.00%,2RV-1.PRESIDENT AND VICE PRESIDENT.GLORIA ESTELA LA RIVA      and DENNIS J. BANKS
000039 ,1,1,008 009 052 078 167 168 225 235,PRES,JILL_STEIN,8,243,235,0,~  2RV-1,PRESIDENT AND VICE PRES,JILL STEIN      and A,8,241,0,2,0,2,25,0.00%,2RV-1.PRESIDENT AND VICE PRESIDENT.JILL STEIN      and AJAMU BARAKA
000039 ,1,1,008 009 052 078 167 168 225 235,PRES,Write_in,8,243,235,0,~  2RV-1,PRESIDENT AND VICE PRES,Write_in,8,241,0,2,0,2,25,0.00%,2RV-1.PRESIDENT AND VICE PRESIDENT.Write_in
000039 ,1,1,008 009 052 078 167 168 225 235,PROP_54,NO,97,243,146,0,~  2RV-1,PROPOSITION 54 LEGISLAT,NO,97,241,0,2,0,2,39,0.00%,2RV-1.PROPOSITION 54 LEGISLATURE. LEGISLATION AND PROCEEDINGS. INITIATIVE CONSTITUTIONAL AMENDMENT AND.NO
000039 ,1,2,008 009 052 078 167 168 225 235,PROP_58,NO,80,243,163,0,~  2RV-1,PROPOSITION 58 ENGLISH ,NO,80,241,0,2,0,2,73,0.00%,2RV-1.PROPOSITION 58 ENGLISH PROFICIENCY. MULTILINGUAL EDUCATION. INITIATIVE STATUTE..NO
000039 ,1,2,008 009 052 078 167 168 225 235,PROP_60,YES,83,243,160,0,~  2RV-1,PROPOSITION 60 ADULT FI,YES,83,241,0,2,0,2,59,0.00%,2RV-1.PROPOSITION 60 ADULT FILMS. CONDOMS. HEALTH REQUIREMENTS. INITIATIVE STATUTE..YES
000039 ,1,2,008 009 052 078 167 168 225 235,PROP_62,YES,88,243,155,0,~  2RV-1,PROPOSITION 62 DEATH PE,YES,88,241,0,2,0,2,56,0.00%,2RV-1.PROPOSITION 62 DEATH PENALTY. INITIATIVE STATUTE..YES
000039 ,2,3,008 009 052 078 167 168 225 235,PROP_64,NO,114,243,129,0,~  2RV-1,PROPOSITION 64 MARIJUAN,NO,114,241,0,2,0,2,12,0.00%,2RV-1.PROPOSITION 64 MARIJUANA LEGALIZATION. INITIATIVE STATUTE..NO
000039 ,2,3,008 009 052 078 167 168 225 235,PROP_64,YES,126,243,117,0,~  2RV-1,PROPOSITION 64 MARIJUAN,YES,126,241,0,2,0,2,12,0.00%,2RV-1.PROPOSITION 64 MARIJUANA LEGALIZATION. INITIATIVE STATUTE..YES
000039 ,2,3,008 009 052 078 167 168 225 235,PROP_65,NO,150,243,93,0,~  2RV-1,PROPOSITION 65 CARRYOUT,NO,150,241,0,2,0,2,62,0.00%,2RV-1.PROPOSITION 65 CARRYOUT BAGS. CHARGES. INITIATIVE STATUTE..NO
000039 ,2,3,008 009 052 078 167 168 225 235,PROP_65,YES,88,243,155,0,~  2RV-1,PROPOSITION 65 CARRYOUT,YES,88,241,0,2,0,2,62,0.00%,2RV-1.PROPOSITION 65 CARRYOUT BAGS. CHARGES. INITIATIVE STATUTE..YES
000039 ,2,3,008 009 052 078 167 168 225 235,PROP_66,YES,118,243,125,1,~  2RV-1,PROPOSITION 66 DEATH PE,YES,118,241,0,2,0,2,13,0.00%,2RV-1.PROPOSITION 66 DEATH PENALTY. PROCEDURES. INITIATIVE STATUTE..YES
000039 ,1,1,008 009 052 078 167 168 225 235,STATEASS2,KEN_ANTON,80,243,163,0,~  2RV-1,"STATE ASSEMBLY, DISTRIC",KEN ANTON,80,241,0,2,0,2,44,0.00%,"2RV-1.STATE ASSEMBLY, DISTRICT 2.KEN ANTON"
000040 ,2,3,033 034 216 217 223,MEAS_R,NO,66,147,81,0,~  2SH-1,MEASURE R HUMBOLDT COUN,NO,66,149,0,-2,0,2,5,0.00%,2SH-1.MEASURE R HUMBOLDT COUNTY FINANCE DEPARTMENT ELECTIVE OFFICE MEASURE..NO
000040 ,2,3,033 034 216 217 223,MEAS_R,YES,61,147,86,0,~  2SH-1,MEASURE R HUMBOLDT COUN,YES,61,149,0,-2,0,2,5,0.00%,2SH-1.MEASURE R HUMBOLDT COUNTY FINANCE DEPARTMENT ELECTIVE OFFICE MEASURE..YES
000040 ,2,3,033 034 216 217 223,MEAS_S,NO,89,147,58,0,~  2SH-1,MEASURE S HUMBOLDT COUN,NO,89,149,0,-2,0,2,40,0.00%,2SH-1.MEASURE S HUMBOLDT COUNTY COMMERCIAL MARIJUANA CULTIVATION MEASURE..NO
000040 ,2,3,033 034 216 217 223,MEAS_U,NO,52,147,95,0,~  2SH-1,MEASURE U LOCAL TRANSPO,NO,52,149,0,-2,0,2,31,0.00%,2SH-1.MEASURE U LOCAL TRANSPORTATION AUTHORITY RETAIL TRANSACTIONS AND USE TAX..NO
000040 ,2,3,033 034 216 217 223,MEAS_V,NO,45,147,102,0,~  2SH-1,MEASURE V MOBILE HOME P,NO,45,149,0,-2,0,2,45,0.00%,2SH-1.MEASURE V MOBILE HOME PARK SPACE RENT STABILIZATION..NO
000040 ,2,3,033 034 216 217 223,MEAS_V,YES,90,147,57,0,~  2SH-1,MEASURE V MOBILE HOME P,YES,90,149,0,-2,0,2,45,0.00%,2SH-1.MEASURE V MOBILE HOME PARK SPACE RENT STABILIZATION..YES
000040 ,1,1,033 034 216 217 223 229,PRES,GARY_JOHNSON,2,149,147,0,~  2SH-1,PRESIDENT AND VICE PRES,GARY JOHNSON      and,2,149,0,0,0,0,76,0.00%,2SH-1.PRESIDENT AND VICE PRESIDENT.GARY JOHNSON      and BILL WELD
000040 ,1,1,033 034 216 217 223 229,PRES,GLORIA_ESTELA_LA_RIVA,1,149,148,0,~  2SH-1,PRESIDENT AND VICE PRES,GLORIA ESTELA LA RIVA,1,149,0,0,0,0,76,0.00%,2SH-1.PRESIDENT AND VICE PRESIDENT.GLORIA ESTELA LA RIVA      and DENNIS J. BANKS
000040 ,1,1,033 034 216 217 223 229,PRES,HILLARY_CLINTON,99,149,50,0,~  2SH-1,PRESIDENT AND VICE PRES,HILLARY CLINTON      ,99,149,0,0,0,0,76,0.00%,2SH-1.PRESIDENT AND VICE PRESIDENT.HILLARY CLINTON      and TIM KAINE
000040 ,1,1,033 034 216 217 223 229,PRES,JILL_STEIN,23,149,126,0,~  2SH-1,PRESIDENT AND VICE PRES,JILL STEIN      and A,23,149,0,0,0,0,76,0.00%,2SH-1.PRESIDENT AND VICE PRESIDENT.JILL STEIN      and AJAMU BARAKA
000040 ,1,1,033 034 216 217 223 229,PRES,Write_in,8,149,141,0,~  2SH-1,PRESIDENT AND VICE PRES,Write_in,8,149,0,0,0,0,76,0.00%,2SH-1.PRESIDENT AND VICE PRESIDENT.Write_in
000040 ,1,1,033 034 216 217 223 229,PROP_51,YES,72,149,77,0,~  2SH-1,PROPOSITION 51 SCHOOL B,YES,72,149,0,0,0,0,4,0.00%,2SH-1.PROPOSITION 51 SCHOOL BONDS. FUNDING FOR K-12 SCHOOL AND COMMUNITY COLLEGE FACILITIES. INITIATIVE.YES
000040 ,1,1,033 034 216 217 223 229,PROP_52,NO,28,149,121,1,~  2SH-1,PROPOSITION 52 MEDI-CAL,NO,28,149,0,0,0,0,81,0.00%,2SH-1.PROPOSITION 52 MEDI-CAL HOSPITAL FEE PROGRAM. INITIATIVE CONSTITUTIONAL AMENDMENT AND STATUTE..NO
000040 ,1,1,033 034 216 217 223 229,PROP_53,NO,76,149,73,1,~  2SH-1,PROPOSITION 53 REVENUE ,NO,76,149,0,0,0,0,13,0.00%,2SH-1.PROPOSITION 53 REVENUE BONDS. STATEWIDE VOTER APPROVAL. INITIATIVE CONSTITUTIONAL AMENDMENT..NO
000040 ,1,1,033 034 216 217 223 229,PROP_53,YES,63,149,86,1,~  2SH-1,PROPOSITION 53 REVENUE ,YES,63,149,0,0,0,0,13,0.00%,2SH-1.PROPOSITION 53 REVENUE BONDS. STATEWIDE VOTER APPROVAL. INITIATIVE CONSTITUTIONAL AMENDMENT..YES
000040 ,1,1,033 034 216 217 223 229,PROP_55,YES,125,149,24,1,~  2SH-1,PROPOSITION 55 TAX EXTE,YES,125,149,0,0,0,0,110,0.00%,2SH-1.PROPOSITION 55 TAX EXTENSION TO FUND EDUCATION AND HEALTHCARE. INITIATIVE CONSTITUTIONAL AMENDMENT..YES
000040 ,1,2,033 034 216 217 223 229,PROP_56,NO,44,149,105,0,~  2SH-1,PROPOSITION 56 CIGARETT,NO,44,149,0,0,0,0,56,0.00%,"2SH-1.PROPOSITION 56 CIGARETTE TAX TO FUND HEALTHCARE, TOBACCO USE PREVENTION, RESEARCH, AND.NO"
000040 ,1,2,033 034 216 217 223 229,PROP_56,YES,100,149,49,0,~  2SH-1,PROPOSITION 56 CIGARETT,YES,100,149,0,0,0,0,56,0.00%,"2SH-1.PROPOSITION 56 CIGARETTE TAX TO FUND HEALTHCARE, TOBACCO USE PREVENTION, RESEARCH, AND.YES"
000040 ,1,2,033 034 216 217 223 229,PROP_58,NO,15,149,134,0,~  2SH-1,PROPOSITION 58 ENGLISH ,NO,15,149,0,0,0,0,109,0.00%,2SH-1.PROPOSITION 58 ENGLISH PROFICIENCY. MULTILINGUAL EDUCATION. INITIATIVE STATUTE..NO
000040 ,1,2,033 034 216 217 223 229,PROP_59,NO,15,149,134,0,~  2SH-1,PROPOSITION 59 CORPORAT,NO,15,149,0,0,0,0,105,0.00%,2SH-1.PROPOSITION 59 CORPORATIONS. POLITICAL SPENDING. FEDERAL CONSTITUTIONAL PROTECTIONS..NO
000040 ,1,2,033 034 216 217 223 229,PROP_59,YES,120,149,29,0,~  2SH-1,PROPOSITION 59 CORPORAT,YES,120,149,0,0,0,0,105,0.00%,2SH-1.PROPOSITION 59 CORPORATIONS. POLITICAL SPENDING. FEDERAL CONSTITUTIONAL PROTECTIONS..YES
000040 ,1,2,033 034 216 217 223 229,PROP_60,NO,77,149,72,1,~  2SH-1,PROPOSITION 60 ADULT FI,NO,77,149,0,0,0,0,27,0.00%,2SH-1.PROPOSITION 60 ADULT FILMS. CONDOMS. HEALTH REQUIREMENTS. INITIATIVE STATUTE..NO
000040 ,1,2,033 034 216 217 223 229,PROP_61,NO,37,149,112,2,~  2SH-1,PROPOSITION 61 STATE PR,NO,37,149,0,0,0,0,63,0.00%,2SH-1.PROPOSITION 61 STATE PRESCRIPTION DRUG PURCHASES. PRICING STANDARDS. INITIATIVE STATUTE..NO
000040 ,1,2,033 034 216 217 223 229,PROP_62,NO,24,149,125,0,~  2SH-1,PROPOSITION 62 DEATH PE,NO,24,149,0,0,0,0,87,0.00%,2SH-1.PROPOSITION 62 DEATH PENALTY. INITIATIVE STATUTE..NO
000040 ,1,2,033 034 216 217 223 229,PROP_62,YES,111,149,38,0,~  2SH-1,PROPOSITION 62 DEATH PE,YES,111,149,0,0,0,0,87,0.00%,2SH-1.PROPOSITION 62 DEATH PENALTY. INITIATIVE STATUTE..YES
000040 ,1,2,033 034 216 217 223 229,PROP_63,NO,59,149,90,0,~  2SH-1,PROPOSITION 63 FIREARMS,NO,59,149,0,0,0,0,22,0.00%,2SH-1.PROPOSITION 63 FIREARMS. AMMUNITION SALES. INITIATIVE STATUTE..NO
000040 ,1,2,033 034 216 217 223 229,PROP_63,YES,81,149,68,0,~  2SH-1,PROPOSITION 63 FIREARMS,YES,81,149,0,0,0,0,22,0.00%,2SH-1.PROPOSITION 63 FIREARMS. AMMUNITION SALES. INITIATIVE STATUTE..YES
000040 ,2,3,033 034 216 217 223,PROP_64,YES,58,147,89,1,~  2SH-1,PROPOSITION 64 MARIJUAN,YES,58,149,0,-2,0,2,25,0.00%,2SH-1.PROPOSITION 64 MARIJUANA LEGALIZATION. INITIATIVE STATUTE..YES
000040 ,2,3,033 034 216 217 223,PROP_65,NO,73,147,74,0,~  2SH-1,PROPOSITION 65 CARRYOUT,NO,73,149,0,-2,0,2,8,0.00%,2SH-1.PROPOSITION 65 CARRYOUT BAGS. CHARGES. INITIATIVE STATUTE..NO
000040 ,2,3,033 034 216 217 223,PROP_65,YES,65,147,82,0,~  2SH-1,PROPOSITION 65 CARRYOUT,YES,65,149,0,-2,0,2,8,0.00%,2SH-1.PROPOSITION 65 CARRYOUT BAGS. CHARGES. INITIATIVE STATUTE..YES
000040 ,2,3,033 034 216 217 223,PROP_67,NO,16,147,131,0,~  2SH-1,PROPOSITION 67 BAN ON S,NO,16,149,0,-2,0,2,110,0.00%,2SH-1.PROPOSITION 67 BAN ON SINGLE-USE PLASTIC BAGS. REFERENDUM..NO
000040 ,2,3,033 034 216 217 223,PROP_67,YES,126,147,21,0,~  2SH-1,PROPOSITION 67 BAN ON S,YES,126,149,0,-2,0,2,110,0.00%,2SH-1.PROPOSITION 67 BAN ON SINGLE-USE PLASTIC BAGS. REFERENDUM..YES
000040 ,1,1,033 034 216 217 223 229,STATEASS2,JIM_WOOD,110,149,39,0,~  2SH-1,"STATE ASSEMBLY, DISTRIC",JIM WOOD,110,149,0,0,0,0,87,0.00%,"2SH-1.STATE ASSEMBLY, DISTRICT 2.JIM WOOD"
000040 ,1,1,033 034 216 217 223 229,STATEASS2,KEN_ANTON,23,149,126,0,~  2SH-1,"STATE ASSEMBLY, DISTRIC",KEN ANTON,23,149,0,0,0,0,87,0.00%,"2SH-1.STATE ASSEMBLY, DISTRICT 2.KEN ANTON"
000040 ,1,1,033 034 216 217 223 229,USREP,DALE_K_MENSING,27,149,122,0,~  2SH-1,US REPRESENTATIVE IN CO,DALE K. MENSING,27,149,0,0,0,0,91,0.00%,"2SH-1.US REPRESENTATIVE IN CONGRESS, DISTRICT 2.DALE K. MENSING"
000040 ,1,1,033 034 216 217 223 229,USREP,JARED_W_HUFFMAN,118,149,31,0,~  2SH-1,US REPRESENTATIVE IN CO,JARED W. HUFFMAN,118,149,0,0,0,0,91,0.00%,"2SH-1.US REPRESENTATIVE IN CONGRESS, DISTRICT 2.JARED W. HUFFMAN"
000040 ,1,1,033 034 216 217 223 229,USSEN,LORETTA_L_SANCHEZ,28,149,121,0,~  2SH-1,US SENATOR,LORETTA L. SANCHEZ,28,149,0,0,0,0,82,0.00%,2SH-1.US SENATOR.LORETTA L. SANCHEZ
000041 ,2,3,035 216 223,MEAS_Q,NO,60,94,34,0,~  2SH-2,MEASURE Q HUMBOLDT COUN,NO,60,94,0,0,0,0,39,0.00%,2SH-2.MEASURE Q HUMBOLDT COUNTY CREATION OF FINANCE DEPARTMENT MEASURE..NO
000041 ,2,3,035 216 223,MEAS_Q,YES,21,94,73,0,~  2SH-2,MEASURE Q HUMBOLDT COUN,YES,21,94,0,0,0,0,39,0.00%,2SH-2.MEASURE Q HUMBOLDT COUNTY CREATION OF FINANCE DEPARTMENT MEASURE..YES
000041 ,2,3,035 216 223,MEAS_R,NO,59,94,35,0,~  2SH-2,MEASURE R HUMBOLDT COUN,NO,59,94,0,0,0,0,38,0.00%,2SH-2.MEASURE R HUMBOLDT COUNTY FINANCE DEPARTMENT ELECTIVE OFFICE MEASURE..NO
000041 ,2,3,035 216 223,MEAS_R,YES,21,94,73,0,~  2SH-2,MEASURE R HUMBOLDT COUN,YES,21,94,0,0,0,0,38,0.00%,2SH-2.MEASURE R HUMBOLDT COUNTY FINANCE DEPARTMENT ELECTIVE OFFICE MEASURE..YES
000041 ,2,3,035 216 223,MEAS_S,NO,63,94,31,0,~  2SH-2,MEASURE S HUMBOLDT COUN,NO,63,94,0,0,0,0,37,0.00%,2SH-2.MEASURE S HUMBOLDT COUNTY COMMERCIAL MARIJUANA CULTIVATION MEASURE..NO
000041 ,2,3,035 216 223,MEAS_S,YES,26,94,68,0,~  2SH-2,MEASURE S HUMBOLDT COUN,YES,26,94,0,0,0,0,37,0.00%,2SH-2.MEASURE S HUMBOLDT COUNTY COMMERCIAL MARIJUANA CULTIVATION MEASURE..YES
000041 ,2,3,035 216 223,MEAS_U,NO,60,94,34,0,~  2SH-2,MEASURE U LOCAL TRANSPO,NO,60,94,0,0,0,0,35,0.00%,2SH-2.MEASURE U LOCAL TRANSPORTATION AUTHORITY RETAIL TRANSACTIONS AND USE TAX..NO
000041 ,2,3,035 216 223,MEAS_U,YES,25,94,69,0,~  2SH-2,MEASURE U LOCAL TRANSPO,YES,25,94,0,0,0,0,35,0.00%,2SH-2.MEASURE U LOCAL TRANSPORTATION AUTHORITY RETAIL TRANSACTIONS AND USE TAX..YES
000041 ,1,1,035 216 223,PRES,DONALD_J_TRUMP,46,94,48,0,~  2SH-2,PRESIDENT AND VICE PRES,DONALD J. TRUMP      ,46,94,0,0,0,0,14,0.00%,2SH-2.PRESIDENT AND VICE PRESIDENT.DONALD J. TRUMP      and MICHAEL R. PENCE
000041 ,1,1,035 216 223,PRES,GARY_JOHNSON,2,94,92,0,~  2SH-2,PRESIDENT AND VICE PRES,GARY JOHNSON      and,2,94,0,0,0,0,14,0.00%,2SH-2.PRESIDENT AND VICE PRESIDENT.GARY JOHNSON      and BILL WELD
000041 ,1,1,035 216 223,PRES,GLORIA_ESTELA_LA_RIVA,3,94,91,0,~  2SH-2,PRESIDENT AND VICE PRES,GLORIA ESTELA LA RIVA,3,94,0,0,0,0,14,0.00%,2SH-2.PRESIDENT AND VICE PRESIDENT.GLORIA ESTELA LA RIVA      and DENNIS J. BANKS
000041 ,1,1,035 216 223,PRES,HILLARY_CLINTON,32,94,62,0,~  2SH-2,PRESIDENT AND VICE PRES,HILLARY CLINTON      ,32,94,0,0,0,0,14,0.00%,2SH-2.PRESIDENT AND VICE PRESIDENT.HILLARY CLINTON      and TIM KAINE
000041 ,1,1,035 216 223,PRES,JILL_STEIN,4,94,90,0,~  2SH-2,PRESIDENT AND VICE PRES,JILL STEIN      and A,4,94,0,0,0,0,14,0.00%,2SH-2.PRESIDENT AND VICE PRESIDENT.JILL STEIN      and AJAMU BARAKA
000041 ,1,1,035 216 223,PRES,Write_in,6,94,88,0,~  2SH-2,PRESIDENT AND VICE PRES,Write_in,6,94,0,0,0,0,14,0.00%,2SH-2.PRESIDENT AND VICE PRESIDENT.Write_in
000041 ,1,1,035 216 223,PROP_51,NO,57,94,37,0,~  2SH-2,PROPOSITION 51 SCHOOL B,NO,57,94,0,0,0,0,26,0.00%,2SH-2.PROPOSITION 51 SCHOOL BONDS. FUNDING FOR K-12 SCHOOL AND COMMUNITY COLLEGE FACILITIES. INITIATIVE.NO
000041 ,1,1,035 216 223,PROP_51,YES,31,94,63,0,~  2SH-2,PROPOSITION 51 SCHOOL B,YES,31,94,0,0,0,0,26,0.00%,2SH-2.PROPOSITION 51 SCHOOL BONDS. FUNDING FOR K-12 SCHOOL AND COMMUNITY COLLEGE FACILITIES. INITIATIVE.YES
000041 ,1,1,035 216 223,PROP_52,NO,41,94,53,0,~  2SH-2,PROPOSITION 52 MEDI-CAL,NO,41,94,0,0,0,0,5,0.00%,2SH-2.PROPOSITION 52 MEDI-CAL HOSPITAL FEE PROGRAM. INITIATIVE CONSTITUTIONAL AMENDMENT AND STATUTE..NO
000041 ,1,1,035 216 223,PROP_52,YES,46,94,48,0,~  2SH-2,PROPOSITION 52 MEDI-CAL,YES,46,94,0,0,0,0,5,0.00%,2SH-2.PROPOSITION 52 MEDI-CAL HOSPITAL FEE PROGRAM. INITIATIVE CONSTITUTIONAL AMENDMENT AND STATUTE..YES
000041 ,1,1,035 216 223,PROP_54,NO,37,94,57,0,~  2SH-2,PROPOSITION 54 LEGISLAT,NO,37,94,0,0,0,0,10,0.00%,2SH-2.PROPOSITION 54 LEGISLATURE. LEGISLATION AND PROCEEDINGS. INITIATIVE CONSTITUTIONAL AMENDMENT AND.NO
000041 ,1,1,035 216 223,PROP_54,YES,47,94,47,0,~  2SH-2,PROPOSITION 54 LEGISLAT,YES,47,94,0,0,0,0,10,0.00%,2SH-2.PROPOSITION 54 LEGISLATURE. LEGISLATION AND PROCEEDINGS. INITIATIVE CONSTITUTIONAL AMENDMENT AND.YES
000041 ,1,1,035 216 223,PROP_55,NO,34,94,60,0,~  2SH-2,PROPOSITION 55 TAX EXTE,NO,34,94,0,0,0,0,17,0.00%,2SH-2.PROPOSITION 55 TAX EXTENSION TO FUND EDUCATION AND HEALTHCARE. INITIATIVE CONSTITUTIONAL AMENDMENT..NO
000041 ,1,1,035 216 223,PROP_55,YES,51,94,43,0,~  2SH-2,PROPOSITION 55 TAX EXTE,YES,51,94,0,0,0,0,17,0.00%,2SH-2.PROPOSITION 55 TAX EXTENSION TO FUND EDUCATION AND HEALTHCARE. INITIATIVE CONSTITUTIONAL AMENDMENT..YES
000041 ,1,2,035 216 223,PROP_56,NO,52,94,42,0,~  2SH-2,PROPOSITION 56 CIGARETT,NO,52,94,0,0,0,0,16,0.00%,"2SH-2.PROPOSITION 56 CIGARETTE TAX TO FUND HEALTHCARE, TOBACCO USE PREVENTION, RESEARCH, AND.NO"
000041 ,1,2,035 216 223,PROP_56,YES,36,94,58,0,~  2SH-2,PROPOSITION 56 CIGARETT,YES,36,94,0,0,0,0,16,0.00%,"2SH-2.PROPOSITION 56 CIGARETTE TAX TO FUND HEALTHCARE, TOBACCO USE PREVENTION, RESEARCH, AND.YES"
000041 ,1,2,035 216 223,PROP_57,NO,33,94,61,0,~  2SH-2,PROPOSITION 57 CRIMINAL,NO,33,94,0,0,0,0,15,0.00%,2SH-2.PROPOSITION 57 CRIMINAL SENTENCES. PAROLE. JUVENILE CRIMINAL PROCEEDINGS AND SENTENCING. INITIATIVE.NO
000041 ,1,2,035 216 223,PROP_57,YES,48,94,46,0,~  2SH-2,PROPOSITION 57 CRIMINAL,YES,48,94,0,0,0,0,15,0.00%,2SH-2.PROPOSITION 57 CRIMINAL SENTENCES. PAROLE. JUVENILE CRIMINAL PROCEEDINGS AND SENTENCING. INITIATIVE.YES
000041 ,1,2,035 216 223,PROP_59,NO,51,94,43,0,~  2SH-2,PROPOSITION 59 CORPORAT,NO,51,94,0,0,0,0,17,0.00%,2SH-2.PROPOSITION 59 CORPORATIONS. POLITICAL SPENDING. FEDERAL CONSTITUTIONAL PROTECTIONS..NO
000041 ,1,2,035 216 223,PROP_59,YES,34,94,60,0,~  2SH-2,PROPOSITION 59 CORPORAT,YES,34,94,0,0,0,0,17,0.00%,2SH-2.PROPOSITION 59 CORPORATIONS. POLITICAL SPENDING. FEDERAL CONSTITUTIONAL PROTECTIONS..YES
000041 ,1,2,035 216 223,PROP_60,NO,51,94,43,0,~  2SH-2,PROPOSITION 60 ADULT FI,NO,51,94,0,0,0,0,15,0.00%,2SH-2.PROPOSITION 60 ADULT FILMS. CONDOMS. HEALTH REQUIREMENTS. INITIATIVE STATUTE..NO
000041 ,1,2,035 216 223,PROP_60,YES,36,94,58,0,~  2SH-2,PROPOSITION 60 ADULT FI,YES,36,94,0,0,0,0,15,0.00%,2SH-2.PROPOSITION 60 ADULT FILMS. CONDOMS. HEALTH REQUIREMENTS. INITIATIVE STATUTE..YES
000041 ,1,2,035 216 223,PROP_61,NO,42,94,52,0,~  2SH-2,PROPOSITION 61 STATE PR,NO,42,94,0,0,0,0,2,0.00%,2SH-2.PROPOSITION 61 STATE PRESCRIPTION DRUG PURCHASES. PRICING STANDARDS. INITIATIVE STATUTE..NO
000041 ,1,2,035 216 223,PROP_61,YES,40,94,54,0,~  2SH-2,PROPOSITION 61 STATE PR,YES,40,94,0,0,0,0,2,0.00%,2SH-2.PROPOSITION 61 STATE PRESCRIPTION DRUG PURCHASES. PRICING STANDARDS. INITIATIVE STATUTE..YES
000041 ,1,2,035 216 223,PROP_62,NO,55,94,39,0,~  2SH-2,PROPOSITION 62 DEATH PE,NO,55,94,0,0,0,0,23,0.00%,2SH-2.PROPOSITION 62 DEATH PENALTY. INITIATIVE STATUTE..NO
000041 ,1,2,035 216 223,PROP_62,YES,32,94,62,0,~  2SH-2,PROPOSITION 62 DEATH PE,YES,32,94,0,0,0,0,23,0.00%,2SH-2.PROPOSITION 62 DEATH PENALTY. INITIATIVE STATUTE..YES
000041 ,1,2,035 216 223,PROP_63,NO,72,94,22,0,~  2SH-2,PROPOSITION 63 FIREARMS,NO,72,94,0,0,0,0,59,0.00%,2SH-2.PROPOSITION 63 FIREARMS. AMMUNITION SALES. INITIATIVE STATUTE..NO
000041 ,1,2,035 216 223,PROP_63,YES,13,94,81,0,~  2SH-2,PROPOSITION 63 FIREARMS,YES,13,94,0,0,0,0,59,0.00%,2SH-2.PROPOSITION 63 FIREARMS. AMMUNITION SALES. INITIATIVE STATUTE..YES
000041 ,2,3,035 216 223,PROP_64,NO,76,94,18,0,~  2SH-2,PROPOSITION 64 MARIJUAN,NO,76,94,0,0,0,0,60,0.00%,2SH-2.PROPOSITION 64 MARIJUANA LEGALIZATION. INITIATIVE STATUTE..NO
000041 ,2,3,035 216 223,PROP_64,YES,16,94,78,0,~  2SH-2,PROPOSITION 64 MARIJUAN,YES,16,94,0,0,0,0,60,0.00%,2SH-2.PROPOSITION 64 MARIJUANA LEGALIZATION. INITIATIVE STATUTE..YES
000041 ,2,3,035 216 223,PROP_65,NO,65,94,29,0,~  2SH-2,PROPOSITION 65 CARRYOUT,NO,65,94,0,0,0,0,41,0.00%,2SH-2.PROPOSITION 65 CARRYOUT BAGS. CHARGES. INITIATIVE STATUTE..NO
000041 ,2,3,035 216 223,PROP_65,YES,24,94,70,0,~  2SH-2,PROPOSITION 65 CARRYOUT,YES,24,94,0,0,0,0,41,0.00%,2SH-2.PROPOSITION 65 CARRYOUT BAGS. CHARGES. INITIATIVE STATUTE..YES
000041 ,2,3,035 216 223,PROP_66,NO,50,94,44,0,~  2SH-2,PROPOSITION 66 DEATH PE,NO,50,94,0,0,0,0,14,0.00%,2SH-2.PROPOSITION 66 DEATH PENALTY. PROCEDURES. INITIATIVE STATUTE..NO
000041 ,2,3,035 216 223,PROP_66,YES,36,94,58,0,~  2SH-2,PROPOSITION 66 DEATH PE,YES,36,94,0,0,0,0,14,0.00%,2SH-2.PROPOSITION 66 DEATH PENALTY. PROCEDURES. INITIATIVE STATUTE..YES
000041 ,2,3,035 216 223,PROP_67,NO,52,94,42,0,~  2SH-2,PROPOSITION 67 BAN ON S,NO,52,94,0,0,0,0,12,0.00%,2SH-2.PROPOSITION 67 BAN ON SINGLE-USE PLASTIC BAGS. REFERENDUM..NO
000041 ,2,3,035 216 223,PROP_67,YES,40,94,54,0,~  2SH-2,PROPOSITION 67 BAN ON S,YES,40,94,0,0,0,0,12,0.00%,2SH-2.PROPOSITION 67 BAN ON SINGLE-USE PLASTIC BAGS. REFERENDUM..YES
000041 ,1,1,035 216 223,STATEASS2,JIM_WOOD,43,94,51,0,~  2SH-2,"STATE ASSEMBLY, DISTRIC",JIM WOOD,43,94,0,0,0,0,14,0.00%,"2SH-2.STATE ASSEMBLY, DISTRICT 2.JIM WOOD"
000041 ,1,1,035 216 223,STATEASS2,KEN_ANTON,29,94,65,0,~  2SH-2,"STATE ASSEMBLY, DISTRIC",KEN ANTON,29,94,0,0,0,0,14,0.00%,"2SH-2.STATE ASSEMBLY, DISTRICT 2.KEN ANTON"
000041 ,1,1,035 216 223,USREP,DALE_K_MENSING,36,94,58,0,~  2SH-2,US REPRESENTATIVE IN CO,DALE K. MENSING,36,94,0,0,0,0,15,0.00%,"2SH-2.US REPRESENTATIVE IN CONGRESS, DISTRICT 2.DALE K. MENSING"
000041 ,1,1,035 216 223,USREP,JARED_W_HUFFMAN,51,94,43,0,~  2SH-2,US REPRESENTATIVE IN CO,JARED W. HUFFMAN,51,94,0,0,0,0,15,0.00%,"2SH-2.US REPRESENTATIVE IN CONGRESS, DISTRICT 2.JARED W. HUFFMAN"
000041 ,1,1,035 216 223,USSEN,KAMALA_D_HARRIS,44,94,50,0,~  2SH-2,US SENATOR,KAMALA D. HARRIS,44,94,0,0,0,0,20,0.00%,2SH-2.US SENATOR.KAMALA D. HARRIS
000041 ,1,1,035 216 223,USSEN,LORETTA_L_SANCHEZ,24,94,70,0,~  2SH-2,US SENATOR,LORETTA L. SANCHEZ,24,94,0,0,0,0,20,0.00%,2SH-2.US SENATOR.LORETTA L. SANCHEZ
000042 ,2,3,034 035 217 223,MEAS_Q,NO,70,121,51,0,~  2SH-3,MEASURE Q HUMBOLDT COUN,NO,70,121,0,0,0,0,32,0.00%,2SH-3.MEASURE Q HUMBOLDT COUNTY CREATION OF FINANCE DEPARTMENT MEASURE..NO
000042 ,2,3,034 035 217 223,MEAS_Q,YES,38,121,83,0,~  2SH-3,MEASURE Q HUMBOLDT COUN,YES,38,121,0,0,0,0,32,0.00%,2SH-3.MEASURE Q HUMBOLDT COUNTY CREATION OF FINANCE DEPARTMENT MEASURE..YES
000042 ,1,1,034 035 217 223,PRES,DONALD_J_TRUMP,51,121,70,0,~  2SH-3,PRESIDENT AND VICE PRES,DONALD J. TRUMP      ,51,121,0,0,0,0,5,0.00%,2SH-3.PRESIDENT AND VICE PRESIDENT.DONALD J. TRUMP      and MICHAEL R. PENCE
000042 ,1,1,034 035 217 223,PRES,GARY_JOHNSON,3,121,118,0,~  2SH-3,PRESIDENT AND VICE PRES,GARY JOHNSON      and,3,121,0,0,0,0,5,0.00%,2SH-3.PRESIDENT AND VICE PRESIDENT.GARY JOHNSON      and BILL WELD
000042 ,1,1,034 035 217 223,PRES,GLORIA_ESTELA_LA_RIVA,0,121,121,0,~  2SH-3,PRESIDENT AND VICE PRES,GLORIA ESTELA LA RIVA,0,121,0,0,0,0,5,0.00%,2SH-3.PRESIDENT AND VICE PRESIDENT.GLORIA ESTELA LA RIVA      and DENNIS J. BANKS
000042 ,1,1,034 035 217 223,PRES,HILLARY_CLINTON,46,121,75,0,~  2SH-3,PRESIDENT AND VICE PRES,HILLARY CLINTON      ,46,121,0,0,0,0,5,0.00%,2SH-3.PRESIDENT AND VICE PRESIDENT.HILLARY CLINTON      and TIM KAINE
000042 ,1,1,034 035 217 223,PRES,JILL_STEIN,13,121,108,0,~  2SH-3,PRESIDENT AND VICE PRES,JILL STEIN      and A,13,121,0,0,0,0,5,0.00%,2SH-3.PRESIDENT AND VICE PRESIDENT.JILL STEIN      and AJAMU BARAKA
000042 ,1,1,034 035 217 223,PRES,Write_in,6,121,115,0,~  2SH-3,PRESIDENT AND VICE PRES,Write_in,6,121,0,0,0,0,5,0.00%,2SH-3.PRESIDENT AND VICE PRESIDENT.Write_in
000042 ,1,1,034 035 217 223,PROP_51,NO,71,121,50,0,~  2SH-3,PROPOSITION 51 SCHOOL B,NO,71,121,0,0,0,0,23,0.00%,2SH-3.PROPOSITION 51 SCHOOL BONDS. FUNDING FOR K-12 SCHOOL AND COMMUNITY COLLEGE FACILITIES. INITIATIVE.NO
000042 ,1,1,034 035 217 223,PROP_51,YES,48,121,73,0,~  2SH-3,PROPOSITION 51 SCHOOL B,YES,48,121,0,0,0,0,23,0.00%,2SH-3.PROPOSITION 51 SCHOOL BONDS. FUNDING FOR K-12 SCHOOL AND COMMUNITY COLLEGE FACILITIES. INITIATIVE.YES
000042 ,1,1,034 035 217 223,PROP_52,NO,42,121,79,0,~  2SH-3,PROPOSITION 52 MEDI-CAL,NO,42,121,0,0,0,0,32,0.00%,2SH-3.PROPOSITION 52 MEDI-CAL HOSPITAL FEE PROGRAM. INITIATIVE CONSTITUTIONAL AMENDMENT AND STATUTE..NO
000042 ,1,1,034 035 217 223,PROP_52,YES,74,121,47,0,~  2SH-3,PROPOSITION 52 MEDI-CAL,YES,74,121,0,0,0,0,32,0.00%,2SH-3.PROPOSITION 52 MEDI-CAL HOSPITAL FEE PROGRAM. INITIATIVE CONSTITUTIONAL AMENDMENT AND STATUTE..YES
000042 ,1,1,034 035 217 223,PROP_53,NO,47,121,74,1,~  2SH-3,PROPOSITION 53 REVENUE ,NO,47,121,0,0,0,0,19,0.00%,2SH-3.PROPOSITION 53 REVENUE BONDS. STATEWIDE VOTER APPROVAL. INITIATIVE CONSTITUTIONAL AMENDMENT..NO
000042 ,1,1,034 035 217 223,PROP_54,NO,44,121,77,1,~  2SH-3,PROPOSITION 54 LEGISLAT,NO,44,121,0,0,0,0,29,0.00%,2SH-3.PROPOSITION 54 LEGISLATURE. LEGISLATION AND PROCEEDINGS. INITIATIVE CONSTITUTIONAL AMENDMENT AND.NO
000042 ,1,1,034 035 217 223,PROP_55,NO,48,121,73,0,~  2SH-3,PROPOSITION 55 TAX EXTE,NO,48,121,0,0,0,0,21,0.00%,2SH-3.PROPOSITION 55 TAX EXTENSION TO FUND EDUCATION AND HEALTHCARE. INITIATIVE CONSTITUTIONAL AMENDMENT..NO
000042 ,1,1,034 035 217 223,PROP_55,YES,69,121,52,0,~  2SH-3,PROPOSITION 55 TAX EXTE,YES,69,121,0,0,0,0,21,0.00%,2SH-3.PROPOSITION 55 TAX EXTENSION TO FUND EDUCATION AND HEALTHCARE. INITIATIVE CONSTITUTIONAL AMENDMENT..YES
000042 ,1,2,034 035 217 223,PROP_56,NO,64,121,57,0,~  2SH-3,PROPOSITION 56 CIGARETT,NO,64,121,0,0,0,0,11,0.00%,"2SH-3.PROPOSITION 56 CIGARETTE TAX TO FUND HEALTHCARE, TOBACCO USE PREVENTION, RESEARCH, AND.NO"
000042 ,1,2,034 035 217 223,PROP_56,YES,53,121,68,0,~  2SH-3,PROPOSITION 56 CIGARETT,YES,53,121,0,0,0,0,11,0.00%,"2SH-3.PROPOSITION 56 CIGARETTE TAX TO FUND HEALTHCARE, TOBACCO USE PREVENTION, RESEARCH, AND.YES"
000042 ,1,2,034 035 217 223,PROP_57,NO,32,121,89,0,~  2SH-3,PROPOSITION 57 CRIMINAL,NO,32,121,0,0,0,0,50,0.00%,2SH-3.PROPOSITION 57 CRIMINAL SENTENCES. PAROLE. JUVENILE CRIMINAL PROCEEDINGS AND SENTENCING. INITIATIVE.NO
000042 ,1,2,034 035 217 223,PROP_57,YES,82,121,39,0,~  2SH-3,PROPOSITION 57 CRIMINAL,YES,82,121,0,0,0,0,50,0.00%,2SH-3.PROPOSITION 57 CRIMINAL SENTENCES. PAROLE. JUVENILE CRIMINAL PROCEEDINGS AND SENTENCING. INITIATIVE.YES
000042 ,1,2,034 035 217 223,PROP_58,NO,25,121,96,0,~  2SH-3,PROPOSITION 58 ENGLISH ,NO,25,121,0,0,0,0,67,0.00%,2SH-3.PROPOSITION 58 ENGLISH PROFICIENCY. MULTILINGUAL EDUCATION. INITIATIVE STATUTE..NO
000042 ,1,2,034 035 217 223,PROP_58,YES,92,121,29,0,~  2SH-3,PROPOSITION 58 ENGLISH ,YES,92,121,0,0,0,0,67,0.00%,2SH-3.PROPOSITION 58 ENGLISH PROFICIENCY. MULTILINGUAL EDUCATION. INITIATIVE STATUTE..YES
000042 ,1,2,034 035 217 223,PROP_59,NO,43,121,78,0,~  2SH-3,PROPOSITION 59 CORPORAT,NO,43,121,0,0,0,0,26,0.00%,2SH-3.PROPOSITION 59 CORPORATIONS. POLITICAL SPENDING. FEDERAL CONSTITUTIONAL PROTECTIONS..NO
000042 ,1,2,034 035 217 223,PROP_59,YES,69,121,52,0,~  2SH-3,PROPOSITION 59 CORPORAT,YES,69,121,0,0,0,0,26,0.00%,2SH-3.PROPOSITION 59 CORPORATIONS. POLITICAL SPENDING. FEDERAL CONSTITUTIONAL PROTECTIONS..YES
000042 ,1,2,034 035 217 223,PROP_61,NO,45,121,76,1,~  2SH-3,PROPOSITION 61 STATE PR,NO,45,121,0,0,0,0,22,0.00%,2SH-3.PROPOSITION 61 STATE PRESCRIPTION DRUG PURCHASES. PRICING STANDARDS. INITIATIVE STATUTE..NO
000042 ,1,2,034 035 217 223,PROP_62,NO,64,121,57,0,~  2SH-3,PROPOSITION 62 DEATH PE,NO,64,121,0,0,0,0,17,0.00%,2SH-3.PROPOSITION 62 DEATH PENALTY. INITIATIVE STATUTE..NO
000042 ,1,2,034 035 217 223,PROP_62,YES,47,121,74,0,~  2SH-3,PROPOSITION 62 DEATH PE,YES,47,121,0,0,0,0,17,0.00%,2SH-3.PROPOSITION 62 DEATH PENALTY. INITIATIVE STATUTE..YES
000042 ,1,2,034 035 217 223,PROP_63,NO,87,121,34,0,~  2SH-3,PROPOSITION 63 FIREARMS,NO,87,121,0,0,0,0,58,0.00%,2SH-3.PROPOSITION 63 FIREARMS. AMMUNITION SALES. INITIATIVE STATUTE..NO
000042 ,1,2,034 035 217 223,PROP_63,YES,29,121,92,0,~  2SH-3,PROPOSITION 63 FIREARMS,YES,29,121,0,0,0,0,58,0.00%,2SH-3.PROPOSITION 63 FIREARMS. AMMUNITION SALES. INITIATIVE STATUTE..YES
000042 ,2,3,034 035 217 223,PROP_64,NO,83,121,38,0,~  2SH-3,PROPOSITION 64 MARIJUAN,NO,83,121,0,0,0,0,46,0.00%,2SH-3.PROPOSITION 64 MARIJUANA LEGALIZATION. INITIATIVE STATUTE..NO
000042 ,2,3,034 035 217 223,PROP_64,YES,37,121,84,0,~  2SH-3,PROPOSITION 64 MARIJUAN,YES,37,121,0,0,0,0,46,0.00%,2SH-3.PROPOSITION 64 MARIJUANA LEGALIZATION. INITIATIVE STATUTE..YES
000042 ,2,3,034 035 217 223,PROP_65,NO,81,121,40,1,~  2SH-3,PROPOSITION 65 CARRYOUT,NO,81,121,0,0,0,0,46,0.00%,2SH-3.PROPOSITION 65 CARRYOUT BAGS. CHARGES. INITIATIVE STATUTE..NO
000042 ,2,3,034 035 217 223,PROP_66,NO,69,121,52,1,~  2SH-3,PROPOSITION 66 DEATH PE,NO,69,121,0,0,0,0,30,0.00%,2SH-3.PROPOSITION 66 DEATH PENALTY. PROCEDURES. INITIATIVE STATUTE..NO
000042 ,2,3,034 035 217 223,PROP_67,NO,63,121,58,0,~  2SH-3,PROPOSITION 67 BAN ON S,NO,63,121,0,0,0,0,7,0.00%,2SH-3.PROPOSITION 67 BAN ON SINGLE-USE PLASTIC BAGS. REFERENDUM..NO
000042 ,2,3,034 035 217 223,PROP_67,YES,56,121,65,0,~  2SH-3,PROPOSITION 67 BAN ON S,YES,56,121,0,0,0,0,7,0.00%,2SH-3.PROPOSITION 67 BAN ON SINGLE-USE PLASTIC BAGS. REFERENDUM..YES
000042 ,1,1,034 035 217 223,STATEASS2,JIM_WOOD,67,121,54,0,~  2SH-3,"STATE ASSEMBLY, DISTRIC",JIM WOOD,67,121,0,0,0,0,31,0.00%,"2SH-3.STATE ASSEMBLY, DISTRICT 2.JIM WOOD"
000042 ,1,1,034 035 217 223,STATEASS2,KEN_ANTON,36,121,85,0,~  2SH-3,"STATE ASSEMBLY, DISTRIC",KEN ANTON,36,121,0,0,0,0,31,0.00%,"2SH-3.STATE ASSEMBLY, DISTRICT 2.KEN ANTON"
000042 ,1,1,034 035 217 223,USREP,JARED_W_HUFFMAN,68,121,53,1,~  2SH-3,US REPRESENTATIVE IN CO,JARED W. HUFFMAN,68,121,0,0,0,0,21,0.00%,"2SH-3.US REPRESENTATIVE IN CONGRESS, DISTRICT 2.JARED W. HUFFMAN"
000042 ,1,1,034 035 217 223,USSEN,LORETTA_L_SANCHEZ,33,121,88,1,~  2SH-3,US SENATOR,LORETTA L. SANCHEZ,33,121,0,0,0,0,18,0.00%,2SH-3.US SENATOR.LORETTA L. SANCHEZ
000043 ,2,3,011 048 049 082 168 225 235 243,MEAS_Q,NO,277,553,276,1,~  2SH-4,MEASURE Q HUMBOLDT COUN,NO,277,557,0,-4,0,4,88,0.00%,2SH-4.MEASURE Q HUMBOLDT COUNTY CREATION OF FINANCE DEPARTMENT MEASURE..NO
000043 ,2,3,011 048 049 082 168 225 235 243,MEAS_R,YES,216,553,337,1,~  2SH-4,MEASURE R HUMBOLDT COUN,YES,216,557,0,-4,0,4,33,0.00%,2SH-4.MEASURE R HUMBOLDT COUNTY FINANCE DEPARTMENT ELECTIVE OFFICE MEASURE..YES
000043 ,2,3,011 048 049 082 168 225 235 243,MEAS_S,NO,308,553,245,2,~  2SH-4,MEASURE S HUMBOLDT COUN,NO,308,557,0,-4,0,4,94,0.00%,2SH-4.MEASURE S HUMBOLDT COUNTY COMMERCIAL MARIJUANA CULTIVATION MEASURE..NO
000043 ,1,1,011 048 049 082 168 225 229 235 243,PRES,DONALD_J_TRUMP,125,557,432,0,~  2SH-4,PRESIDENT AND VICE PRES,DONALD J. TRUMP      ,125,557,0,0,0,0,206,0.00%,2SH-4.PRESIDENT AND VICE PRESIDENT.DONALD J. TRUMP      and MICHAEL R. PENCE
000043 ,1,1,011 048 049 082 168 225 229 235 243,PRES,GARY_JOHNSON,13,557,544,0,~  2SH-4,PRESIDENT AND VICE PRES,GARY JOHNSON      and,13,557,0,0,0,0,206,0.00%,2SH-4.PRESIDENT AND VICE PRESIDENT.GARY JOHNSON      and BILL WELD
000043 ,1,1,011 048 049 082 168 225 229 235 243,PRES,GLORIA_ESTELA_LA_RIVA,4,557,553,1,~  2SH-4,PRESIDENT AND VICE PRES,GLORIA ESTELA LA RIVA,4,557,0,0,0,0,206,0.00%,2SH-4.PRESIDENT AND VICE PRESIDENT.GLORIA ESTELA LA RIVA      and DENNIS J. BANKS
000043 ,1,1,011 048 049 082 168 225 229 235 243,PRES,JILL_STEIN,44,557,513,0,~  2SH-4,PRESIDENT AND VICE PRES,JILL STEIN      and A,44,557,0,0,0,0,206,0.00%,2SH-4.PRESIDENT AND VICE PRESIDENT.JILL STEIN      and AJAMU BARAKA
000043 ,1,1,011 048 049 082 168 225 229 235 243,PRES,Write_in,28,557,529,0,~  2SH-4,PRESIDENT AND VICE PRES,Write_in,28,557,0,0,0,0,206,0.00%,2SH-4.PRESIDENT AND VICE PRESIDENT.Write_in
000043 ,1,1,011 048 049 082 168 225 229 235 243,PROP_51,NO,252,557,305,1,~  2SH-4,PROPOSITION 51 SCHOOL B,NO,252,557,0,0,0,0,11,0.00%,2SH-4.PROPOSITION 51 SCHOOL BONDS. FUNDING FOR K-12 SCHOOL AND COMMUNITY COLLEGE FACILITIES. INITIATIVE.NO
000043 ,1,1,011 048 049 082 168 225 229 235 243,PROP_53,NO,266,557,291,2,~  2SH-4,PROPOSITION 53 REVENUE ,NO,266,557,0,0,0,0,30,0.00%,2SH-4.PROPOSITION 53 REVENUE BONDS. STATEWIDE VOTER APPROVAL. INITIATIVE CONSTITUTIONAL AMENDMENT..NO
000043 ,1,1,011 048 049 082 168 225 229 235 243,PROP_54,NO,171,557,386,0,~  2SH-4,PROPOSITION 54 LEGISLAT,NO,171,557,0,0,0,0,168,0.00%,2SH-4.PROPOSITION 54 LEGISLATURE. LEGISLATION AND PROCEEDINGS. INITIATIVE CONSTITUTIONAL AMENDMENT AND.NO
000043 ,1,1,011 048 049 082 168 225 229 235 243,PROP_54,YES,339,557,218,0,~  2SH-4,PROPOSITION 54 LEGISLAT,YES,339,557,0,0,0,0,168,0.00%,2SH-4.PROPOSITION 54 LEGISLATURE. LEGISLATION AND PROCEEDINGS. INITIATIVE CONSTITUTIONAL AMENDMENT AND.YES
000043 ,1,1,011 048 049 082 168 225 229 235 243,PROP_55,NO,132,557,425,0,~  2SH-4,PROPOSITION 55 TAX EXTE,NO,132,557,0,0,0,0,254,0.00%,2SH-4.PROPOSITION 55 TAX EXTENSION TO FUND EDUCATION AND HEALTHCARE. INITIATIVE CONSTITUTIONAL AMENDMENT..NO
000043 ,1,1,011 048 049 082 168 225 229 235 243,PROP_55,YES,386,557,171,0,~  2SH-4,PROPOSITION 55 TAX EXTE,YES,386,557,0,0,0,0,254,0.00%,2SH-4.PROPOSITION 55 TAX EXTENSION TO FUND EDUCATION AND HEALTHCARE. INITIATIVE CONSTITUTIONAL AMENDMENT..YES
000043 ,1,2,011 048 049 082 168 225 229 235 243,PROP_57,NO,145,553,408,1,~  2SH-4,PROPOSITION 57 CRIMINAL,NO,145,557,0,-4,0,4,223,0.00%,2SH-4.PROPOSITION 57 CRIMINAL SENTENCES. PAROLE. JUVENILE CRIMINAL PROCEEDINGS AND SENTENCING. INITIATIVE.NO
000043 ,1,2,011 048 049 082 168 225 229 235 243,PROP_58,NO,105,553,448,0,~  2SH-4,PROPOSITION 58 ENGLISH ,NO,105,557,0,-4,0,4,294,0.00%,2SH-4.PROPOSITION 58 ENGLISH PROFICIENCY. MULTILINGUAL EDUCATION. INITIATIVE STATUTE..NO
000043 ,1,2,011 048 049 082 168 225 229 235 243,PROP_59,NO,146,553,407,1,~  2SH-4,PROPOSITION 59 CORPORAT,NO,146,557,0,-4,0,4,202,0.00%,2SH-4.PROPOSITION 59 CORPORATIONS. POLITICAL SPENDING. FEDERAL CONSTITUTIONAL PROTECTIONS..NO
000043 ,1,2,011 048 049 082 168 225 229 235 243,PROP_61,NO,172,553,381,0,~  2SH-4,PROPOSITION 61 STATE PR,NO,172,557,0,-4,0,4,151,0.00%,2SH-4.PROPOSITION 61 STATE PRESCRIPTION DRUG PURCHASES. PRICING STANDARDS. INITIATIVE STATUTE..NO
000043 ,2,3,011 048 049 082 168 225 235 243,PROP_64,NO,339,553,214,0,~  2SH-4,PROPOSITION 64 MARIJUAN,NO,339,557,0,-4,0,4,138,0.00%,2SH-4.PROPOSITION 64 MARIJUANA LEGALIZATION. INITIATIVE STATUTE..NO
000043 ,2,3,011 048 049 082 168 225 235 243,PROP_64,YES,201,553,352,0,~  2SH-4,PROPOSITION 64 MARIJUAN,YES,201,557,0,-4,0,4,138,0.00%,2SH-4.PROPOSITION 64 MARIJUANA LEGALIZATION. INITIATIVE STATUTE..YES
000043 ,2,3,011 048 049 082 168 225 235 243,PROP_67,YES,371,553,182,2,~  2SH-4,PROPOSITION 67 BAN ON S,YES,371,557,0,-4,0,4,220,0.00%,2SH-4.PROPOSITION 67 BAN ON SINGLE-USE PLASTIC BAGS. REFERENDUM..YES
000043 ,1,1,011 048 049 082 168 225 229 235 243,STATEASS2,KEN_ANTON,114,557,443,0,~  2SH-4,"STATE ASSEMBLY, DISTRIC",KEN ANTON,114,557,0,0,0,0,246,0.00%,"2SH-4.STATE ASSEMBLY, DISTRICT 2.KEN ANTON"
000043 ,1,1,011 048 049 082 168 225 229 235 243,USREP,DALE_K_MENSING,114,557,443,0,~  2SH-4,US REPRESENTATIVE IN CO,DALE K. MENSING,114,557,0,0,0,0,291,0.00%,"2SH-4.US REPRESENTATIVE IN CONGRESS, DISTRICT 2.DALE K. MENSING"
000043 ,1,1,011 048 049 082 168 225 229 235 243,USREP,JARED_W_HUFFMAN,405,557,152,0,~  2SH-4,US REPRESENTATIVE IN CO,JARED W. HUFFMAN,405,557,0,0,0,0,291,0.00%,"2SH-4.US REPRESENTATIVE IN CONGRESS, DISTRICT 2.JARED W. HUFFMAN"
000043 ,1,1,011 048 049 082 168 225 229 235 243,USSEN,KAMALA_D_HARRIS,341,557,216,0,~  2SH-4,US SENATOR,KAMALA D. HARRIS,341,557,0,0,0,0,223,0.00%,2SH-4.US SENATOR.KAMALA D. HARRIS
000043 ,1,1,011 048 049 082 168 225 229 235 243,USSEN,LORETTA_L_SANCHEZ,118,557,439,0,~  2SH-4,US SENATOR,LORETTA L. SANCHEZ,118,557,0,0,0,0,223,0.00%,2SH-4.US SENATOR.LORETTA L. SANCHEZ
000044 ,2,3,010 011 052 083 084 168 169 225 235,MEAS_Q,NO,416,763,347,2,~  2SH-5,MEASURE Q HUMBOLDT COUN,NO,416,766,0,-3,0,3,163,0.00%,2SH-5.MEASURE Q HUMBOLDT COUNTY CREATION OF FINANCE DEPARTMENT MEASURE..NO
000044 ,2,3,010 011 052 083 084 168 169 225 235,MEAS_S,NO,459,763,304,0,~  2SH-5,MEASURE S HUMBOLDT COUN,NO,459,766,0,-3,0,3,183,0.00%,2SH-5.MEASURE S HUMBOLDT COUNTY COMMERCIAL MARIJUANA CULTIVATION MEASURE..NO
000044 ,2,3,010 011 052 083 084 168 169 225 235,MEAS_S,YES,276,763,487,0,~  2SH-5,MEASURE S HUMBOLDT COUN,YES,276,766,0,-3,0,3,183,0.00%,2SH-5.MEASURE S HUMBOLDT COUNTY COMMERCIAL MARIJUANA CULTIVATION MEASURE..YES
000044 ,2,3,010 011 052 083 084 168 169 225 235,MEAS_V,NO,313,763,450,2,~  2SH-5,MEASURE V MOBILE HOME P,NO,313,766,0,-3,0,3,88,0.00%,2SH-5.MEASURE V MOBILE HOME PARK SPACE RENT STABILIZATION..NO
000044 ,2,3,010 011 052 083 084 168 169 225 235,MEAS_V,YES,401,763,362,2,~  2SH-5,MEASURE V MOBILE HOME P,YES,401,766,0,-3,0,3,88,0.00%,2SH-5.MEASURE V MOBILE HOME PARK SPACE RENT STABILIZATION..YES
000044 ,1,1,010 011 052 082 083 168 169 225 229 235 243,PRES,GLORIA_ESTELA_LA_RIVA,6,767,761,0,~  2SH-5,PRESIDENT AND VICE PRES,GLORIA ESTELA LA RIVA,6,766,0,1,0,1,214,0.00%,2SH-5.PRESIDENT AND VICE PRESIDENT.GLORIA ESTELA LA RIVA      and DENNIS J. BANKS
000044 ,1,1,010 011 052 082 083 168 169 225 229 235 243,PRES,Write_in,37,767,730,0,~  2SH-5,PRESIDENT AND VICE PRES,Write_in,37,766,0,1,0,1,214,0.00%,2SH-5.PRESIDENT AND VICE PRESIDENT.Write_in
000044 ,1,1,010 011 052 082 083 168 169 225 229 235 243,PROP_54,NO,239,767,528,1,~  2SH-5,PROPOSITION 54 LEGISLAT,NO,239,766,0,1,0,1,250,0.00%,2SH-5.PROPOSITION 54 LEGISLATURE. LEGISLATION AND PROCEEDINGS. INITIATIVE CONSTITUTIONAL AMENDMENT AND.NO
000044 ,1,2,010 011 052 082 083 168 169 225 229 235 243,PROP_57,NO,185,766,581,3,~  2SH-5,PROPOSITION 57 CRIMINAL,NO,185,766,0,0,0,0,353,0.00%,2SH-5.PROPOSITION 57 CRIMINAL SENTENCES. PAROLE. JUVENILE CRIMINAL PROCEEDINGS AND SENTENCING. INITIATIVE.NO
000044 ,1,2,010 011 052 082 083 168 169 225 229 235 243,PROP_60,YES,267,766,499,0,~  2SH-5,PROPOSITION 60 ADULT FI,YES,267,766,0,0,0,0,159,0.00%,2SH-5.PROPOSITION 60 ADULT FILMS. CONDOMS. HEALTH REQUIREMENTS. INITIATIVE STATUTE..YES
000044 ,1,2,010 011 052 082 083 168 169 225 229 235 243,PROP_61,NO,267,766,499,2,~  2SH-5,PROPOSITION 61 STATE PR,NO,267,766,0,0,0,0,172,0.00%,2SH-5.PROPOSITION 61 STATE PRESCRIPTION DRUG PURCHASES. PRICING STANDARDS. INITIATIVE STATUTE..NO
000044 ,2,3,010 011 052 083 084 168 169 225 235,PROP_64,YES,257,763,506,0,~  2SH-5,PROPOSITION 64 MARIJUAN,YES,257,766,0,-3,0,3,234,0.00%,2SH-5.PROPOSITION 64 MARIJUANA LEGALIZATION. INITIATIVE STATUTE..YES
000044 ,2,3,010 011 052 083 084 168 169 225 235,PROP_66,NO,418,763,345,2,~  2SH-5,PROPOSITION 66 DEATH PE,NO,418,766,0,-3,0,3,152,0.00%,2SH-5.PROPOSITION 66 DEATH PENALTY. PROCEDURES. INITIATIVE STATUTE..NO
000044 ,2,3,010 011 052 083 084 168 169 225 235,PROP_67,NO,296,763,467,0,~  2SH-5,PROPOSITION 67 BAN ON S,NO,296,766,0,-3,0,3,148,0.00%,2SH-5.PROPOSITION 67 BAN ON SINGLE-USE PLASTIC BAGS. REFERENDUM..NO
000044 ,2,3,010 011 052 083 084 168 169 225 235,PROP_67,YES,444,763,319,0,~  2SH-5,PROPOSITION 67 BAN ON S,YES,444,766,0,-3,0,3,148,0.00%,2SH-5.PROPOSITION 67 BAN ON SINGLE-USE PLASTIC BAGS. REFERENDUM..YES
000044 ,1,1,010 011 052 082 083 168 169 225 229 235 243,STATEASS2,JIM_WOOD,469,767,298,0,~  2SH-5,"STATE ASSEMBLY, DISTRIC",JIM WOOD,469,766,0,1,0,1,284,0.00%,"2SH-5.STATE ASSEMBLY, DISTRICT 2.JIM WOOD"
000044 ,1,1,010 011 052 082 083 168 169 225 229 235 243,USSEN,LORETTA_L_SANCHEZ,202,767,565,1,~  2SH-5,US SENATOR,LORETTA L. SANCHEZ,202,766,0,1,0,1,237,0.00%,2SH-5.US SENATOR.LORETTA L. SANCHEZ
000045 ,2,3,034 217 223,MEAS_Q,NO,20,48,28,0,~  2SH-7,MEASURE Q HUMBOLDT COUN,NO,20,48,0,0,0,0,2,0.00%,2SH-7.MEASURE Q HUMBOLDT COUNTY CREATION OF FINANCE DEPARTMENT MEASURE..NO
000045 ,2,3,034 217 223,MEAS_Q,YES,22,48,26,0,~  2SH-7,MEASURE Q HUMBOLDT COUN,YES,22,48,0,0,0,0,2,0.00%,2SH-7.MEASURE Q HUMBOLDT COUNTY CREATION OF FINANCE DEPARTMENT MEASURE..YES
000045 ,2,3,034 217 223,MEAS_U,NO,23,48,25,0,~  2SH-7,MEASURE U LOCAL TRANSPO,NO,23,48,0,0,0,0,0,--,2SH-7.MEASURE U LOCAL TRANSPORTATION AUTHORITY RETAIL TRANSACTIONS AND USE TAX..NO
000045 ,2,3,034 217 223,MEAS_U,YES,23,48,25,0,~  2SH-7,MEASURE U LOCAL TRANSPO,YES,23,48,0,0,0,0,0,--,2SH-7.MEASURE U LOCAL TRANSPORTATION AUTHORITY RETAIL TRANSACTIONS AND USE TAX..YES
000045 ,2,3,034 217 223,MEAS_V,NO,17,48,31,0,~  2SH-7,MEASURE V MOBILE HOME P,NO,17,48,0,0,0,0,12,0.00%,2SH-7.MEASURE V MOBILE HOME PARK SPACE RENT STABILIZATION..NO
000045 ,2,3,034 217 223,MEAS_V,YES,29,48,19,0,~  2SH-7,MEASURE V MOBILE HOME P,YES,29,48,0,0,0,0,12,0.00%,2SH-7.MEASURE V MOBILE HOME PARK SPACE RENT STABILIZATION..YES
000045 ,1,1,034 217 223,PRES,DONALD_J_TRUMP,7,48,41,0,~  2SH-7,PRESIDENT AND VICE PRES,DONALD J. TRUMP      ,7,48,0,0,0,0,20,0.00%,2SH-7.PRESIDENT AND VICE PRESIDENT.DONALD J. TRUMP      and MICHAEL R. PENCE
000045 ,1,1,034 217 223,PRES,GARY_JOHNSON,1,48,47,0,~  2SH-7,PRESIDENT AND VICE PRES,GARY JOHNSON      and,1,48,0,0,0,0,20,0.00%,2SH-7.PRESIDENT AND VICE PRESIDENT.GARY JOHNSON      and BILL WELD
000045 ,1,1,034 217 223,PRES,GLORIA_ESTELA_LA_RIVA,0,48,48,0,~  2SH-7,PRESIDENT AND VICE PRES,GLORIA ESTELA LA RIVA,0,48,0,0,0,0,20,0.00%,2SH-7.PRESIDENT AND VICE PRESIDENT.GLORIA ESTELA LA RIVA      and DENNIS J. BANKS
000045 ,1,1,034 217 223,PRES,HILLARY_CLINTON,29,48,19,0,~  2SH-7,PRESIDENT AND VICE PRES,HILLARY CLINTON      ,29,48,0,0,0,0,20,0.00%,2SH-7.PRESIDENT AND VICE PRESIDENT.HILLARY CLINTON      and TIM KAINE
000045 ,1,1,034 217 223,PRES,JILL_STEIN,9,48,39,0,~  2SH-7,PRESIDENT AND VICE PRES,JILL STEIN      and A,9,48,0,0,0,0,20,0.00%,2SH-7.PRESIDENT AND VICE PRESIDENT.JILL STEIN      and AJAMU BARAKA
000045 ,1,1,034 217 223,PRES,Write_in,0,48,48,0,~  2SH-7,PRESIDENT AND VICE PRES,Write_in,0,48,0,0,0,0,20,0.00%,2SH-7.PRESIDENT AND VICE PRESIDENT.Write_in
000045 ,1,1,034 217 223,PROP_51,NO,19,48,29,0,~  2SH-7,PROPOSITION 51 SCHOOL B,NO,19,48,0,0,0,0,9,0.00%,2SH-7.PROPOSITION 51 SCHOOL BONDS. FUNDING FOR K-12 SCHOOL AND COMMUNITY COLLEGE FACILITIES. INITIATIVE.NO
000045 ,1,1,034 217 223,PROP_51,YES,28,48,20,0,~  2SH-7,PROPOSITION 51 SCHOOL B,YES,28,48,0,0,0,0,9,0.00%,2SH-7.PROPOSITION 51 SCHOOL BONDS. FUNDING FOR K-12 SCHOOL AND COMMUNITY COLLEGE FACILITIES. INITIATIVE.YES
000045 ,1,1,034 217 223,PROP_52,NO,8,48,40,0,~  2SH-7,PROPOSITION 52 MEDI-CAL,NO,8,48,0,0,0,0,30,0.00%,2SH-7.PROPOSITION 52 MEDI-CAL HOSPITAL FEE PROGRAM. INITIATIVE CONSTITUTIONAL AMENDMENT AND STATUTE..NO
000045 ,1,1,034 217 223,PROP_52,YES,38,48,10,0,~  2SH-7,PROPOSITION 52 MEDI-CAL,YES,38,48,0,0,0,0,30,0.00%,2SH-7.PROPOSITION 52 MEDI-CAL HOSPITAL FEE PROGRAM. INITIATIVE CONSTITUTIONAL AMENDMENT AND STATUTE..YES
000045 ,1,1,034 217 223,PROP_53,NO,22,48,26,0,~  2SH-7,PROPOSITION 53 REVENUE ,NO,22,48,0,0,0,0,1,0.00%,2SH-7.PROPOSITION 53 REVENUE BONDS. STATEWIDE VOTER APPROVAL. INITIATIVE CONSTITUTIONAL AMENDMENT..NO
000045 ,1,1,034 217 223,PROP_53,YES,23,48,25,0,~  2SH-7,PROPOSITION 53 REVENUE ,YES,23,48,0,0,0,0,1,0.00%,2SH-7.PROPOSITION 53 REVENUE BONDS. STATEWIDE VOTER APPROVAL. INITIATIVE CONSTITUTIONAL AMENDMENT..YES
000045 ,1,1,034 217 223,PROP_54,NO,14,48,34,0,~  2SH-7,PROPOSITION 54 LEGISLAT,NO,14,48,0,0,0,0,18,0.00%,2SH-7.PROPOSITION 54 LEGISLATURE. LEGISLATION AND PROCEEDINGS. INITIATIVE CONSTITUTIONAL AMENDMENT AND.NO
000045 ,1,1,034 217 223,PROP_54,YES,32,48,16,0,~  2SH-7,PROPOSITION 54 LEGISLAT,YES,32,48,0,0,0,0,18,0.00%,2SH-7.PROPOSITION 54 LEGISLATURE. LEGISLATION AND PROCEEDINGS. INITIATIVE CONSTITUTIONAL AMENDMENT AND.YES
000045 ,1,1,034 217 223,PROP_55,NO,11,48,37,0,~  2SH-7,PROPOSITION 55 TAX EXTE,NO,11,48,0,0,0,0,25,0.00%,2SH-7.PROPOSITION 55 TAX EXTENSION TO FUND EDUCATION AND HEALTHCARE. INITIATIVE CONSTITUTIONAL AMENDMENT..NO
000045 ,1,1,034 217 223,PROP_55,YES,36,48,12,0,~  2SH-7,PROPOSITION 55 TAX EXTE,YES,36,48,0,0,0,0,25,0.00%,2SH-7.PROPOSITION 55 TAX EXTENSION TO FUND EDUCATION AND HEALTHCARE. INITIATIVE CONSTITUTIONAL AMENDMENT..YES
000045 ,1,2,034 217 223,PROP_56,NO,18,48,30,0,~  2SH-7,PROPOSITION 56 CIGARETT,NO,18,48,0,0,0,0,11,0.00%,"2SH-7.PROPOSITION 56 CIGARETTE TAX TO FUND HEALTHCARE, TOBACCO USE PREVENTION, RESEARCH, AND.NO"
000045 ,1,2,034 217 223,PROP_56,YES,29,48,19,0,~  2SH-7,PROPOSITION 56 CIGARETT,YES,29,48,0,0,0,0,11,0.00%,"2SH-7.PROPOSITION 56 CIGARETTE TAX TO FUND HEALTHCARE, TOBACCO USE PREVENTION, RESEARCH, AND.YES"
000045 ,1,2,034 217 223,PROP_57,NO,9,48,39,0,~  2SH-7,PROPOSITION 57 CRIMINAL,NO,9,48,0,0,0,0,28,0.00%,2SH-7.PROPOSITION 57 CRIMINAL SENTENCES. PAROLE. JUVENILE CRIMINAL PROCEEDINGS AND SENTENCING. INITIATIVE.NO
000045 ,1,2,034 217 223,PROP_57,YES,37,48,11,0,~  2SH-7,PROPOSITION 57 CRIMINAL,YES,37,48,0,0,0,0,28,0.00%,2SH-7.PROPOSITION 57 CRIMINAL SENTENCES. PAROLE. JUVENILE CRIMINAL PROCEEDINGS AND SENTENCING. INITIATIVE.YES
000045 ,1,2,034 217 223,PROP_58,NO,7,48,41,0,~  2SH-7,PROPOSITION 58 ENGLISH ,NO,7,48,0,0,0,0,34,0.00%,2SH-7.PROPOSITION 58 ENGLISH PROFICIENCY. MULTILINGUAL EDUCATION. INITIATIVE STATUTE..NO
000045 ,1,2,034 217 223,PROP_58,YES,41,48,7,0,~  2SH-7,PROPOSITION 58 ENGLISH ,YES,41,48,0,0,0,0,34,0.00%,2SH-7.PROPOSITION 58 ENGLISH PROFICIENCY. MULTILINGUAL EDUCATION. INITIATIVE STATUTE..YES
000045 ,1,2,034 217 223,PROP_59,NO,8,48,40,0,~  2SH-7,PROPOSITION 59 CORPORAT,NO,8,48,0,0,0,0,30,0.00%,2SH-7.PROPOSITION 59 CORPORATIONS. POLITICAL SPENDING. FEDERAL CONSTITUTIONAL PROTECTIONS..NO
000045 ,1,2,034 217 223,PROP_59,YES,38,48,10,0,~  2SH-7,PROPOSITION 59 CORPORAT,YES,38,48,0,0,0,0,30,0.00%,2SH-7.PROPOSITION 59 CORPORATIONS. POLITICAL SPENDING. FEDERAL CONSTITUTIONAL PROTECTIONS..YES
000045 ,1,2,034 217 223,PROP_60,NO,30,48,18,0,~  2SH-7,PROPOSITION 60 ADULT FI,NO,30,48,0,0,0,0,15,0.00%,2SH-7.PROPOSITION 60 ADULT FILMS. CONDOMS. HEALTH REQUIREMENTS. INITIATIVE STATUTE..NO
000045 ,1,2,034 217 223,PROP_60,YES,15,48,33,0,~  2SH-7,PROPOSITION 60 ADULT FI,YES,15,48,0,0,0,0,15,0.00%,2SH-7.PROPOSITION 60 ADULT FILMS. CONDOMS. HEALTH REQUIREMENTS. INITIATIVE STATUTE..YES
000045 ,1,2,034 217 223,PROP_61,NO,14,48,34,0,~  2SH-7,PROPOSITION 61 STATE PR,NO,14,48,0,0,0,0,17,0.00%,2SH-7.PROPOSITION 61 STATE PRESCRIPTION DRUG PURCHASES. PRICING STANDARDS. INITIATIVE STATUTE..NO
000045 ,1,2,034 217 223,PROP_61,YES,31,48,17,0,~  2SH-7,PROPOSITION 61 STATE PR,YES,31,48,0,0,0,0,17,0.00%,2SH-7.PROPOSITION 61 STATE PRESCRIPTION DRUG PURCHASES. PRICING STANDARDS. INITIATIVE STATUTE..YES
000045 ,1,2,034 217 223,PROP_62,NO,14,48,34,0,~  2SH-7,PROPOSITION 62 DEATH PE,NO,14,48,0,0,0,0,20,0.00%,2SH-7.PROPOSITION 62 DEATH PENALTY. INITIATIVE STATUTE..NO
000045 ,1,2,034 217 223,PROP_62,YES,34,48,14,0,~  2SH-7,PROPOSITION 62 DEATH PE,YES,34,48,0,0,0,0,20,0.00%,2SH-7.PROPOSITION 62 DEATH PENALTY. INITIATIVE STATUTE..YES
000045 ,1,2,034 217 223,PROP_63,NO,18,48,30,0,~  2SH-7,PROPOSITION 63 FIREARMS,NO,18,48,0,0,0,0,12,0.00%,2SH-7.PROPOSITION 63 FIREARMS. AMMUNITION SALES. INITIATIVE STATUTE..NO
000045 ,1,2,034 217 223,PROP_63,YES,30,48,18,0,~  2SH-7,PROPOSITION 63 FIREARMS,YES,30,48,0,0,0,0,12,0.00%,2SH-7.PROPOSITION 63 FIREARMS. AMMUNITION SALES. INITIATIVE STATUTE..YES
000045 ,2,3,034 217 223,PROP_64,NO,20,48,28,0,~  2SH-7,PROPOSITION 64 MARIJUAN,NO,20,48,0,0,0,0,5,0.00%,2SH-7.PROPOSITION 64 MARIJUANA LEGALIZATION. INITIATIVE STATUTE..NO
000045 ,2,3,034 217 223,PROP_64,YES,25,48,23,0,~  2SH-7,PROPOSITION 64 MARIJUAN,YES,25,48,0,0,0,0,5,0.00%,2SH-7.PROPOSITION 64 MARIJUANA LEGALIZATION. INITIATIVE STATUTE..YES
000045 ,2,3,034 217 223,PROP_65,NO,30,48,18,1,~  2SH-7,PROPOSITION 65 CARRYOUT,NO,30,48,0,0,0,0,12,0.00%,2SH-7.PROPOSITION 65 CARRYOUT BAGS. CHARGES. INITIATIVE STATUTE..NO
000045 ,2,3,034 217 223,PROP_66,NO,31,48,17,0,~  2SH-7,PROPOSITION 66 DEATH PE,NO,31,48,0,0,0,0,18,0.00%,2SH-7.PROPOSITION 66 DEATH PENALTY. PROCEDURES. INITIATIVE STATUTE..NO
000045 ,2,3,034 217 223,PROP_66,YES,13,48,35,0,~  2SH-7,PROPOSITION 66 DEATH PE,YES,13,48,0,0,0,0,18,0.00%,2SH-7.PROPOSITION 66 DEATH PENALTY. PROCEDURES. INITIATIVE STATUTE..YES
000045 ,2,3,034 217 223,PROP_67,NO,12,48,36,0,~  2SH-7,PROPOSITION 67 BAN ON S,NO,12,48,0,0,0,0,23,0.00%,2SH-7.PROPOSITION 67 BAN ON SINGLE-USE PLASTIC BAGS. REFERENDUM..NO
000045 ,2,3,034 217 223,PROP_67,YES,35,48,13,0,~  2SH-7,PROPOSITION 67 BAN ON S,YES,35,48,0,0,0,0,23,0.00%,2SH-7.PROPOSITION 67 BAN ON SINGLE-USE PLASTIC BAGS. REFERENDUM..YES
000045 ,1,1,034 217 223,STATEASS2,JIM_WOOD,32,48,16,0,~  2SH-7,"STATE ASSEMBLY, DISTRIC",JIM WOOD,32,48,0,0,0,0,19,0.00%,"2SH-7.STATE ASSEMBLY, DISTRICT 2.JIM WOOD"
000045 ,1,1,034 217 223,STATEASS2,KEN_ANTON,13,48,35,0,~  2SH-7,"STATE ASSEMBLY, DISTRIC",KEN ANTON,13,48,0,0,0,0,19,0.00%,"2SH-7.STATE ASSEMBLY, DISTRICT 2.KEN ANTON"
000045 ,1,1,034 217 223,USREP,DALE_K_MENSING,8,48,40,0,~  2SH-7,US REPRESENTATIVE IN CO,DALE K. MENSING,8,48,0,0,0,0,32,0.00%,"2SH-7.US REPRESENTATIVE IN CONGRESS, DISTRICT 2.DALE K. MENSING"
000045 ,1,1,034 217 223,USREP,JARED_W_HUFFMAN,40,48,8,0,~  2SH-7,US REPRESENTATIVE IN CO,JARED W. HUFFMAN,40,48,0,0,0,0,32,0.00%,"2SH-7.US REPRESENTATIVE IN CONGRESS, DISTRICT 2.JARED W. HUFFMAN"
000045 ,1,1,034 217 223,USSEN,KAMALA_D_HARRIS,27,48,21,1,~  2SH-7,US SENATOR,KAMALA D. HARRIS,27,48,0,0,0,0,13,0.00%,2SH-7.US SENATOR.KAMALA D. HARRIS
000046 ,2,3,034 218 223,MEAS_Q,NO,72,124,52,0,~  2SH-8,MEASURE Q HUMBOLDT COUN,NO,72,124,0,0,0,0,36,0.00%,2SH-8.MEASURE Q HUMBOLDT COUNTY CREATION OF FINANCE DEPARTMENT MEASURE..NO
000046 ,2,3,034 218 223,MEAS_Q,YES,36,124,88,0,~  2SH-8,MEASURE Q HUMBOLDT COUN,YES,36,124,0,0,0,0,36,0.00%,2SH-8.MEASURE Q HUMBOLDT COUNTY CREATION OF FINANCE DEPARTMENT MEASURE..YES
000046 ,2,3,034 218 223,MEAS_R,YES,36,124,88,1,~  2SH-8,MEASURE R HUMBOLDT COUN,YES,36,124,0,0,0,0,34,0.00%,2SH-8.MEASURE R HUMBOLDT COUNTY FINANCE DEPARTMENT ELECTIVE OFFICE MEASURE..YES
000046 ,2,3,034 218 223,MEAS_S,NO,59,124,65,0,~  2SH-8,MEASURE S HUMBOLDT COUN,NO,59,124,0,0,0,0,6,0.00%,2SH-8.MEASURE S HUMBOLDT COUNTY COMMERCIAL MARIJUANA CULTIVATION MEASURE..NO
000046 ,2,3,034 218 223,MEAS_S,YES,53,124,71,0,~  2SH-8,MEASURE S HUMBOLDT COUN,YES,53,124,0,0,0,0,6,0.00%,2SH-8.MEASURE S HUMBOLDT COUNTY COMMERCIAL MARIJUANA CULTIVATION MEASURE..YES
000046 ,2,3,034 218 223,MEAS_U,NO,69,124,55,0,~  2SH-8,MEASURE U LOCAL TRANSPO,NO,69,124,0,0,0,0,27,0.00%,2SH-8.MEASURE U LOCAL TRANSPORTATION AUTHORITY RETAIL TRANSACTIONS AND USE TAX..NO
000046 ,2,3,034 218 223,MEAS_U,YES,42,124,82,0,~  2SH-8,MEASURE U LOCAL TRANSPO,YES,42,124,0,0,0,0,27,0.00%,2SH-8.MEASURE U LOCAL TRANSPORTATION AUTHORITY RETAIL TRANSACTIONS AND USE TAX..YES
000046 ,2,3,034 218 223,MEAS_V,NO,48,124,76,0,~  2SH-8,MEASURE V MOBILE HOME P,NO,48,124,0,0,0,0,16,0.00%,2SH-8.MEASURE V MOBILE HOME PARK SPACE RENT STABILIZATION..NO
000046 ,2,3,034 218 223,MEAS_V,YES,64,124,60,0,~  2SH-8,MEASURE V MOBILE HOME P,YES,64,124,0,0,0,0,16,0.00%,2SH-8.MEASURE V MOBILE HOME PARK SPACE RENT STABILIZATION..YES
000046 ,1,1,034 218 223,PRES,DONALD_J_TRUMP,41,124,83,0,~  2SH-8,PRESIDENT AND VICE PRES,DONALD J. TRUMP      ,41,124,0,0,0,0,28,0.00%,2SH-8.PRESIDENT AND VICE PRESIDENT.DONALD J. TRUMP      and MICHAEL R. PENCE
000046 ,1,1,034 218 223,PRES,GARY_JOHNSON,4,124,120,0,~  2SH-8,PRESIDENT AND VICE PRES,GARY JOHNSON      and,4,124,0,0,0,0,28,0.00%,2SH-8.PRESIDENT AND VICE PRESIDENT.GARY JOHNSON      and BILL WELD
000046 ,1,1,034 218 223,PRES,GLORIA_ESTELA_LA_RIVA,2,124,122,0,~  2SH-8,PRESIDENT AND VICE PRES,GLORIA ESTELA LA RIVA,2,124,0,0,0,0,28,0.00%,2SH-8.PRESIDENT AND VICE PRESIDENT.GLORIA ESTELA LA RIVA      and DENNIS J. BANKS
000046 ,1,1,034 218 223,PRES,HILLARY_CLINTON,69,124,55,0,~  2SH-8,PRESIDENT AND VICE PRES,HILLARY CLINTON      ,69,124,0,0,0,0,28,0.00%,2SH-8.PRESIDENT AND VICE PRESIDENT.HILLARY CLINTON      and TIM KAINE
000046 ,1,1,034 218 223,PRES,JILL_STEIN,3,124,121,0,~  2SH-8,PRESIDENT AND VICE PRES,JILL STEIN      and A,3,124,0,0,0,0,28,0.00%,2SH-8.PRESIDENT AND VICE PRESIDENT.JILL STEIN      and AJAMU BARAKA
000046 ,1,1,034 218 223,PRES,Write_in,4,124,120,0,~  2SH-8,PRESIDENT AND VICE PRES,Write_in,4,124,0,0,0,0,28,0.00%,2SH-8.PRESIDENT AND VICE PRESIDENT.Write_in
000046 ,1,1,034 218 223,PROP_51,NO,65,124,59,0,~  2SH-8,PROPOSITION 51 SCHOOL B,NO,65,124,0,0,0,0,14,0.00%,2SH-8.PROPOSITION 51 SCHOOL BONDS. FUNDING FOR K-12 SCHOOL AND COMMUNITY COLLEGE FACILITIES. INITIATIVE.NO
000046 ,1,1,034 218 223,PROP_51,YES,51,124,73,0,~  2SH-8,PROPOSITION 51 SCHOOL B,YES,51,124,0,0,0,0,14,0.00%,2SH-8.PROPOSITION 51 SCHOOL BONDS. FUNDING FOR K-12 SCHOOL AND COMMUNITY COLLEGE FACILITIES. INITIATIVE.YES
000046 ,1,1,034 218 223,PROP_52,NO,45,124,79,0,~  2SH-8,PROPOSITION 52 MEDI-CAL,NO,45,124,0,0,0,0,22,0.00%,2SH-8.PROPOSITION 52 MEDI-CAL HOSPITAL FEE PROGRAM. INITIATIVE CONSTITUTIONAL AMENDMENT AND STATUTE..NO
000046 ,1,1,034 218 223,PROP_52,YES,67,124,57,0,~  2SH-8,PROPOSITION 52 MEDI-CAL,YES,67,124,0,0,0,0,22,0.00%,2SH-8.PROPOSITION 52 MEDI-CAL HOSPITAL FEE PROGRAM. INITIATIVE CONSTITUTIONAL AMENDMENT AND STATUTE..YES
000046 ,1,1,034 218 223,PROP_53,NO,53,124,71,0,~  2SH-8,PROPOSITION 53 REVENUE ,NO,53,124,0,0,0,0,5,0.00%,2SH-8.PROPOSITION 53 REVENUE BONDS. STATEWIDE VOTER APPROVAL. INITIATIVE CONSTITUTIONAL AMENDMENT..NO
000046 ,1,1,034 218 223,PROP_53,YES,58,124,66,0,~  2SH-8,PROPOSITION 53 REVENUE ,YES,58,124,0,0,0,0,5,0.00%,2SH-8.PROPOSITION 53 REVENUE BONDS. STATEWIDE VOTER APPROVAL. INITIATIVE CONSTITUTIONAL AMENDMENT..YES
000046 ,1,1,034 218 223,PROP_54,NO,46,124,78,0,~  2SH-8,PROPOSITION 54 LEGISLAT,NO,46,124,0,0,0,0,20,0.00%,2SH-8.PROPOSITION 54 LEGISLATURE. LEGISLATION AND PROCEEDINGS. INITIATIVE CONSTITUTIONAL AMENDMENT AND.NO
000046 ,1,1,034 218 223,PROP_54,YES,66,124,58,0,~  2SH-8,PROPOSITION 54 LEGISLAT,YES,66,124,0,0,0,0,20,0.00%,2SH-8.PROPOSITION 54 LEGISLATURE. LEGISLATION AND PROCEEDINGS. INITIATIVE CONSTITUTIONAL AMENDMENT AND.YES
000046 ,1,1,034 218 223,PROP_55,NO,34,124,90,0,~  2SH-8,PROPOSITION 55 TAX EXTE,NO,34,124,0,0,0,0,48,0.00%,2SH-8.PROPOSITION 55 TAX EXTENSION TO FUND EDUCATION AND HEALTHCARE. INITIATIVE CONSTITUTIONAL AMENDMENT..NO
000046 ,1,1,034 218 223,PROP_55,YES,82,124,42,0,~  2SH-8,PROPOSITION 55 TAX EXTE,YES,82,124,0,0,0,0,48,0.00%,2SH-8.PROPOSITION 55 TAX EXTENSION TO FUND EDUCATION AND HEALTHCARE. INITIATIVE CONSTITUTIONAL AMENDMENT..YES
000046 ,1,2,034 218 223,PROP_56,NO,70,124,54,0,~  2SH-8,PROPOSITION 56 CIGARETT,NO,70,124,0,0,0,0,22,0.00%,"2SH-8.PROPOSITION 56 CIGARETTE TAX TO FUND HEALTHCARE, TOBACCO USE PREVENTION, RESEARCH, AND.NO"
000046 ,1,2,034 218 223,PROP_56,YES,48,124,76,0,~  2SH-8,PROPOSITION 56 CIGARETT,YES,48,124,0,0,0,0,22,0.00%,"2SH-8.PROPOSITION 56 CIGARETTE TAX TO FUND HEALTHCARE, TOBACCO USE PREVENTION, RESEARCH, AND.YES"
000046 ,1,2,034 218 223,PROP_57,NO,40,124,84,0,~  2SH-8,PROPOSITION 57 CRIMINAL,NO,40,124,0,0,0,0,29,0.00%,2SH-8.PROPOSITION 57 CRIMINAL SENTENCES. PAROLE. JUVENILE CRIMINAL PROCEEDINGS AND SENTENCING. INITIATIVE.NO
000046 ,1,2,034 218 223,PROP_57,YES,69,124,55,0,~  2SH-8,PROPOSITION 57 CRIMINAL,YES,69,124,0,0,0,0,29,0.00%,2SH-8.PROPOSITION 57 CRIMINAL SENTENCES. PAROLE. JUVENILE CRIMINAL PROCEEDINGS AND SENTENCING. INITIATIVE.YES
000046 ,1,2,034 218 223,PROP_58,NO,25,124,99,0,~  2SH-8,PROPOSITION 58 ENGLISH ,NO,25,124,0,0,0,0,66,0.00%,2SH-8.PROPOSITION 58 ENGLISH PROFICIENCY. MULTILINGUAL EDUCATION. INITIATIVE STATUTE..NO
000046 ,1,2,034 218 223,PROP_58,YES,91,124,33,0,~  2SH-8,PROPOSITION 58 ENGLISH ,YES,91,124,0,0,0,0,66,0.00%,2SH-8.PROPOSITION 58 ENGLISH PROFICIENCY. MULTILINGUAL EDUCATION. INITIATIVE STATUTE..YES
000046 ,1,2,034 218 223,PROP_59,NO,28,124,96,1,~  2SH-8,PROPOSITION 59 CORPORAT,NO,28,124,0,0,0,0,51,0.00%,2SH-8.PROPOSITION 59 CORPORATIONS. POLITICAL SPENDING. FEDERAL CONSTITUTIONAL PROTECTIONS..NO
000046 ,1,2,034 218 223,PROP_60,NO,70,124,54,0,~  2SH-8,PROPOSITION 60 ADULT FI,NO,70,124,0,0,0,0,33,0.00%,2SH-8.PROPOSITION 60 ADULT FILMS. CONDOMS. HEALTH REQUIREMENTS. INITIATIVE STATUTE..NO
000046 ,1,2,034 218 223,PROP_60,YES,37,124,87,0,~  2SH-8,PROPOSITION 60 ADULT FI,YES,37,124,0,0,0,0,33,0.00%,2SH-8.PROPOSITION 60 ADULT FILMS. CONDOMS. HEALTH REQUIREMENTS. INITIATIVE STATUTE..YES
000046 ,1,2,034 218 223,PROP_61,NO,50,124,74,0,~  2SH-8,PROPOSITION 61 STATE PR,NO,50,124,0,0,0,0,11,0.00%,2SH-8.PROPOSITION 61 STATE PRESCRIPTION DRUG PURCHASES. PRICING STANDARDS. INITIATIVE STATUTE..NO
000046 ,1,2,034 218 223,PROP_61,YES,61,124,63,0,~  2SH-8,PROPOSITION 61 STATE PR,YES,61,124,0,0,0,0,11,0.00%,2SH-8.PROPOSITION 61 STATE PRESCRIPTION DRUG PURCHASES. PRICING STANDARDS. INITIATIVE STATUTE..YES
000046 ,1,2,034 218 223,PROP_62,NO,59,124,65,1,~  2SH-8,PROPOSITION 62 DEATH PE,NO,59,124,0,0,0,0,9,0.00%,2SH-8.PROPOSITION 62 DEATH PENALTY. INITIATIVE STATUTE..NO
000046 ,1,2,034 218 223,PROP_63,NO,69,124,55,0,~  2SH-8,PROPOSITION 63 FIREARMS,NO,69,124,0,0,0,0,23,0.00%,2SH-8.PROPOSITION 63 FIREARMS. AMMUNITION SALES. INITIATIVE STATUTE..NO
000046 ,1,2,034 218 223,PROP_63,YES,46,124,78,0,~  2SH-8,PROPOSITION 63 FIREARMS,YES,46,124,0,0,0,0,23,0.00%,2SH-8.PROPOSITION 63 FIREARMS. AMMUNITION SALES. INITIATIVE STATUTE..YES
000046 ,2,3,034 218 223,PROP_64,NO,74,124,50,0,~  2SH-8,PROPOSITION 64 MARIJUAN,NO,74,124,0,0,0,0,31,0.00%,2SH-8.PROPOSITION 64 MARIJUANA LEGALIZATION. INITIATIVE STATUTE..NO
000046 ,2,3,034 218 223,PROP_64,YES,43,124,81,0,~  2SH-8,PROPOSITION 64 MARIJUAN,YES,43,124,0,0,0,0,31,0.00%,2SH-8.PROPOSITION 64 MARIJUANA LEGALIZATION. INITIATIVE STATUTE..YES
000046 ,2,3,034 218 223,PROP_65,YES,41,124,83,1,~  2SH-8,PROPOSITION 65 CARRYOUT,YES,41,124,0,0,0,0,32,0.00%,2SH-8.PROPOSITION 65 CARRYOUT BAGS. CHARGES. INITIATIVE STATUTE..YES
000046 ,2,3,034 218 223,PROP_66,YES,43,124,81,1,~  2SH-8,PROPOSITION 66 DEATH PE,YES,43,124,0,0,0,0,18,0.00%,2SH-8.PROPOSITION 66 DEATH PENALTY. PROCEDURES. INITIATIVE STATUTE..YES
000046 ,2,3,034 218 223,PROP_67,NO,49,124,75,0,~  2SH-8,PROPOSITION 67 BAN ON S,NO,49,124,0,0,0,0,19,0.00%,2SH-8.PROPOSITION 67 BAN ON SINGLE-USE PLASTIC BAGS. REFERENDUM..NO
000046 ,2,3,034 218 223,PROP_67,YES,68,124,56,0,~  2SH-8,PROPOSITION 67 BAN ON S,YES,68,124,0,0,0,0,19,0.00%,2SH-8.PROPOSITION 67 BAN ON SINGLE-USE PLASTIC BAGS. REFERENDUM..YES
000046 ,1,1,034 218 223,STATEASS2,JIM_WOOD,79,124,45,0,~  2SH-8,"STATE ASSEMBLY, DISTRIC",JIM WOOD,79,124,0,0,0,0,52,0.00%,"2SH-8.STATE ASSEMBLY, DISTRICT 2.JIM WOOD"
000046 ,1,1,034 218 223,STATEASS2,KEN_ANTON,27,124,97,0,~  2SH-8,"STATE ASSEMBLY, DISTRIC",KEN ANTON,27,124,0,0,0,0,52,0.00%,"2SH-8.STATE ASSEMBLY, DISTRICT 2.KEN ANTON"
000046 ,1,1,034 218 223,USREP,DALE_K_MENSING,36,124,88,0,~  2SH-8,US REPRESENTATIVE IN CO,DALE K. MENSING,36,124,0,0,0,0,47,0.00%,"2SH-8.US REPRESENTATIVE IN CONGRESS, DISTRICT 2.DALE K. MENSING"
000046 ,1,1,034 218 223,USREP,JARED_W_HUFFMAN,83,124,41,0,~  2SH-8,US REPRESENTATIVE IN CO,JARED W. HUFFMAN,83,124,0,0,0,0,47,0.00%,"2SH-8.US REPRESENTATIVE IN CONGRESS, DISTRICT 2.JARED W. HUFFMAN"
000046 ,1,1,034 218 223,USSEN,KAMALA_D_HARRIS,63,124,61,0,~  2SH-8,US SENATOR,KAMALA D. HARRIS,63,124,0,0,0,0,23,0.00%,2SH-8.US SENATOR.KAMALA D. HARRIS
000047 ,2,3,034 218 223,MEAS_Q,NO,78,140,62,0,~  2SHF1,MEASURE Q HUMBOLDT COUN,NO,78,141,0,-1,0,1,38,0.00%,2SHF1.MEASURE Q HUMBOLDT COUNTY CREATION OF FINANCE DEPARTMENT MEASURE..NO
000047 ,2,3,034 218 223,MEAS_Q,YES,40,140,100,0,~  2SHF1,MEASURE Q HUMBOLDT COUN,YES,40,141,0,-1,0,1,38,0.00%,2SHF1.MEASURE Q HUMBOLDT COUNTY CREATION OF FINANCE DEPARTMENT MEASURE..YES
000047 ,2,3,034 218 223,MEAS_U,NO,67,140,73,0,~  2SHF1,MEASURE U LOCAL TRANSPO,NO,67,141,0,-1,0,1,5,0.00%,2SHF1.MEASURE U LOCAL TRANSPORTATION AUTHORITY RETAIL TRANSACTIONS AND USE TAX..NO
000047 ,2,3,034 218 223,MEAS_U,YES,62,140,78,0,~  2SHF1,MEASURE U LOCAL TRANSPO,YES,62,141,0,-1,0,1,5,0.00%,2SHF1.MEASURE U LOCAL TRANSPORTATION AUTHORITY RETAIL TRANSACTIONS AND USE TAX..YES
000047 ,2,3,034 218 223,MEAS_V,NO,47,140,93,0,~  2SHF1,MEASURE V MOBILE HOME P,NO,47,141,0,-1,0,1,33,0.00%,2SHF1.MEASURE V MOBILE HOME PARK SPACE RENT STABILIZATION..NO
000047 ,2,3,034 218 223,MEAS_V,YES,80,140,60,0,~  2SHF1,MEASURE V MOBILE HOME P,YES,80,141,0,-1,0,1,33,0.00%,2SHF1.MEASURE V MOBILE HOME PARK SPACE RENT STABILIZATION..YES
000047 ,1,1,034 218 223 229,PRES,DONALD_J_TRUMP,34,141,107,0,~  2SHF1,PRESIDENT AND VICE PRES,DONALD J. TRUMP      ,34,141,0,0,0,0,44,0.00%,2SHF1.PRESIDENT AND VICE PRESIDENT.DONALD J. TRUMP      and MICHAEL R. PENCE
000047 ,1,1,034 218 223 229,PRES,GARY_JOHNSON,1,141,140,0,~  2SHF1,PRESIDENT AND VICE PRES,GARY JOHNSON      and,1,141,0,0,0,0,44,0.00%,2SHF1.PRESIDENT AND VICE PRESIDENT.GARY JOHNSON      and BILL WELD
000047 ,1,1,034 218 223 229,PRES,GLORIA_ESTELA_LA_RIVA,0,141,141,0,~  2SHF1,PRESIDENT AND VICE PRES,GLORIA ESTELA LA RIVA,0,141,0,0,0,0,44,0.00%,2SHF1.PRESIDENT AND VICE PRESIDENT.GLORIA ESTELA LA RIVA      and DENNIS J. BANKS
000047 ,1,1,034 218 223 229,PRES,HILLARY_CLINTON,78,141,63,0,~  2SHF1,PRESIDENT AND VICE PRES,HILLARY CLINTON      ,78,141,0,0,0,0,44,0.00%,2SHF1.PRESIDENT AND VICE PRESIDENT.HILLARY CLINTON      and TIM KAINE
000047 ,1,1,034 218 223 229,PRES,JILL_STEIN,18,141,123,0,~  2SHF1,PRESIDENT AND VICE PRES,JILL STEIN      and A,18,141,0,0,0,0,44,0.00%,2SHF1.PRESIDENT AND VICE PRESIDENT.JILL STEIN      and AJAMU BARAKA
000047 ,1,1,034 218 223 229,PRES,Write_in,7,141,134,0,~  2SHF1,PRESIDENT AND VICE PRES,Write_in,7,141,0,0,0,0,44,0.00%,2SHF1.PRESIDENT AND VICE PRESIDENT.Write_in
000047 ,1,1,034 218 223 229,PROP_51,NO,58,141,83,0,~  2SHF1,PROPOSITION 51 SCHOOL B,NO,58,141,0,0,0,0,17,0.00%,2SHF1.PROPOSITION 51 SCHOOL BONDS. FUNDING FOR K-12 SCHOOL AND COMMUNITY COLLEGE FACILITIES. INITIATIVE.NO
000047 ,1,1,034 218 223 229,PROP_51,YES,75,141,66,0,~  2SHF1,PROPOSITION 51 SCHOOL B,YES,75,141,0,0,0,0,17,0.00%,2SHF1.PROPOSITION 51 SCHOOL BONDS. FUNDING FOR K-12 SCHOOL AND COMMUNITY COLLEGE FACILITIES. INITIATIVE.YES
000047 ,1,1,034 218 223 229,PROP_52,NO,29,141,112,0,~  2SHF1,PROPOSITION 52 MEDI-CAL,NO,29,141,0,0,0,0,73,0.00%,2SHF1.PROPOSITION 52 MEDI-CAL HOSPITAL FEE PROGRAM. INITIATIVE CONSTITUTIONAL AMENDMENT AND STATUTE..NO
000047 ,1,1,034 218 223 229,PROP_52,YES,102,141,39,0,~  2SHF1,PROPOSITION 52 MEDI-CAL,YES,102,141,0,0,0,0,73,0.00%,2SHF1.PROPOSITION 52 MEDI-CAL HOSPITAL FEE PROGRAM. INITIATIVE CONSTITUTIONAL AMENDMENT AND STATUTE..YES
000047 ,1,1,034 218 223 229,PROP_53,NO,68,141,73,0,~  2SHF1,PROPOSITION 53 REVENUE ,NO,68,141,0,0,0,0,3,0.00%,2SHF1.PROPOSITION 53 REVENUE BONDS. STATEWIDE VOTER APPROVAL. INITIATIVE CONSTITUTIONAL AMENDMENT..NO
000047 ,1,1,034 218 223 229,PROP_53,YES,65,141,76,0,~  2SHF1,PROPOSITION 53 REVENUE ,YES,65,141,0,0,0,0,3,0.00%,2SHF1.PROPOSITION 53 REVENUE BONDS. STATEWIDE VOTER APPROVAL. INITIATIVE CONSTITUTIONAL AMENDMENT..YES
000047 ,1,1,034 218 223 229,PROP_54,NO,44,141,97,0,~  2SHF1,PROPOSITION 54 LEGISLAT,NO,44,141,0,0,0,0,42,0.00%,2SHF1.PROPOSITION 54 LEGISLATURE. LEGISLATION AND PROCEEDINGS. INITIATIVE CONSTITUTIONAL AMENDMENT AND.NO
000047 ,1,1,034 218 223 229,PROP_54,YES,86,141,55,0,~  2SHF1,PROPOSITION 54 LEGISLAT,YES,86,141,0,0,0,0,42,0.00%,2SHF1.PROPOSITION 54 LEGISLATURE. LEGISLATION AND PROCEEDINGS. INITIATIVE CONSTITUTIONAL AMENDMENT AND.YES
000047 ,1,1,034 218 223 229,PROP_55,YES,100,141,41,1,~  2SHF1,PROPOSITION 55 TAX EXTE,YES,100,141,0,0,0,0,65,0.00%,2SHF1.PROPOSITION 55 TAX EXTENSION TO FUND EDUCATION AND HEALTHCARE. INITIATIVE CONSTITUTIONAL AMENDMENT..YES
000047 ,1,2,034 218 223 229,PROP_56,NO,51,141,90,0,~  2SHF1,PROPOSITION 56 CIGARETT,NO,51,141,0,0,0,0,38,0.00%,"2SHF1.PROPOSITION 56 CIGARETTE TAX TO FUND HEALTHCARE, TOBACCO USE PREVENTION, RESEARCH, AND.NO"
000047 ,1,2,034 218 223 229,PROP_56,YES,89,141,52,0,~  2SHF1,PROPOSITION 56 CIGARETT,YES,89,141,0,0,0,0,38,0.00%,"2SHF1.PROPOSITION 56 CIGARETTE TAX TO FUND HEALTHCARE, TOBACCO USE PREVENTION, RESEARCH, AND.YES"
000047 ,1,2,034 218 223 229,PROP_57,NO,29,141,112,1,~  2SHF1,PROPOSITION 57 CRIMINAL,NO,29,141,0,0,0,0,78,0.00%,2SHF1.PROPOSITION 57 CRIMINAL SENTENCES. PAROLE. JUVENILE CRIMINAL PROCEEDINGS AND SENTENCING. INITIATIVE.NO
000047 ,1,2,034 218 223 229,PROP_58,NO,18,141,123,0,~  2SHF1,PROPOSITION 58 ENGLISH ,NO,18,141,0,0,0,0,101,0.00%,2SHF1.PROPOSITION 58 ENGLISH PROFICIENCY. MULTILINGUAL EDUCATION. INITIATIVE STATUTE..NO
000047 ,1,2,034 218 223 229,PROP_58,YES,119,141,22,0,~  2SHF1,PROPOSITION 58 ENGLISH ,YES,119,141,0,0,0,0,101,0.00%,2SHF1.PROPOSITION 58 ENGLISH PROFICIENCY. MULTILINGUAL EDUCATION. INITIATIVE STATUTE..YES
000047 ,1,2,034 218 223 229,PROP_59,NO,33,141,108,0,~  2SHF1,PROPOSITION 59 CORPORAT,NO,33,141,0,0,0,0,64,0.00%,2SHF1.PROPOSITION 59 CORPORATIONS. POLITICAL SPENDING. FEDERAL CONSTITUTIONAL PROTECTIONS..NO
000047 ,1,2,034 218 223 229,PROP_59,YES,97,141,44,0,~  2SHF1,PROPOSITION 59 CORPORAT,YES,97,141,0,0,0,0,64,0.00%,2SHF1.PROPOSITION 59 CORPORATIONS. POLITICAL SPENDING. FEDERAL CONSTITUTIONAL PROTECTIONS..YES
000047 ,1,2,034 218 223 229,PROP_60,NO,79,141,62,0,~  2SHF1,PROPOSITION 60 ADULT FI,NO,79,141,0,0,0,0,23,0.00%,2SHF1.PROPOSITION 60 ADULT FILMS. CONDOMS. HEALTH REQUIREMENTS. INITIATIVE STATUTE..NO
000047 ,1,2,034 218 223 229,PROP_60,YES,56,141,85,0,~  2SHF1,PROPOSITION 60 ADULT FI,YES,56,141,0,0,0,0,23,0.00%,2SHF1.PROPOSITION 60 ADULT FILMS. CONDOMS. HEALTH REQUIREMENTS. INITIATIVE STATUTE..YES
000047 ,1,2,034 218 223 229,PROP_61,NO,46,141,95,0,~  2SHF1,PROPOSITION 61 STATE PR,NO,46,141,0,0,0,0,41,0.00%,2SHF1.PROPOSITION 61 STATE PRESCRIPTION DRUG PURCHASES. PRICING STANDARDS. INITIATIVE STATUTE..NO
000047 ,1,2,034 218 223 229,PROP_61,YES,87,141,54,0,~  2SHF1,PROPOSITION 61 STATE PR,YES,87,141,0,0,0,0,41,0.00%,2SHF1.PROPOSITION 61 STATE PRESCRIPTION DRUG PURCHASES. PRICING STANDARDS. INITIATIVE STATUTE..YES
000047 ,1,2,034 218 223 229,PROP_62,NO,39,141,102,0,~  2SHF1,PROPOSITION 62 DEATH PE,NO,39,141,0,0,0,0,59,0.00%,2SHF1.PROPOSITION 62 DEATH PENALTY. INITIATIVE STATUTE..NO
000047 ,1,2,034 218 223 229,PROP_62,YES,98,141,43,0,~  2SHF1,PROPOSITION 62 DEATH PE,YES,98,141,0,0,0,0,59,0.00%,2SHF1.PROPOSITION 62 DEATH PENALTY. INITIATIVE STATUTE..YES
000047 ,1,2,034 218 223 229,PROP_63,NO,67,141,74,0,~  2SHF1,PROPOSITION 63 FIREARMS,NO,67,141,0,0,0,0,3,0.00%,2SHF1.PROPOSITION 63 FIREARMS. AMMUNITION SALES. INITIATIVE STATUTE..NO
000047 ,1,2,034 218 223 229,PROP_63,YES,70,141,71,0,~  2SHF1,PROPOSITION 63 FIREARMS,YES,70,141,0,0,0,0,3,0.00%,2SHF1.PROPOSITION 63 FIREARMS. AMMUNITION SALES. INITIATIVE STATUTE..YES
000047 ,2,3,034 218 223,PROP_65,NO,90,140,50,1,~  2SHF1,PROPOSITION 65 CARRYOUT,NO,90,141,0,-1,0,1,45,0.00%,2SHF1.PROPOSITION 65 CARRYOUT BAGS. CHARGES. INITIATIVE STATUTE..NO
000047 ,2,3,034 218 223,PROP_66,NO,89,140,51,1,~  2SHF1,PROPOSITION 66 DEATH PE,NO,89,141,0,-1,0,1,49,0.00%,2SHF1.PROPOSITION 66 DEATH PENALTY. PROCEDURES. INITIATIVE STATUTE..NO
000047 ,2,3,034 218 223,PROP_67,NO,38,140,102,0,~  2SHF1,PROPOSITION 67 BAN ON S,NO,38,141,0,-1,0,1,61,0.00%,2SHF1.PROPOSITION 67 BAN ON SINGLE-USE PLASTIC BAGS. REFERENDUM..NO
000047 ,2,3,034 218 223,PROP_67,YES,99,140,41,0,~  2SHF1,PROPOSITION 67 BAN ON S,YES,99,141,0,-1,0,1,61,0.00%,2SHF1.PROPOSITION 67 BAN ON SINGLE-USE PLASTIC BAGS. REFERENDUM..YES
000047 ,1,1,034 218 223 229,STATEASS2,JIM_WOOD,84,141,57,0,~  2SHF1,"STATE ASSEMBLY, DISTRIC",JIM WOOD,84,141,0,0,0,0,52,0.00%,"2SHF1.STATE ASSEMBLY, DISTRICT 2.JIM WOOD"
000047 ,1,1,034 218 223 229,STATEASS2,KEN_ANTON,32,141,109,0,~  2SHF1,"STATE ASSEMBLY, DISTRIC",KEN ANTON,32,141,0,0,0,0,52,0.00%,"2SHF1.STATE ASSEMBLY, DISTRICT 2.KEN ANTON"
000047 ,1,1,034 218 223 229,USREP,DALE_K_MENSING,38,141,103,0,~  2SHF1,US REPRESENTATIVE IN CO,DALE K. MENSING,38,141,0,0,0,0,57,0.00%,"2SHF1.US REPRESENTATIVE IN CONGRESS, DISTRICT 2.DALE K. MENSING"
000047 ,1,1,034 218 223 229,USREP,JARED_W_HUFFMAN,95,141,46,0,~  2SHF1,US REPRESENTATIVE IN CO,JARED W. HUFFMAN,95,141,0,0,0,0,57,0.00%,"2SHF1.US REPRESENTATIVE IN CONGRESS, DISTRICT 2.JARED W. HUFFMAN"
000047 ,1,1,034 218 223 229,USSEN,KAMALA_D_HARRIS,80,141,61,0,~  2SHF1,US SENATOR,KAMALA D. HARRIS,80,141,0,0,0,0,42,0.00%,2SHF1.US SENATOR.KAMALA D. HARRIS
000047 ,1,1,034 218 223 229,USSEN,LORETTA_L_SANCHEZ,38,141,103,0,~  2SHF1,US SENATOR,LORETTA L. SANCHEZ,38,141,0,0,0,0,42,0.00%,2SHF1.US SENATOR.LORETTA L. SANCHEZ
000048 ,2,3,035 217 218 223,MEAS_Q,NO,86,161,75,0,~  2SHR1,MEASURE Q HUMBOLDT COUN,NO,86,162,0,-1,0,1,37,0.00%,2SHR1.MEASURE Q HUMBOLDT COUNTY CREATION OF FINANCE DEPARTMENT MEASURE..NO
000048 ,2,3,035 217 218 223,MEAS_Q,YES,49,161,112,0,~  2SHR1,MEASURE Q HUMBOLDT COUN,YES,49,162,0,-1,0,1,37,0.00%,2SHR1.MEASURE Q HUMBOLDT COUNTY CREATION OF FINANCE DEPARTMENT MEASURE..YES
000048 ,2,3,035 217 218 223,MEAS_U,NO,83,161,78,0,~  2SHR1,MEASURE U LOCAL TRANSPO,NO,83,162,0,-1,0,1,20,0.00%,2SHR1.MEASURE U LOCAL TRANSPORTATION AUTHORITY RETAIL TRANSACTIONS AND USE TAX..NO
000048 ,2,3,035 217 218 223,MEAS_U,YES,63,161,98,0,~  2SHR1,MEASURE U LOCAL TRANSPO,YES,63,162,0,-1,0,1,20,0.00%,2SHR1.MEASURE U LOCAL TRANSPORTATION AUTHORITY RETAIL TRANSACTIONS AND USE TAX..YES
000048 ,1,1,035 217 218 223 229,PRES,DONALD_J_TRUMP,37,162,125,0,~  2SHR1,PRESIDENT AND VICE PRES,DONALD J. TRUMP      ,37,162,0,0,0,0,55,0.00%,2SHR1.PRESIDENT AND VICE PRESIDENT.DONALD J. TRUMP      and MICHAEL R. PENCE
000048 ,1,1,035 217 218 223 229,PRES,GARY_JOHNSON,7,162,155,0,~  2SHR1,PRESIDENT AND VICE PRES,GARY JOHNSON      and,7,162,0,0,0,0,55,0.00%,2SHR1.PRESIDENT AND VICE PRESIDENT.GARY JOHNSON      and BILL WELD
000048 ,1,1,035 217 218 223 229,PRES,GLORIA_ESTELA_LA_RIVA,0,162,162,0,~  2SHR1,PRESIDENT AND VICE PRES,GLORIA ESTELA LA RIVA,0,162,0,0,0,0,55,0.00%,2SHR1.PRESIDENT AND VICE PRESIDENT.GLORIA ESTELA LA RIVA      and DENNIS J. BANKS
000048 ,1,1,035 217 218 223 229,PRES,JILL_STEIN,16,162,146,0,~  2SHR1,PRESIDENT AND VICE PRES,JILL STEIN      and A,16,162,0,0,0,0,55,0.00%,2SHR1.PRESIDENT AND VICE PRESIDENT.JILL STEIN      and AJAMU BARAKA
000048 ,1,1,035 217 218 223 229,PRES,Write_in,8,162,154,0,~  2SHR1,PRESIDENT AND VICE PRES,Write_in,8,162,0,0,0,0,55,0.00%,2SHR1.PRESIDENT AND VICE PRESIDENT.Write_in
000048 ,1,1,035 217 218 223 229,PROP_51,NO,70,162,92,0,~  2SHR1,PROPOSITION 51 SCHOOL B,NO,70,162,0,0,0,0,15,0.00%,2SHR1.PROPOSITION 51 SCHOOL BONDS. FUNDING FOR K-12 SCHOOL AND COMMUNITY COLLEGE FACILITIES. INITIATIVE.NO
000048 ,1,1,035 217 218 223 229,PROP_51,YES,85,162,77,0,~  2SHR1,PROPOSITION 51 SCHOOL B,YES,85,162,0,0,0,0,15,0.00%,2SHR1.PROPOSITION 51 SCHOOL BONDS. FUNDING FOR K-12 SCHOOL AND COMMUNITY COLLEGE FACILITIES. INITIATIVE.YES
000048 ,1,1,035 217 218 223 229,PROP_52,YES,105,162,57,1,~  2SHR1,PROPOSITION 52 MEDI-CAL,YES,105,162,0,0,0,0,57,0.00%,2SHR1.PROPOSITION 52 MEDI-CAL HOSPITAL FEE PROGRAM. INITIATIVE CONSTITUTIONAL AMENDMENT AND STATUTE..YES
000048 ,1,1,035 217 218 223 229,PROP_53,NO,80,162,82,0,~  2SHR1,PROPOSITION 53 REVENUE ,NO,80,162,0,0,0,0,11,0.00%,2SHR1.PROPOSITION 53 REVENUE BONDS. STATEWIDE VOTER APPROVAL. INITIATIVE CONSTITUTIONAL AMENDMENT..NO
000048 ,1,1,035 217 218 223 229,PROP_53,YES,69,162,93,0,~  2SHR1,PROPOSITION 53 REVENUE ,YES,69,162,0,0,0,0,11,0.00%,2SHR1.PROPOSITION 53 REVENUE BONDS. STATEWIDE VOTER APPROVAL. INITIATIVE CONSTITUTIONAL AMENDMENT..YES
000048 ,1,1,035 217 218 223 229,PROP_54,NO,47,162,115,0,~  2SHR1,PROPOSITION 54 LEGISLAT,NO,47,162,0,0,0,0,56,0.00%,2SHR1.PROPOSITION 54 LEGISLATURE. LEGISLATION AND PROCEEDINGS. INITIATIVE CONSTITUTIONAL AMENDMENT AND.NO
000048 ,1,1,035 217 218 223 229,PROP_54,YES,103,162,59,0,~  2SHR1,PROPOSITION 54 LEGISLAT,YES,103,162,0,0,0,0,56,0.00%,2SHR1.PROPOSITION 54 LEGISLATURE. LEGISLATION AND PROCEEDINGS. INITIATIVE CONSTITUTIONAL AMENDMENT AND.YES
000048 ,1,1,035 217 218 223 229,PROP_55,YES,107,162,55,1,~  2SHR1,PROPOSITION 55 TAX EXTE,YES,107,162,0,0,0,0,58,0.00%,2SHR1.PROPOSITION 55 TAX EXTENSION TO FUND EDUCATION AND HEALTHCARE. INITIATIVE CONSTITUTIONAL AMENDMENT..YES
000048 ,1,2,035 217 218 223 229,PROP_56,NO,64,162,98,1,~  2SHR1,PROPOSITION 56 CIGARETT,NO,64,162,0,0,0,0,32,0.00%,"2SHR1.PROPOSITION 56 CIGARETTE TAX TO FUND HEALTHCARE, TOBACCO USE PREVENTION, RESEARCH, AND.NO"
000048 ,1,2,035 217 218 223 229,PROP_57,NO,33,162,129,0,~  2SHR1,PROPOSITION 57 CRIMINAL,NO,33,162,0,0,0,0,86,0.00%,2SHR1.PROPOSITION 57 CRIMINAL SENTENCES. PAROLE. JUVENILE CRIMINAL PROCEEDINGS AND SENTENCING. INITIATIVE.NO
000048 ,1,2,035 217 218 223 229,PROP_57,YES,119,162,43,0,~  2SHR1,PROPOSITION 57 CRIMINAL,YES,119,162,0,0,0,0,86,0.00%,2SHR1.PROPOSITION 57 CRIMINAL SENTENCES. PAROLE. JUVENILE CRIMINAL PROCEEDINGS AND SENTENCING. INITIATIVE.YES
000048 ,1,2,035 217 218 223 229,PROP_58,NO,19,162,143,0,~  2SHR1,PROPOSITION 58 ENGLISH ,NO,19,162,0,0,0,0,114,0.00%,2SHR1.PROPOSITION 58 ENGLISH PROFICIENCY. MULTILINGUAL EDUCATION. INITIATIVE STATUTE..NO
000048 ,1,2,035 217 218 223 229,PROP_58,YES,133,162,29,0,~  2SHR1,PROPOSITION 58 ENGLISH ,YES,133,162,0,0,0,0,114,0.00%,2SHR1.PROPOSITION 58 ENGLISH PROFICIENCY. MULTILINGUAL EDUCATION. INITIATIVE STATUTE..YES
000048 ,1,2,035 217 218 223 229,PROP_59,YES,95,162,67,1,~  2SHR1,PROPOSITION 59 CORPORAT,YES,95,162,0,0,0,0,40,0.00%,2SHR1.PROPOSITION 59 CORPORATIONS. POLITICAL SPENDING. FEDERAL CONSTITUTIONAL PROTECTIONS..YES
000048 ,1,2,035 217 218 223 229,PROP_60,NO,92,162,70,0,~  2SHR1,PROPOSITION 60 ADULT FI,NO,92,162,0,0,0,0,31,0.00%,2SHR1.PROPOSITION 60 ADULT FILMS. CONDOMS. HEALTH REQUIREMENTS. INITIATIVE STATUTE..NO
000048 ,1,2,035 217 218 223 229,PROP_60,YES,61,162,101,0,~  2SHR1,PROPOSITION 60 ADULT FI,YES,61,162,0,0,0,0,31,0.00%,2SHR1.PROPOSITION 60 ADULT FILMS. CONDOMS. HEALTH REQUIREMENTS. INITIATIVE STATUTE..YES
000048 ,1,2,035 217 218 223 229,PROP_61,NO,52,162,110,0,~  2SHR1,PROPOSITION 61 STATE PR,NO,52,162,0,0,0,0,39,0.00%,2SHR1.PROPOSITION 61 STATE PRESCRIPTION DRUG PURCHASES. PRICING STANDARDS. INITIATIVE STATUTE..NO
000048 ,1,2,035 217 218 223 229,PROP_61,YES,91,162,71,0,~  2SHR1,PROPOSITION 61 STATE PR,YES,91,162,0,0,0,0,39,0.00%,2SHR1.PROPOSITION 61 STATE PRESCRIPTION DRUG PURCHASES. PRICING STANDARDS. INITIATIVE STATUTE..YES
000048 ,1,2,035 217 218 223 229,PROP_62,YES,78,162,84,1,~  2SHR1,PROPOSITION 62 DEATH PE,YES,78,162,0,0,0,0,8,0.00%,2SHR1.PROPOSITION 62 DEATH PENALTY. INITIATIVE STATUTE..YES
000048 ,2,3,035 217 218 223,PROP_65,NO,88,161,73,1,~  2SHR1,PROPOSITION 65 CARRYOUT,NO,88,162,0,-1,0,1,22,0.00%,2SHR1.PROPOSITION 65 CARRYOUT BAGS. CHARGES. INITIATIVE STATUTE..NO
000048 ,2,3,035 217 218 223,PROP_66,NO,90,161,71,1,~  2SHR1,PROPOSITION 66 DEATH PE,NO,90,162,0,-1,0,1,37,0.00%,2SHR1.PROPOSITION 66 DEATH PENALTY. PROCEDURES. INITIATIVE STATUTE..NO
000048 ,2,3,035 217 218 223,PROP_67,NO,62,161,99,1,~  2SHR1,PROPOSITION 67 BAN ON S,NO,62,162,0,-1,0,1,31,0.00%,2SHR1.PROPOSITION 67 BAN ON SINGLE-USE PLASTIC BAGS. REFERENDUM..NO
000048 ,1,1,035 217 218 223 229,STATEASS2,JIM_WOOD,91,162,71,0,~  2SHR1,"STATE ASSEMBLY, DISTRIC",JIM WOOD,91,162,0,0,0,0,42,0.00%,"2SHR1.STATE ASSEMBLY, DISTRICT 2.JIM WOOD"
000048 ,1,1,035 217 218 223 229,STATEASS2,KEN_ANTON,49,162,113,0,~  2SHR1,"STATE ASSEMBLY, DISTRIC",KEN ANTON,49,162,0,0,0,0,42,0.00%,"2SHR1.STATE ASSEMBLY, DISTRICT 2.KEN ANTON"
000048 ,1,1,035 217 218 223 229,USREP,DALE_K_MENSING,47,162,115,0,~  2SHR1,US REPRESENTATIVE IN CO,DALE K. MENSING,47,162,0,0,0,0,59,0.00%,"2SHR1.US REPRESENTATIVE IN CONGRESS, DISTRICT 2.DALE K. MENSING"
000048 ,1,1,035 217 218 223 229,USREP,JARED_W_HUFFMAN,106,162,56,0,~  2SHR1,US REPRESENTATIVE IN CO,JARED W. HUFFMAN,106,162,0,0,0,0,59,0.00%,"2SHR1.US REPRESENTATIVE IN CONGRESS, DISTRICT 2.JARED W. HUFFMAN"
000048 ,1,1,035 217 218 223 229,USSEN,KAMALA_D_HARRIS,90,162,72,2,~  2SHR1,US SENATOR,KAMALA D. HARRIS,90,162,0,0,0,0,49,0.00%,2SHR1.US SENATOR.KAMALA D. HARRIS
000049 ,2,3,035 219 220 223,MEAS_Q,NO,72,140,68,0,~  2SHR2,MEASURE Q HUMBOLDT COUN,NO,72,141,0,-1,0,1,26,0.00%,2SHR2.MEASURE Q HUMBOLDT COUNTY CREATION OF FINANCE DEPARTMENT MEASURE..NO
000049 ,2,3,035 219 220 223,MEAS_R,YES,56,140,84,0,~  2SHR2,MEASURE R HUMBOLDT COUN,YES,56,141,0,-1,0,1,6,0.00%,2SHR2.MEASURE R HUMBOLDT COUNTY FINANCE DEPARTMENT ELECTIVE OFFICE MEASURE..YES
000049 ,2,3,035 219 220 223,MEAS_S,NO,80,140,60,0,~  2SHR2,MEASURE S HUMBOLDT COUN,NO,80,141,0,-1,0,1,34,0.00%,2SHR2.MEASURE S HUMBOLDT COUNTY COMMERCIAL MARIJUANA CULTIVATION MEASURE..NO
000049 ,2,3,035 219 220 223,MEAS_U,NO,74,140,66,0,~  2SHR2,MEASURE U LOCAL TRANSPO,NO,74,141,0,-1,0,1,23,0.00%,2SHR2.MEASURE U LOCAL TRANSPORTATION AUTHORITY RETAIL TRANSACTIONS AND USE TAX..NO
000049 ,2,3,035 219 220 223,MEAS_V,YES,60,140,80,0,~  2SHR2,MEASURE V MOBILE HOME P,YES,60,141,0,-1,0,1,6,0.00%,2SHR2.MEASURE V MOBILE HOME PARK SPACE RENT STABILIZATION..YES
000049 ,1,1,035 219 220 223,PRES,Write_in,5,141,136,0,~  2SHR2,PRESIDENT AND VICE PRES,Write_in,5,141,0,0,0,0,12,0.00%,2SHR2.PRESIDENT AND VICE PRESIDENT.Write_in
000049 ,1,1,035 219 220 223,PROP_51,NO,66,141,75,0,~  2SHR2,PROPOSITION 51 SCHOOL B,NO,66,141,0,0,0,0,1,0.00%,2SHR2.PROPOSITION 51 SCHOOL BONDS. FUNDING FOR K-12 SCHOOL AND COMMUNITY COLLEGE FACILITIES. INITIATIVE.NO
000049 ,1,1,035 219 220 223,PROP_51,YES,67,141,74,0,~  2SHR2,PROPOSITION 51 SCHOOL B,YES,67,141,0,0,0,0,1,0.00%,2SHR2.PROPOSITION 51 SCHOOL BONDS. FUNDING FOR K-12 SCHOOL AND COMMUNITY COLLEGE FACILITIES. INITIATIVE.YES
000049 ,1,1,035 219 220 223,PROP_52,NO,33,141,108,1,~  2SHR2,PROPOSITION 52 MEDI-CAL,NO,33,141,0,0,0,0,64,0.00%,2SHR2.PROPOSITION 52 MEDI-CAL HOSPITAL FEE PROGRAM. INITIATIVE CONSTITUTIONAL AMENDMENT AND STATUTE..NO
000049 ,1,1,035 219 220 223,PROP_53,NO,58,141,83,0,~  2SHR2,PROPOSITION 53 REVENUE ,NO,58,141,0,0,0,0,15,0.00%,2SHR2.PROPOSITION 53 REVENUE BONDS. STATEWIDE VOTER APPROVAL. INITIATIVE CONSTITUTIONAL AMENDMENT..NO
000049 ,1,1,035 219 220 223,PROP_53,YES,73,141,68,0,~  2SHR2,PROPOSITION 53 REVENUE ,YES,73,141,0,0,0,0,15,0.00%,2SHR2.PROPOSITION 53 REVENUE BONDS. STATEWIDE VOTER APPROVAL. INITIATIVE CONSTITUTIONAL AMENDMENT..YES
000049 ,1,1,035 219 220 223,PROP_54,NO,42,141,99,0,~  2SHR2,PROPOSITION 54 LEGISLAT,NO,42,141,0,0,0,0,44,0.00%,2SHR2.PROPOSITION 54 LEGISLATURE. LEGISLATION AND PROCEEDINGS. INITIATIVE CONSTITUTIONAL AMENDMENT AND.NO
000049 ,1,1,035 219 220 223,PROP_54,YES,86,141,55,0,~  2SHR2,PROPOSITION 54 LEGISLAT,YES,86,141,0,0,0,0,44,0.00%,2SHR2.PROPOSITION 54 LEGISLATURE. LEGISLATION AND PROCEEDINGS. INITIATIVE CONSTITUTIONAL AMENDMENT AND.YES
000049 ,1,1,035 219 220 223,PROP_55,NO,48,141,93,0,~  2SHR2,PROPOSITION 55 TAX EXTE,NO,48,141,0,0,0,0,38,0.00%,2SHR2.PROPOSITION 55 TAX EXTENSION TO FUND EDUCATION AND HEALTHCARE. INITIATIVE CONSTITUTIONAL AMENDMENT..NO
000049 ,1,1,035 219 220 223,PROP_55,YES,86,141,55,0,~  2SHR2,PROPOSITION 55 TAX EXTE,YES,86,141,0,0,0,0,38,0.00%,2SHR2.PROPOSITION 55 TAX EXTENSION TO FUND EDUCATION AND HEALTHCARE. INITIATIVE CONSTITUTIONAL AMENDMENT..YES
000049 ,1,2,035 219 220 223,PROP_56,NO,64,141,77,0,~  2SHR2,PROPOSITION 56 CIGARETT,NO,64,141,0,0,0,0,6,0.00%,"2SHR2.PROPOSITION 56 CIGARETTE TAX TO FUND HEALTHCARE, TOBACCO USE PREVENTION, RESEARCH, AND.NO"
000049 ,1,2,035 219 220 223,PROP_56,YES,70,141,71,0,~  2SHR2,PROPOSITION 56 CIGARETT,YES,70,141,0,0,0,0,6,0.00%,"2SHR2.PROPOSITION 56 CIGARETTE TAX TO FUND HEALTHCARE, TOBACCO USE PREVENTION, RESEARCH, AND.YES"
000049 ,1,2,035 219 220 223,PROP_57,NO,45,141,96,0,~  2SHR2,PROPOSITION 57 CRIMINAL,NO,45,141,0,0,0,0,40,0.00%,2SHR2.PROPOSITION 57 CRIMINAL SENTENCES. PAROLE. JUVENILE CRIMINAL PROCEEDINGS AND SENTENCING. INITIATIVE.NO
000049 ,1,2,035 219 220 223,PROP_57,YES,85,141,56,0,~  2SHR2,PROPOSITION 57 CRIMINAL,YES,85,141,0,0,0,0,40,0.00%,2SHR2.PROPOSITION 57 CRIMINAL SENTENCES. PAROLE. JUVENILE CRIMINAL PROCEEDINGS AND SENTENCING. INITIATIVE.YES
000049 ,1,2,035 219 220 223,PROP_58,NO,36,141,105,0,~  2SHR2,PROPOSITION 58 ENGLISH ,NO,36,141,0,0,0,0,60,0.00%,2SHR2.PROPOSITION 58 ENGLISH PROFICIENCY. MULTILINGUAL EDUCATION. INITIATIVE STATUTE..NO
000049 ,1,2,035 219 220 223,PROP_58,YES,96,141,45,0,~  2SHR2,PROPOSITION 58 ENGLISH ,YES,96,141,0,0,0,0,60,0.00%,2SHR2.PROPOSITION 58 ENGLISH PROFICIENCY. MULTILINGUAL EDUCATION. INITIATIVE STATUTE..YES
000049 ,1,2,035 219 220 223,PROP_59,NO,42,141,99,0,~  2SHR2,PROPOSITION 59 CORPORAT,NO,42,141,0,0,0,0,37,0.00%,2SHR2.PROPOSITION 59 CORPORATIONS. POLITICAL SPENDING. FEDERAL CONSTITUTIONAL PROTECTIONS..NO
000049 ,1,2,035 219 220 223,PROP_59,YES,79,141,62,0,~  2SHR2,PROPOSITION 59 CORPORAT,YES,79,141,0,0,0,0,37,0.00%,2SHR2.PROPOSITION 59 CORPORATIONS. POLITICAL SPENDING. FEDERAL CONSTITUTIONAL PROTECTIONS..YES
000049 ,1,2,035 219 220 223,PROP_60,NO,75,141,66,1,~  2SHR2,PROPOSITION 60 ADULT FI,NO,75,141,0,0,0,0,23,0.00%,2SHR2.PROPOSITION 60 ADULT FILMS. CONDOMS. HEALTH REQUIREMENTS. INITIATIVE STATUTE..NO
000049 ,1,2,035 219 220 223,PROP_61,NO,56,141,85,0,~  2SHR2,PROPOSITION 61 STATE PR,NO,56,141,0,0,0,0,15,0.00%,2SHR2.PROPOSITION 61 STATE PRESCRIPTION DRUG PURCHASES. PRICING STANDARDS. INITIATIVE STATUTE..NO
000049 ,1,2,035 219 220 223,PROP_61,YES,71,141,70,0,~  2SHR2,PROPOSITION 61 STATE PR,YES,71,141,0,0,0,0,15,0.00%,2SHR2.PROPOSITION 61 STATE PRESCRIPTION DRUG PURCHASES. PRICING STANDARDS. INITIATIVE STATUTE..YES
000049 ,1,2,035 219 220 223,PROP_62,YES,61,141,80,1,~  2SHR2,PROPOSITION 62 DEATH PE,YES,61,141,0,0,0,0,13,0.00%,2SHR2.PROPOSITION 62 DEATH PENALTY. INITIATIVE STATUTE..YES
000049 ,1,2,035 219 220 223,PROP_63,NO,85,141,56,1,~  2SHR2,PROPOSITION 63 FIREARMS,NO,85,141,0,0,0,0,33,0.00%,2SHR2.PROPOSITION 63 FIREARMS. AMMUNITION SALES. INITIATIVE STATUTE..NO
000049 ,2,3,035 219 220 223,PROP_65,NO,77,140,63,0,~  2SHR2,PROPOSITION 65 CARRYOUT,NO,77,141,0,-1,0,1,22,0.00%,2SHR2.PROPOSITION 65 CARRYOUT BAGS. CHARGES. INITIATIVE STATUTE..NO
000049 ,2,3,035 219 220 223,PROP_66,NO,53,140,87,0,~  2SHR2,PROPOSITION 66 DEATH PE,NO,53,141,0,-1,0,1,13,0.00%,2SHR2.PROPOSITION 66 DEATH PENALTY. PROCEDURES. INITIATIVE STATUTE..NO
000049 ,2,3,035 219 220 223,PROP_67,NO,56,140,84,0,~  2SHR2,PROPOSITION 67 BAN ON S,NO,56,141,0,-1,0,1,21,0.00%,2SHR2.PROPOSITION 67 BAN ON SINGLE-USE PLASTIC BAGS. REFERENDUM..NO
000049 ,1,1,035 219 220 223,STATEASS2,JIM_WOOD,71,141,70,0,~  2SHR2,"STATE ASSEMBLY, DISTRIC",JIM WOOD,71,141,0,0,0,0,25,0.00%,"2SHR2.STATE ASSEMBLY, DISTRICT 2.JIM WOOD"
000049 ,1,1,035 219 220 223,STATEASS2,KEN_ANTON,46,141,95,0,~  2SHR2,"STATE ASSEMBLY, DISTRIC",KEN ANTON,46,141,0,0,0,0,25,0.00%,"2SHR2.STATE ASSEMBLY, DISTRICT 2.KEN ANTON"
000049 ,1,1,035 219 220 223,USREP,JARED_W_HUFFMAN,73,141,68,1,~  2SHR2,US REPRESENTATIVE IN CO,JARED W. HUFFMAN,73,141,0,0,0,0,15,0.00%,"2SHR2.US REPRESENTATIVE IN CONGRESS, DISTRICT 2.JARED W. HUFFMAN"
000049 ,1,1,035 219 220 223,USSEN,KAMALA_D_HARRIS,55,141,86,0,~  2SHR2,US SENATOR,KAMALA D. HARRIS,55,141,0,0,0,0,2,0.00%,2SHR2.US SENATOR.KAMALA D. HARRIS
000049 ,1,1,035 219 220 223,USSEN,LORETTA_L_SANCHEZ,53,141,88,0,~  2SHR2,US SENATOR,LORETTA L. SANCHEZ,53,141,0,0,0,0,2,0.00%,2SHR2.US SENATOR.LORETTA L. SANCHEZ
000050 ,2,3,011 048 052 081 082 169 170 225 235 243,MEAS_Q,NO,234,464,230,1,~  2SHS4,MEASURE Q HUMBOLDT COUN,NO,234,466,0,-2,0,2,76,0.00%,2SHS4.MEASURE Q HUMBOLDT COUNTY CREATION OF FINANCE DEPARTMENT MEASURE..NO
000050 ,2,3,011 048 052 081 082 169 170 225 235 243,MEAS_U,NO,192,464,272,1,~  2SHS4,MEASURE U LOCAL TRANSPO,NO,192,466,0,-2,0,2,44,0.00%,2SHS4.MEASURE U LOCAL TRANSPORTATION AUTHORITY RETAIL TRANSACTIONS AND USE TAX..NO
000050 ,1,1,011 048 052 081 082 169 170 225 229 235 243,PRES,GARY_JOHNSON,13,465,452,0,~  2SHS4,PRESIDENT AND VICE PRES,GARY JOHNSON      and,13,466,0,-1,0,1,158,0.00%,2SHS4.PRESIDENT AND VICE PRESIDENT.GARY JOHNSON      and BILL WELD
000050 ,1,1,011 048 052 081 082 169 170 225 229 235 243,PRES,GLORIA_ESTELA_LA_RIVA,4,465,461,0,~  2SHS4,PRESIDENT AND VICE PRES,GLORIA ESTELA LA RIVA,4,466,0,-1,0,1,158,0.00%,2SHS4.PRESIDENT AND VICE PRESIDENT.GLORIA ESTELA LA RIVA      and DENNIS J. BANKS
000050 ,1,1,011 048 052 081 082 169 170 225 229 235 243,PRES,JILL_STEIN,74,465,391,0,~  2SHS4,PRESIDENT AND VICE PRES,JILL STEIN      and A,74,466,0,-1,0,1,158,0.00%,2SHS4.PRESIDENT AND VICE PRESIDENT.JILL STEIN      and AJAMU BARAKA
000050 ,1,1,011 048 052 081 082 169 170 225 229 235 243,PRES,Write_in,21,465,444,0,~  2SHS4,PRESIDENT AND VICE PRES,Write_in,21,466,0,-1,0,1,158,0.00%,2SHS4.PRESIDENT AND VICE PRESIDENT.Write_in
000050 ,1,1,011 048 052 081 082 169 170 225 229 235 243,PROP_51,NO,194,465,271,0,~  2SHS4,PROPOSITION 51 SCHOOL B,NO,194,466,0,-1,0,1,42,0.00%,2SHS4.PROPOSITION 51 SCHOOL BONDS. FUNDING FOR K-12 SCHOOL AND COMMUNITY COLLEGE FACILITIES. INITIATIVE.NO
000050 ,1,1,011 048 052 081 082 169 170 225 229 235 243,PROP_52,YES,318,465,147,2,~  2SHS4,PROPOSITION 52 MEDI-CAL,YES,318,466,0,-1,0,1,199,0.00%,2SHS4.PROPOSITION 52 MEDI-CAL HOSPITAL FEE PROGRAM. INITIATIVE CONSTITUTIONAL AMENDMENT AND STATUTE..YES
000050 ,1,1,011 048 052 081 082 169 170 225 229 235 243,PROP_54,NO,107,465,358,0,~  2SHS4,PROPOSITION 54 LEGISLAT,NO,107,466,0,-1,0,1,209,0.00%,2SHS4.PROPOSITION 54 LEGISLATURE. LEGISLATION AND PROCEEDINGS. INITIATIVE CONSTITUTIONAL AMENDMENT AND.NO
000050 ,1,1,011 048 052 081 082 169 170 225 229 235 243,PROP_55,YES,343,465,122,3,~  2SHS4,PROPOSITION 55 TAX EXTE,YES,343,466,0,-1,0,1,242,0.00%,2SHS4.PROPOSITION 55 TAX EXTENSION TO FUND EDUCATION AND HEALTHCARE. INITIATIVE CONSTITUTIONAL AMENDMENT..YES
000050 ,1,2,011 048 052 081 082 169 170 225 229 235,PROP_56,NO,214,465,251,1,~  2SHS4,PROPOSITION 56 CIGARETT,NO,214,466,0,-1,0,1,21,0.00%,"2SHS4.PROPOSITION 56 CIGARETTE TAX TO FUND HEALTHCARE, TOBACCO USE PREVENTION, RESEARCH, AND.NO"
000050 ,1,2,011 048 052 081 082 169 170 225 229 235,PROP_57,NO,80,465,385,0,~  2SHS4,PROPOSITION 57 CRIMINAL,NO,80,466,0,-1,0,1,277,0.00%,2SHS4.PROPOSITION 57 CRIMINAL SENTENCES. PAROLE. JUVENILE CRIMINAL PROCEEDINGS AND SENTENCING. INITIATIVE.NO
000050 ,1,2,011 048 052 081 082 169 170 225 229 235,PROP_58,NO,80,465,385,0,~  2SHS4,PROPOSITION 58 ENGLISH ,NO,80,466,0,-1,0,1,276,0.00%,2SHS4.PROPOSITION 58 ENGLISH PROFICIENCY. MULTILINGUAL EDUCATION. INITIATIVE STATUTE..NO
000050 ,1,2,011 048 052 081 082 169 170 225 229 235,PROP_59,NO,116,465,349,1,~  2SHS4,PROPOSITION 59 CORPORAT,NO,116,466,0,-1,0,1,191,0.00%,2SHS4.PROPOSITION 59 CORPORATIONS. POLITICAL SPENDING. FEDERAL CONSTITUTIONAL PROTECTIONS..NO
000050 ,1,2,011 048 052 081 082 169 170 225 229 235,PROP_59,YES,307,465,158,1,~  2SHS4,PROPOSITION 59 CORPORAT,YES,307,466,0,-1,0,1,191,0.00%,2SHS4.PROPOSITION 59 CORPORATIONS. POLITICAL SPENDING. FEDERAL CONSTITUTIONAL PROTECTIONS..YES
000050 ,1,2,011 048 052 081 082 169 170 225 229 235,PROP_60,YES,166,465,299,0,~  2SHS4,PROPOSITION 60 ADULT FI,YES,166,466,0,-1,0,1,95,0.00%,2SHS4.PROPOSITION 60 ADULT FILMS. CONDOMS. HEALTH REQUIREMENTS. INITIATIVE STATUTE..YES
000050 ,1,2,011 048 052 081 082 169 170 225 229 235,PROP_61,NO,146,465,319,1,~  2SHS4,PROPOSITION 61 STATE PR,NO,146,466,0,-1,0,1,134,0.00%,2SHS4.PROPOSITION 61 STATE PRESCRIPTION DRUG PURCHASES. PRICING STANDARDS. INITIATIVE STATUTE..NO
000050 ,2,3,011 048 052 081 082 169 170 225 235 243,PROP_64,NO,287,464,177,2,~  2SHS4,PROPOSITION 64 MARIJUAN,NO,287,466,0,-2,0,2,123,0.00%,2SHS4.PROPOSITION 64 MARIJUANA LEGALIZATION. INITIATIVE STATUTE..NO
000050 ,2,3,011 048 052 081 082 169 170 225 235 243,PROP_67,NO,132,464,332,0,~  2SHS4,PROPOSITION 67 BAN ON S,NO,132,466,0,-2,0,2,183,0.00%,2SHS4.PROPOSITION 67 BAN ON SINGLE-USE PLASTIC BAGS. REFERENDUM..NO
000050 ,2,3,011 048 052 081 082 169 170 225 235 243,PROP_67,YES,315,464,149,0,~  2SHS4,PROPOSITION 67 BAN ON S,YES,315,466,0,-2,0,2,183,0.00%,2SHS4.PROPOSITION 67 BAN ON SINGLE-USE PLASTIC BAGS. REFERENDUM..YES
000050 ,1,1,011 048 052 081 082 169 170 225 229 235 243,USREP,JARED_W_HUFFMAN,324,465,141,1,~  2SHS4,US REPRESENTATIVE IN CO,JARED W. HUFFMAN,324,466,0,-1,0,1,209,0.00%,"2SHS4.US REPRESENTATIVE IN CONGRESS, DISTRICT 2.JARED W. HUFFMAN"
000050 ,1,1,011 048 052 081 082 169 170 225 229 235 243,USSEN,LORETTA_L_SANCHEZ,134,465,331,1,~  2SHS4,US SENATOR,LORETTA L. SANCHEZ,134,466,0,-1,0,1,131,0.00%,2SHS4.US SENATOR.LORETTA L. SANCHEZ
000051 ,2,3,012 052 084 170 171 225 235 236 243,MEAS_Q,NO,440,812,372,1,~  2SHS7,MEASURE Q HUMBOLDT COUN,NO,440,812,0,0,0,0,210,0.00%,2SHS7.MEASURE Q HUMBOLDT COUNTY CREATION OF FINANCE DEPARTMENT MEASURE..NO
000051 ,2,3,012 052 084 170 171 225 235 236 243,MEAS_R,YES,314,812,498,2,~  2SHS7,MEASURE R HUMBOLDT COUN,YES,314,812,0,0,0,0,39,0.00%,2SHS7.MEASURE R HUMBOLDT COUNTY FINANCE DEPARTMENT ELECTIVE OFFICE MEASURE..YES
000051 ,2,3,012 052 084 170 171 225 235 236 243,MEAS_V,YES,490,812,322,0,~  2SHS7,MEASURE V MOBILE HOME P,YES,490,812,0,0,0,0,235,0.00%,2SHS7.MEASURE V MOBILE HOME PARK SPACE RENT STABILIZATION..YES
000051 ,1,1,012 052 084 085 170 171 225 229 235 236 243,PRES,GLORIA_ESTELA_LA_RIVA,5,813,808,0,~  2SHS7,PRESIDENT AND VICE PRES,GLORIA ESTELA LA RIVA,5,812,0,1,0,1,305,0.00%,2SHS7.PRESIDENT AND VICE PRESIDENT.GLORIA ESTELA LA RIVA      and DENNIS J. BANKS
000051 ,1,1,012 052 084 085 170 171 225 229 235 236 243,PRES,Write_in,35,813,778,1,~  2SHS7,PRESIDENT AND VICE PRES,Write_in,35,812,0,1,0,1,305,0.00%,2SHS7.PRESIDENT AND VICE PRESIDENT.Write_in
000051 ,1,1,012 052 084 085 170 171 225 229 235 236 243,PROP_51,YES,430,813,383,0,~  2SHS7,PROPOSITION 51 SCHOOL B,YES,430,812,0,1,0,1,96,0.00%,2SHS7.PROPOSITION 51 SCHOOL BONDS. FUNDING FOR K-12 SCHOOL AND COMMUNITY COLLEGE FACILITIES. INITIATIVE.YES
000051 ,1,1,012 052 084 085 170 171 225 229 235 236 243,PROP_52,NO,212,813,601,0,~  2SHS7,PROPOSITION 52 MEDI-CAL,NO,212,812,0,1,0,1,331,0.00%,2SHS7.PROPOSITION 52 MEDI-CAL HOSPITAL FEE PROGRAM. INITIATIVE CONSTITUTIONAL AMENDMENT AND STATUTE..NO
000051 ,1,1,012 052 084 085 170 171 225 229 235 236 243,PROP_52,YES,543,813,270,0,~  2SHS7,PROPOSITION 52 MEDI-CAL,YES,543,812,0,1,0,1,331,0.00%,2SHS7.PROPOSITION 52 MEDI-CAL HOSPITAL FEE PROGRAM. INITIATIVE CONSTITUTIONAL AMENDMENT AND STATUTE..YES
000051 ,1,2,012 052 084 085 170 171 225 229 235 236 243,PROP_61,NO,226,804,578,2,~  2SHS7,PROPOSITION 61 STATE PR,NO,226,812,0,-8,0,8,268,0.00%,2SHS7.PROPOSITION 61 STATE PRESCRIPTION DRUG PURCHASES. PRICING STANDARDS. INITIATIVE STATUTE..NO
000051 ,1,2,012 052 084 085 170 171 225 229 235 236 243,PROP_62,NO,249,804,555,4,~  2SHS7,PROPOSITION 62 DEATH PE,NO,249,812,0,-8,0,8,254,0.00%,2SHS7.PROPOSITION 62 DEATH PENALTY. INITIATIVE STATUTE..NO
000051 ,2,3,012 052 084 170 171 225 235 236 243,PROP_64,YES,277,812,535,3,~  2SHS7,PROPOSITION 64 MARIJUAN,YES,277,812,0,0,0,0,242,0.00%,2SHS7.PROPOSITION 64 MARIJUANA LEGALIZATION. INITIATIVE STATUTE..YES
000051 ,1,1,012 052 084 085 170 171 225 229 235 236 243,STATEASS2,JIM_WOOD,522,813,291,0,~  2SHS7,"STATE ASSEMBLY, DISTRIC",JIM WOOD,522,812,0,1,0,1,353,0.00%,"2SHS7.STATE ASSEMBLY, DISTRICT 2.JIM WOOD"
000051 ,1,1,012 052 084 085 170 171 225 229 235 236 243,USSEN,KAMALA_D_HARRIS,459,813,354,2,~  2SHS7,US SENATOR,KAMALA D. HARRIS,459,812,0,1,0,1,230,0.00%,2SHS7.US SENATOR.KAMALA D. HARRIS
000052 ,2,3,035 217 223,MEAS_Q,YES,35,106,71,1,~  2SHVF,MEASURE Q HUMBOLDT COUN,YES,35,106,0,0,0,0,20,0.00%,2SHVF.MEASURE Q HUMBOLDT COUNTY CREATION OF FINANCE DEPARTMENT MEASURE..YES
000052 ,2,3,035 217 223,MEAS_R,NO,56,106,50,0,~  2SHVF,MEASURE R HUMBOLDT COUN,NO,56,106,0,0,0,0,22,0.00%,2SHVF.MEASURE R HUMBOLDT COUNTY FINANCE DEPARTMENT ELECTIVE OFFICE MEASURE..NO
000052 ,2,3,035 217 223,MEAS_R,YES,34,106,72,0,~  2SHVF,MEASURE R HUMBOLDT COUN,YES,34,106,0,0,0,0,22,0.00%,2SHVF.MEASURE R HUMBOLDT COUNTY FINANCE DEPARTMENT ELECTIVE OFFICE MEASURE..YES
000052 ,2,3,035 217 223,MEAS_S,NO,73,106,33,0,~  2SHVF,MEASURE S HUMBOLDT COUN,NO,73,106,0,0,0,0,48,0.00%,2SHVF.MEASURE S HUMBOLDT COUNTY COMMERCIAL MARIJUANA CULTIVATION MEASURE..NO
000052 ,2,3,035 217 223,MEAS_S,YES,25,106,81,0,~  2SHVF,MEASURE S HUMBOLDT COUN,YES,25,106,0,0,0,0,48,0.00%,2SHVF.MEASURE S HUMBOLDT COUNTY COMMERCIAL MARIJUANA CULTIVATION MEASURE..YES
000052 ,2,3,035 217 223,MEAS_U,NO,54,106,52,0,~  2SHVF,MEASURE U LOCAL TRANSPO,NO,54,106,0,0,0,0,9,0.00%,2SHVF.MEASURE U LOCAL TRANSPORTATION AUTHORITY RETAIL TRANSACTIONS AND USE TAX..NO
000052 ,2,3,035 217 223,MEAS_U,YES,45,106,61,0,~  2SHVF,MEASURE U LOCAL TRANSPO,YES,45,106,0,0,0,0,9,0.00%,2SHVF.MEASURE U LOCAL TRANSPORTATION AUTHORITY RETAIL TRANSACTIONS AND USE TAX..YES
000052 ,1,1,035 217 223,PRES,DONALD_J_TRUMP,15,106,91,0,~  2SHVF,PRESIDENT AND VICE PRES,DONALD J. TRUMP      ,15,106,0,0,0,0,45,0.00%,2SHVF.PRESIDENT AND VICE PRESIDENT.DONALD J. TRUMP      and MICHAEL R. PENCE
000052 ,1,1,035 217 223,PRES,GARY_JOHNSON,2,106,104,0,~  2SHVF,PRESIDENT AND VICE PRES,GARY JOHNSON      and,2,106,0,0,0,0,45,0.00%,2SHVF.PRESIDENT AND VICE PRESIDENT.GARY JOHNSON      and BILL WELD
000052 ,1,1,035 217 223,PRES,GLORIA_ESTELA_LA_RIVA,0,106,106,0,~  2SHVF,PRESIDENT AND VICE PRES,GLORIA ESTELA LA RIVA,0,106,0,0,0,0,45,0.00%,2SHVF.PRESIDENT AND VICE PRESIDENT.GLORIA ESTELA LA RIVA      and DENNIS J. BANKS
000052 ,1,1,035 217 223,PRES,HILLARY_CLINTON,64,106,42,0,~  2SHVF,PRESIDENT AND VICE PRES,HILLARY CLINTON      ,64,106,0,0,0,0,45,0.00%,2SHVF.PRESIDENT AND VICE PRESIDENT.HILLARY CLINTON      and TIM KAINE
000052 ,1,1,035 217 223,PRES,JILL_STEIN,19,106,87,0,~  2SHVF,PRESIDENT AND VICE PRES,JILL STEIN      and A,19,106,0,0,0,0,45,0.00%,2SHVF.PRESIDENT AND VICE PRESIDENT.JILL STEIN      and AJAMU BARAKA
000052 ,1,1,035 217 223,PRES,Write_in,2,106,104,0,~  2SHVF,PRESIDENT AND VICE PRES,Write_in,2,106,0,0,0,0,45,0.00%,2SHVF.PRESIDENT AND VICE PRESIDENT.Write_in
000052 ,1,1,035 217 223,PROP_51,NO,53,106,53,0,~  2SHVF,PROPOSITION 51 SCHOOL B,NO,53,106,0,0,0,0,9,0.00%,2SHVF.PROPOSITION 51 SCHOOL BONDS. FUNDING FOR K-12 SCHOOL AND COMMUNITY COLLEGE FACILITIES. INITIATIVE.NO
000052 ,1,1,035 217 223,PROP_51,YES,44,106,62,0,~  2SHVF,PROPOSITION 51 SCHOOL B,YES,44,106,0,0,0,0,9,0.00%,2SHVF.PROPOSITION 51 SCHOOL BONDS. FUNDING FOR K-12 SCHOOL AND COMMUNITY COLLEGE FACILITIES. INITIATIVE.YES
000052 ,1,1,035 217 223,PROP_52,NO,18,106,88,0,~  2SHVF,PROPOSITION 52 MEDI-CAL,NO,18,106,0,0,0,0,60,0.00%,2SHVF.PROPOSITION 52 MEDI-CAL HOSPITAL FEE PROGRAM. INITIATIVE CONSTITUTIONAL AMENDMENT AND STATUTE..NO
000052 ,1,1,035 217 223,PROP_52,YES,78,106,28,0,~  2SHVF,PROPOSITION 52 MEDI-CAL,YES,78,106,0,0,0,0,60,0.00%,2SHVF.PROPOSITION 52 MEDI-CAL HOSPITAL FEE PROGRAM. INITIATIVE CONSTITUTIONAL AMENDMENT AND STATUTE..YES
000052 ,1,1,035 217 223,PROP_53,YES,49,106,57,1,~  2SHVF,PROPOSITION 53 REVENUE ,YES,49,106,0,0,0,0,1,0.00%,2SHVF.PROPOSITION 53 REVENUE BONDS. STATEWIDE VOTER APPROVAL. INITIATIVE CONSTITUTIONAL AMENDMENT..YES
000052 ,1,1,035 217 223,PROP_54,NO,42,106,64,0,~  2SHVF,PROPOSITION 54 LEGISLAT,NO,42,106,0,0,0,0,13,0.00%,2SHVF.PROPOSITION 54 LEGISLATURE. LEGISLATION AND PROCEEDINGS. INITIATIVE CONSTITUTIONAL AMENDMENT AND.NO
000052 ,1,1,035 217 223,PROP_54,YES,55,106,51,0,~  2SHVF,PROPOSITION 54 LEGISLAT,YES,55,106,0,0,0,0,13,0.00%,2SHVF.PROPOSITION 54 LEGISLATURE. LEGISLATION AND PROCEEDINGS. INITIATIVE CONSTITUTIONAL AMENDMENT AND.YES
000052 ,1,1,035 217 223,PROP_55,NO,23,106,83,0,~  2SHVF,PROPOSITION 55 TAX EXTE,NO,23,106,0,0,0,0,51,0.00%,2SHVF.PROPOSITION 55 TAX EXTENSION TO FUND EDUCATION AND HEALTHCARE. INITIATIVE CONSTITUTIONAL AMENDMENT..NO
000052 ,1,1,035 217 223,PROP_55,YES,74,106,32,0,~  2SHVF,PROPOSITION 55 TAX EXTE,YES,74,106,0,0,0,0,51,0.00%,2SHVF.PROPOSITION 55 TAX EXTENSION TO FUND EDUCATION AND HEALTHCARE. INITIATIVE CONSTITUTIONAL AMENDMENT..YES
000052 ,1,2,035 217 223,PROP_56,NO,45,106,61,0,~  2SHVF,PROPOSITION 56 CIGARETT,NO,45,106,0,0,0,0,7,0.00%,"2SHVF.PROPOSITION 56 CIGARETTE TAX TO FUND HEALTHCARE, TOBACCO USE PREVENTION, RESEARCH, AND.NO"
000052 ,1,2,035 217 223,PROP_56,YES,52,106,54,0,~  2SHVF,PROPOSITION 56 CIGARETT,YES,52,106,0,0,0,0,7,0.00%,"2SHVF.PROPOSITION 56 CIGARETTE TAX TO FUND HEALTHCARE, TOBACCO USE PREVENTION, RESEARCH, AND.YES"
000052 ,1,2,035 217 223,PROP_57,NO,20,106,86,0,~  2SHVF,PROPOSITION 57 CRIMINAL,NO,20,106,0,0,0,0,56,0.00%,2SHVF.PROPOSITION 57 CRIMINAL SENTENCES. PAROLE. JUVENILE CRIMINAL PROCEEDINGS AND SENTENCING. INITIATIVE.NO
000052 ,1,2,035 217 223,PROP_57,YES,76,106,30,0,~  2SHVF,PROPOSITION 57 CRIMINAL,YES,76,106,0,0,0,0,56,0.00%,2SHVF.PROPOSITION 57 CRIMINAL SENTENCES. PAROLE. JUVENILE CRIMINAL PROCEEDINGS AND SENTENCING. INITIATIVE.YES
000052 ,1,2,035 217 223,PROP_58,NO,25,106,81,0,~  2SHVF,PROPOSITION 58 ENGLISH ,NO,25,106,0,0,0,0,42,0.00%,2SHVF.PROPOSITION 58 ENGLISH PROFICIENCY. MULTILINGUAL EDUCATION. INITIATIVE STATUTE..NO
000052 ,1,2,035 217 223,PROP_58,YES,67,106,39,0,~  2SHVF,PROPOSITION 58 ENGLISH ,YES,67,106,0,0,0,0,42,0.00%,2SHVF.PROPOSITION 58 ENGLISH PROFICIENCY. MULTILINGUAL EDUCATION. INITIATIVE STATUTE..YES
000052 ,1,2,035 217 223,PROP_59,NO,27,106,79,0,~  2SHVF,PROPOSITION 59 CORPORAT,NO,27,106,0,0,0,0,38,0.00%,2SHVF.PROPOSITION 59 CORPORATIONS. POLITICAL SPENDING. FEDERAL CONSTITUTIONAL PROTECTIONS..NO
000052 ,1,2,035 217 223,PROP_59,YES,65,106,41,0,~  2SHVF,PROPOSITION 59 CORPORAT,YES,65,106,0,0,0,0,38,0.00%,2SHVF.PROPOSITION 59 CORPORATIONS. POLITICAL SPENDING. FEDERAL CONSTITUTIONAL PROTECTIONS..YES
000052 ,1,2,035 217 223,PROP_60,NO,55,106,51,1,~  2SHVF,PROPOSITION 60 ADULT FI,NO,55,106,0,0,0,0,17,0.00%,2SHVF.PROPOSITION 60 ADULT FILMS. CONDOMS. HEALTH REQUIREMENTS. INITIATIVE STATUTE..NO
000052 ,1,2,035 217 223,PROP_61,NO,26,106,80,1,~  2SHVF,PROPOSITION 61 STATE PR,NO,26,106,0,0,0,0,40,0.00%,2SHVF.PROPOSITION 61 STATE PRESCRIPTION DRUG PURCHASES. PRICING STANDARDS. INITIATIVE STATUTE..NO
000052 ,1,2,035 217 223,PROP_62,NO,35,106,71,0,~  2SHVF,PROPOSITION 62 DEATH PE,NO,35,106,0,0,0,0,22,0.00%,2SHVF.PROPOSITION 62 DEATH PENALTY. INITIATIVE STATUTE..NO
000052 ,1,2,035 217 223,PROP_62,YES,57,106,49,0,~  2SHVF,PROPOSITION 62 DEATH PE,YES,57,106,0,0,0,0,22,0.00%,2SHVF.PROPOSITION 62 DEATH PENALTY. INITIATIVE STATUTE..YES
000052 ,1,2,035 217 223,PROP_63,NO,58,106,48,0,~  2SHVF,PROPOSITION 63 FIREARMS,NO,58,106,0,0,0,0,17,0.00%,2SHVF.PROPOSITION 63 FIREARMS. AMMUNITION SALES. INITIATIVE STATUTE..NO
000052 ,1,2,035 217 223,PROP_63,YES,41,106,65,0,~  2SHVF,PROPOSITION 63 FIREARMS,YES,41,106,0,0,0,0,17,0.00%,2SHVF.PROPOSITION 63 FIREARMS. AMMUNITION SALES. INITIATIVE STATUTE..YES
000052 ,2,3,035 217 223,PROP_64,NO,77,106,29,1,~  2SHVF,PROPOSITION 64 MARIJUAN,NO,77,106,0,0,0,0,50,0.00%,2SHVF.PROPOSITION 64 MARIJUANA LEGALIZATION. INITIATIVE STATUTE..NO
000052 ,2,3,035 217 223,PROP_65,NO,52,106,54,1,~  2SHVF,PROPOSITION 65 CARRYOUT,NO,52,106,0,0,0,0,9,0.00%,2SHVF.PROPOSITION 65 CARRYOUT BAGS. CHARGES. INITIATIVE STATUTE..NO
000052 ,2,3,035 217 223,PROP_67,NO,25,106,81,0,~  2SHVF,PROPOSITION 67 BAN ON S,NO,25,106,0,0,0,0,48,0.00%,2SHVF.PROPOSITION 67 BAN ON SINGLE-USE PLASTIC BAGS. REFERENDUM..NO
000052 ,2,3,035 217 223,PROP_67,YES,73,106,33,0,~  2SHVF,PROPOSITION 67 BAN ON S,YES,73,106,0,0,0,0,48,0.00%,2SHVF.PROPOSITION 67 BAN ON SINGLE-USE PLASTIC BAGS. REFERENDUM..YES
000052 ,1,1,035 217 223,STATEASS2,JIM_WOOD,68,106,38,0,~  2SHVF,"STATE ASSEMBLY, DISTRIC",JIM WOOD,68,106,0,0,0,0,44,0.00%,"2SHVF.STATE ASSEMBLY, DISTRICT 2.JIM WOOD"
000052 ,1,1,035 217 223,STATEASS2,KEN_ANTON,24,106,82,0,~  2SHVF,"STATE ASSEMBLY, DISTRIC",KEN ANTON,24,106,0,0,0,0,44,0.00%,"2SHVF.STATE ASSEMBLY, DISTRICT 2.KEN ANTON"
000052 ,1,1,035 217 223,USREP,DALE_K_MENSING,19,106,87,0,~  2SHVF,US REPRESENTATIVE IN CO,DALE K. MENSING,19,106,0,0,0,0,61,0.00%,"2SHVF.US REPRESENTATIVE IN CONGRESS, DISTRICT 2.DALE K. MENSING"
000052 ,1,1,035 217 223,USREP,JARED_W_HUFFMAN,80,106,26,0,~  2SHVF,US REPRESENTATIVE IN CO,JARED W. HUFFMAN,80,106,0,0,0,0,61,0.00%,"2SHVF.US REPRESENTATIVE IN CONGRESS, DISTRICT 2.JARED W. HUFFMAN"
000052 ,1,1,035 217 223,USSEN,KAMALA_D_HARRIS,65,106,41,0,~  2SHVF,US SENATOR,KAMALA D. HARRIS,65,106,0,0,0,0,42,0.00%,2SHVF.US SENATOR.KAMALA D. HARRIS
000052 ,1,1,035 217 223,USSEN,LORETTA_L_SANCHEZ,23,106,83,0,~  2SHVF,US SENATOR,LORETTA L. SANCHEZ,23,106,0,0,0,0,42,0.00%,2SHVF.US SENATOR.LORETTA L. SANCHEZ
000053 ,1,1,019 052 139 172 173 225 229 236,ARCATA_CC,DANIEL_MURPHY,62,404,342,0,~  3A--1,ARCATA CITY COUNCILMEMB,DANIEL MURPHY,62,405,0,-1,0,1,26,0.00%,3A--1.ARCATA CITY COUNCILMEMBER.DANIEL MURPHY
000053 ,1,1,019 052 139 172 173 225 229 236,ARCATA_CC,VALERIE_ROSE-CAMPBELL,89,404,315,1,~  3A--1,ARCATA CITY COUNCILMEMB,VALERIE ROSE-CAMPBELL,89,405,0,-1,0,1,26,0.00%,3A--1.ARCATA CITY COUNCILMEMBER.VALERIE ROSE-CAMPBELL
000053 ,1,1,019 052 139 172 173 225 229 236,ARCATA_CC,Write_in,10,1212,1202,0,~  3A--1,ARCATA CITY COUNCILMEMB,Write_in,10,405,0,807,0,807,26,0.00%,3A--1.ARCATA CITY COUNCILMEMBER.Write_in
000053 ,2,3,019 052 139 172 173 225 229 236,MEAS_H,NO,42,404,362,0,~  3A--1,MEASURE H ARCATA SCHOOL,NO,42,405,0,-1,0,1,256,0.00%,3A--1.MEASURE H ARCATA SCHOOL DISTRICT PARCEL TAX..NO
000053 ,2,3,019 052 139 172 173 225 229 236,MEAS_R,NO,119,404,285,0,~  3A--1,MEASURE R HUMBOLDT COUN,NO,119,405,0,-1,0,1,58,0.00%,3A--1.MEASURE R HUMBOLDT COUNTY FINANCE DEPARTMENT ELECTIVE OFFICE MEASURE..NO
000053 ,2,3,019 052 139 172 173 225 229 236,MEAS_S,NO,84,404,320,2,~  3A--1,MEASURE S HUMBOLDT COUN,NO,84,405,0,-1,0,1,194,0.00%,3A--1.MEASURE S HUMBOLDT COUNTY COMMERCIAL MARIJUANA CULTIVATION MEASURE..NO
000053 ,2,4,019 052 139 172 173 225 229 236,MEAS_U,YES,227,404,177,0,~  3A--1,MEASURE U LOCAL TRANSPO,YES,227,405,0,-1,0,1,129,0.00%,3A--1.MEASURE U LOCAL TRANSPORTATION AUTHORITY RETAIL TRANSACTIONS AND USE TAX..YES
000053 ,2,4,019 052 139 172 173 225 229 236,MEAS_V,YES,237,404,167,1,~  3A--1,MEASURE V MOBILE HOME P,YES,237,405,0,-1,0,1,148,0.00%,3A--1.MEASURE V MOBILE HOME PARK SPACE RENT STABILIZATION..YES
000053 ,1,1,019 052 139 172 173 225 229 236,PRES,DONALD_J_TRUMP,21,404,383,0,~  3A--1,PRESIDENT AND VICE PRES,DONALD J. TRUMP      ,21,405,0,-1,0,1,249,0.00%,3A--1.PRESIDENT AND VICE PRESIDENT.DONALD J. TRUMP      and MICHAEL R. PENCE
000053 ,1,1,019 052 139 172 173 225 229 236,PRES,GARY_JOHNSON,18,404,386,0,~  3A--1,PRESIDENT AND VICE PRES,GARY JOHNSON      and,18,405,0,-1,0,1,249,0.00%,3A--1.PRESIDENT AND VICE PRESIDENT.GARY JOHNSON      and BILL WELD
000053 ,1,1,019 052 139 172 173 225 229 236,PRES,GLORIA_ESTELA_LA_RIVA,10,404,394,0,~  3A--1,PRESIDENT AND VICE PRES,GLORIA ESTELA LA RIVA,10,405,0,-1,0,1,249,0.00%,3A--1.PRESIDENT AND VICE PRESIDENT.GLORIA ESTELA LA RIVA      and DENNIS J. BANKS
000053 ,1,1,019 052 139 172 173 225 229 236,PRES,JILL_STEIN,46,404,358,0,~  3A--1,PRESIDENT AND VICE PRES,JILL STEIN      and A,46,405,0,-1,0,1,249,0.00%,3A--1.PRESIDENT AND VICE PRESIDENT.JILL STEIN      and AJAMU BARAKA
000053 ,1,1,019 052 139 172 173 225 229 236,PRES,Write_in,10,404,394,0,~  3A--1,PRESIDENT AND VICE PRES,Write_in,10,405,0,-1,0,1,249,0.00%,3A--1.PRESIDENT AND VICE PRESIDENT.Write_in
000053 ,1,1,019 052 139 172 173 225 229 236,PROP_51,NO,97,404,307,0,~  3A--1,PROPOSITION 51 SCHOOL B,NO,97,405,0,-1,0,1,168,0.00%,3A--1.PROPOSITION 51 SCHOOL BONDS. FUNDING FOR K-12 SCHOOL AND COMMUNITY COLLEGE FACILITIES. INITIATIVE.NO
000053 ,1,2,019 052 139 172 173 225 229 236,PROP_55,NO,33,404,371,1,~  3A--1,PROPOSITION 55 TAX EXTE,NO,33,405,0,-1,0,1,305,0.00%,3A--1.PROPOSITION 55 TAX EXTENSION TO FUND EDUCATION AND HEALTHCARE. INITIATIVE CONSTITUTIONAL AMENDMENT..NO
000053 ,1,2,019 052 139 172 173 225 229 236,PROP_55,YES,338,404,66,1,~  3A--1,PROPOSITION 55 TAX EXTE,YES,338,405,0,-1,0,1,305,0.00%,3A--1.PROPOSITION 55 TAX EXTENSION TO FUND EDUCATION AND HEALTHCARE. INITIATIVE CONSTITUTIONAL AMENDMENT..YES
000053 ,1,2,019 052 139 172 173 225 229 236,PROP_58,NO,34,404,370,0,~  3A--1,PROPOSITION 58 ENGLISH ,NO,34,405,0,-1,0,1,294,0.00%,3A--1.PROPOSITION 58 ENGLISH PROFICIENCY. MULTILINGUAL EDUCATION. INITIATIVE STATUTE..NO
000053 ,1,2,019 052 139 172 173 225 229 236,PROP_59,NO,60,404,344,0,~  3A--1,PROPOSITION 59 CORPORAT,NO,60,405,0,-1,0,1,233,0.00%,3A--1.PROPOSITION 59 CORPORATIONS. POLITICAL SPENDING. FEDERAL CONSTITUTIONAL PROTECTIONS..NO
000053 ,1,2,019 052 139 172 173 225 229 236,PROP_60,YES,152,404,252,0,~  3A--1,PROPOSITION 60 ADULT FI,YES,152,405,0,-1,0,1,58,0.00%,3A--1.PROPOSITION 60 ADULT FILMS. CONDOMS. HEALTH REQUIREMENTS. INITIATIVE STATUTE..YES
000053 ,2,3,019 052 139 172 173 225 229 236,PROP_63,YES,298,404,106,1,~  3A--1,PROPOSITION 63 FIREARMS,YES,298,405,0,-1,0,1,219,0.00%,3A--1.PROPOSITION 63 FIREARMS. AMMUNITION SALES. INITIATIVE STATUTE..YES
000053 ,2,3,019 052 139 172 173 225 229 236,PROP_67,YES,333,404,71,0,~  3A--1,PROPOSITION 67 BAN ON S,YES,333,405,0,-1,0,1,284,0.00%,3A--1.PROPOSITION 67 BAN ON SINGLE-USE PLASTIC BAGS. REFERENDUM..YES
000053 ,1,1,019 052 139 172 173 225 229 236,STATEASS2,KEN_ANTON,69,404,335,0,~  3A--1,"STATE ASSEMBLY, DISTRIC",KEN ANTON,69,405,0,-1,0,1,202,0.00%,"3A--1.STATE ASSEMBLY, DISTRICT 2.KEN ANTON"
000053 ,1,1,019 052 139 172 173 225 229 236,USREP,DALE_K_MENSING,24,404,380,0,~  3A--1,US REPRESENTATIVE IN CO,DALE K. MENSING,24,405,0,-1,0,1,312,0.00%,"3A--1.US REPRESENTATIVE IN CONGRESS, DISTRICT 2.DALE K. MENSING"
000053 ,1,1,019 052 139 172 173 225 229 236,USSEN,LORETTA_L_SANCHEZ,114,404,290,0,~  3A--1,US SENATOR,LORETTA L. SANCHEZ,114,405,0,-1,0,1,117,0.00%,3A--1.US SENATOR.LORETTA L. SANCHEZ
000054 ,1,1,019 044 141 142 173 174 225 229 230 236,ARCATA_CC,DANIEL_MURPHY,119,647,528,0,~  3A--2,ARCATA CITY COUNCILMEMB,DANIEL MURPHY,119,647,0,0,0,0,20,0.00%,3A--2.ARCATA CITY COUNCILMEMBER.DANIEL MURPHY
000054 ,1,1,019 044 141 142 173 174 225 229 230 236,ARCATA_CC,MICHAEL_WINKLER,355,647,292,1,~  3A--2,ARCATA CITY COUNCILMEMB,MICHAEL WINKLER,355,647,0,0,0,0,20,0.00%,3A--2.ARCATA CITY COUNCILMEMBER.MICHAEL WINKLER
000054 ,1,1,019 044 141 142 173 174 225 229 230 236,ARCATA_CC,PAUL_PITINO,275,647,372,1,~  3A--2,ARCATA CITY COUNCILMEMB,PAUL PITINO,275,647,0,0,0,0,20,0.00%,3A--2.ARCATA CITY COUNCILMEMBER.PAUL PITINO
000054 ,1,1,019 044 141 142 173 174 225 229 230 236,ARCATA_CC,SUSAN_ORNELAS,375,647,272,1,~  3A--2,ARCATA CITY COUNCILMEMB,SUSAN ORNELAS,375,647,0,0,0,0,20,0.00%,3A--2.ARCATA CITY COUNCILMEMBER.SUSAN ORNELAS
000054 ,1,1,019 044 141 142 173 174 225 229 230 236,ARCATA_CC,VALERIE_ROSE-CAMPBELL,140,647,507,1,~  3A--2,ARCATA CITY COUNCILMEMB,VALERIE ROSE-CAMPBELL,140,647,0,0,0,0,20,0.00%,3A--2.ARCATA CITY COUNCILMEMBER.VALERIE ROSE-CAMPBELL
000054 ,1,1,019 044 141 142 173 174 225 229 230 236,ARCATA_CC,Write_in,10,1941,1931,0,~  3A--2,ARCATA CITY COUNCILMEMB,Write_in,10,647,0,1294,0,1294,20,0.00%,3A--2.ARCATA CITY COUNCILMEMBER.Write_in
000054 ,2,4,019 044 142 143 173 174 225 229 230 236,MEAS_F,NO,247,648,401,0,~  3A--2,MEASURE F CITY OF ARCAT,NO,247,647,0,1,0,1,66,0.00%,3A--2.MEASURE F CITY OF ARCATA UTILITY USERS TAX..NO
000054 ,2,4,019 044 142 143 173 174 225 229 230 236,MEAS_F,YES,313,648,335,0,~  3A--2,MEASURE F CITY OF ARCAT,YES,313,647,0,1,0,1,66,0.00%,3A--2.MEASURE F CITY OF ARCATA UTILITY USERS TAX..YES
000054 ,2,3,019 044 142 143 173 174 225 229 230 236,MEAS_H,NO,125,648,523,0,~  3A--2,MEASURE H ARCATA SCHOOL,NO,125,647,0,1,0,1,314,0.00%,3A--2.MEASURE H ARCATA SCHOOL DISTRICT PARCEL TAX..NO
000054 ,2,4,019 044 142 143 173 174 225 229 230 236,MEAS_U,YES,362,648,286,1,~  3A--2,MEASURE U LOCAL TRANSPO,YES,362,647,0,1,0,1,155,0.00%,3A--2.MEASURE U LOCAL TRANSPORTATION AUTHORITY RETAIL TRANSACTIONS AND USE TAX..YES
000054 ,2,4,019 044 142 143 173 174 225 229 230 236,MEAS_V,NO,181,648,467,0,~  3A--2,MEASURE V MOBILE HOME P,NO,181,647,0,1,0,1,204,0.00%,3A--2.MEASURE V MOBILE HOME PARK SPACE RENT STABILIZATION..NO
000054 ,2,4,019 044 142 143 173 174 225 229 230 236,MEAS_V,YES,385,648,263,0,~  3A--2,MEASURE V MOBILE HOME P,YES,385,647,0,1,0,1,204,0.00%,3A--2.MEASURE V MOBILE HOME PARK SPACE RENT STABILIZATION..YES
000054 ,1,1,019 044 141 142 173 174 225 229 230 236,PRES,DONALD_J_TRUMP,79,647,568,0,~  3A--2,PRESIDENT AND VICE PRES,DONALD J. TRUMP      ,79,647,0,0,0,0,379,0.00%,3A--2.PRESIDENT AND VICE PRESIDENT.DONALD J. TRUMP      and MICHAEL R. PENCE
000054 ,1,1,019 044 141 142 173 174 225 229 230 236,PRES,GLORIA_ESTELA_LA_RIVA,3,647,644,0,~  3A--2,PRESIDENT AND VICE PRES,GLORIA ESTELA LA RIVA,3,647,0,0,0,0,379,0.00%,3A--2.PRESIDENT AND VICE PRESIDENT.GLORIA ESTELA LA RIVA      and DENNIS J. BANKS
000054 ,1,1,019 044 141 142 173 174 225 229 230 236,PROP_53,NO,387,647,260,5,~  3A--2,PROPOSITION 53 REVENUE ,NO,387,647,0,0,0,0,187,0.00%,3A--2.PROPOSITION 53 REVENUE BONDS. STATEWIDE VOTER APPROVAL. INITIATIVE CONSTITUTIONAL AMENDMENT..NO
000054 ,1,2,019 044 141 142 173 174 225 229 230 236,PROP_56,NO,171,646,475,0,~  3A--2,PROPOSITION 56 CIGARETT,NO,171,647,0,-1,0,1,278,0.00%,"3A--2.PROPOSITION 56 CIGARETTE TAX TO FUND HEALTHCARE, TOBACCO USE PREVENTION, RESEARCH, AND.NO"
000054 ,1,2,019 044 141 142 173 174 225 229 230 236,PROP_56,YES,449,646,197,0,~  3A--2,PROPOSITION 56 CIGARETT,YES,449,647,0,-1,0,1,278,0.00%,"3A--2.PROPOSITION 56 CIGARETTE TAX TO FUND HEALTHCARE, TOBACCO USE PREVENTION, RESEARCH, AND.YES"
000054 ,1,2,019 044 141 142 173 174 225 229 230 236,PROP_58,YES,513,646,133,0,~  3A--2,PROPOSITION 58 ENGLISH ,YES,513,647,0,-1,0,1,433,0.00%,3A--2.PROPOSITION 58 ENGLISH PROFICIENCY. MULTILINGUAL EDUCATION. INITIATIVE STATUTE..YES
000054 ,2,3,019 044 142 143 173 174 225 229 230 236,PROP_63,NO,169,648,479,0,~  3A--2,PROPOSITION 63 FIREARMS,NO,169,647,0,1,0,1,281,0.00%,3A--2.PROPOSITION 63 FIREARMS. AMMUNITION SALES. INITIATIVE STATUTE..NO
000054 ,2,3,019 044 142 143 173 174 225 229 230 236,PROP_63,YES,450,648,198,0,~  3A--2,PROPOSITION 63 FIREARMS,YES,450,647,0,1,0,1,281,0.00%,3A--2.PROPOSITION 63 FIREARMS. AMMUNITION SALES. INITIATIVE STATUTE..YES
000054 ,2,3,019 044 142 143 173 174 225 229 230 236,PROP_65,NO,316,648,332,3,~  3A--2,PROPOSITION 65 CARRYOUT,NO,316,647,0,1,0,1,25,0.00%,3A--2.PROPOSITION 65 CARRYOUT BAGS. CHARGES. INITIATIVE STATUTE..NO
000054 ,2,3,019 044 142 143 173 174 225 229 230 236,PROP_66,NO,404,648,244,2,~  3A--2,PROPOSITION 66 DEATH PE,NO,404,647,0,1,0,1,241,0.00%,3A--2.PROPOSITION 66 DEATH PENALTY. PROCEDURES. INITIATIVE STATUTE..NO
000054 ,2,3,019 044 142 143 173 174 225 229 230 236,PROP_67,NO,130,648,518,1,~  3A--2,PROPOSITION 67 BAN ON S,NO,130,647,0,1,0,1,359,0.00%,3A--2.PROPOSITION 67 BAN ON SINGLE-USE PLASTIC BAGS. REFERENDUM..NO
000054 ,2,3,019 044 142 143 173 174 225 229 230 236,PROP_67,YES,489,648,159,1,~  3A--2,PROPOSITION 67 BAN ON S,YES,489,647,0,1,0,1,359,0.00%,3A--2.PROPOSITION 67 BAN ON SINGLE-USE PLASTIC BAGS. REFERENDUM..YES
000054 ,1,1,019 044 141 142 173 174 225 229 230 236,STATEASS2,JIM_WOOD,452,647,195,0,~  3A--2,"STATE ASSEMBLY, DISTRIC",JIM WOOD,452,647,0,0,0,0,348,0.00%,"3A--2.STATE ASSEMBLY, DISTRICT 2.JIM WOOD"
000054 ,1,1,019 044 141 142 173 174 225 229 230 236,STATEASS2,KEN_ANTON,104,647,543,0,~  3A--2,"STATE ASSEMBLY, DISTRIC",KEN ANTON,104,647,0,0,0,0,348,0.00%,"3A--2.STATE ASSEMBLY, DISTRICT 2.KEN ANTON"
000054 ,1,1,019 044 141 142 173 174 225 229 230 236,USREP,DALE_K_MENSING,78,647,569,0,~  3A--2,US REPRESENTATIVE IN CO,DALE K. MENSING,78,647,0,0,0,0,450,0.00%,"3A--2.US REPRESENTATIVE IN CONGRESS, DISTRICT 2.DALE K. MENSING"
000054 ,1,1,019 044 141 142 173 174 225 229 230 236,USREP,JARED_W_HUFFMAN,528,647,119,0,~  3A--2,US REPRESENTATIVE IN CO,JARED W. HUFFMAN,528,647,0,0,0,0,450,0.00%,"3A--2.US REPRESENTATIVE IN CONGRESS, DISTRICT 2.JARED W. HUFFMAN"
000055 ,1,1,018 019 045 140 141 174 175 225 229 230 236,ARCATA_CC,Write_in,15,2172,2157,0,~  3A--3,ARCATA CITY COUNCILMEMB,Write_in,15,724,0,1448,0,1448,54,0.00%,3A--3.ARCATA CITY COUNCILMEMBER.Write_in
000055 ,2,3,018 019 045 141 174 175 225 230 236,MEAS_H,NO,123,717,594,1,~  3A--3,MEASURE H ARCATA SCHOOL,NO,123,724,0,-7,0,7,408,0.00%,3A--3.MEASURE H ARCATA SCHOOL DISTRICT PARCEL TAX..NO
000055 ,2,3,018 019 045 141 174 175 225 230 236,MEAS_H,YES,531,717,186,1,~  3A--3,MEASURE H ARCATA SCHOOL,YES,531,724,0,-7,0,7,408,0.00%,3A--3.MEASURE H ARCATA SCHOOL DISTRICT PARCEL TAX..YES
000055 ,2,3,018 019 045 141 174 175 225 230 236,MEAS_I,BONDS_NO,154,717,563,0,~  3A--3,MEASURE I ARCATA SCHOOL,BONDS NO,154,724,0,-7,0,7,324,0.00%,3A--3.MEASURE I ARCATA SCHOOL DISTRICT BOND MEASURE..BONDS NO
000055 ,2,3,018 019 045 141 174 175 225 230 236,MEAS_I,BONDS_YES,478,717,239,0,~  3A--3,MEASURE I ARCATA SCHOOL,BONDS YES,478,724,0,-7,0,7,324,0.00%,3A--3.MEASURE I ARCATA SCHOOL DISTRICT BOND MEASURE..BONDS YES
000055 ,2,4,018 019 045 141 174 175 225 230 236,MEAS_V,NO,194,717,523,3,~  3A--3,MEASURE V MOBILE HOME P,NO,194,724,0,-7,0,7,228,0.00%,3A--3.MEASURE V MOBILE HOME PARK SPACE RENT STABILIZATION..NO
000055 ,1,1,018 019 045 140 141 174 175 225 229 230 236,PRES,DONALD_J_TRUMP,72,724,652,0,~  3A--3,PRESIDENT AND VICE PRES,DONALD J. TRUMP      ,72,724,0,0,0,0,454,0.00%,3A--3.PRESIDENT AND VICE PRESIDENT.DONALD J. TRUMP      and MICHAEL R. PENCE
000055 ,1,1,018 019 045 140 141 174 175 225 229 230 236,PRES,GLORIA_ESTELA_LA_RIVA,5,724,719,0,~  3A--3,PRESIDENT AND VICE PRES,GLORIA ESTELA LA RIVA,5,724,0,0,0,0,454,0.00%,3A--3.PRESIDENT AND VICE PRESIDENT.GLORIA ESTELA LA RIVA      and DENNIS J. BANKS
000055 ,1,1,018 019 045 140 141 174 175 225 229 230 236,PRES,HILLARY_CLINTON,526,724,198,0,~  3A--3,PRESIDENT AND VICE PRES,HILLARY CLINTON      ,526,724,0,0,0,0,454,0.00%,3A--3.PRESIDENT AND VICE PRESIDENT.HILLARY CLINTON      and TIM KAINE
000055 ,1,1,018 019 045 140 141 174 175 225 229 230 236,PRES,Write_in,25,724,699,0,~  3A--3,PRESIDENT AND VICE PRES,Write_in,25,724,0,0,0,0,454,0.00%,3A--3.PRESIDENT AND VICE PRESIDENT.Write_in
000055 ,1,1,018 019 045 140 141 174 175 225 229 230 236,PROP_51,NO,245,724,479,0,~  3A--3,PROPOSITION 51 SCHOOL B,NO,245,724,0,0,0,0,184,0.00%,3A--3.PROPOSITION 51 SCHOOL BONDS. FUNDING FOR K-12 SCHOOL AND COMMUNITY COLLEGE FACILITIES. INITIATIVE.NO
000055 ,1,1,018 019 045 140 141 174 175 225 229 230 236,PROP_51,YES,429,724,295,0,~  3A--3,PROPOSITION 51 SCHOOL B,YES,429,724,0,0,0,0,184,0.00%,3A--3.PROPOSITION 51 SCHOOL BONDS. FUNDING FOR K-12 SCHOOL AND COMMUNITY COLLEGE FACILITIES. INITIATIVE.YES
000055 ,1,2,018 019 045 140 141 174 175 225 229 230 236,PROP_55,NO,81,723,642,0,~  3A--3,PROPOSITION 55 TAX EXTE,NO,81,724,0,-1,0,1,511,0.00%,3A--3.PROPOSITION 55 TAX EXTENSION TO FUND EDUCATION AND HEALTHCARE. INITIATIVE CONSTITUTIONAL AMENDMENT..NO
000055 ,1,2,018 019 045 140 141 174 175 225 229 230 236,PROP_55,YES,592,723,131,0,~  3A--3,PROPOSITION 55 TAX EXTE,YES,592,724,0,-1,0,1,511,0.00%,3A--3.PROPOSITION 55 TAX EXTENSION TO FUND EDUCATION AND HEALTHCARE. INITIATIVE CONSTITUTIONAL AMENDMENT..YES
000055 ,1,2,018 019 045 140 141 174 175 225 229 230 236,PROP_56,NO,182,723,541,0,~  3A--3,PROPOSITION 56 CIGARETT,NO,182,724,0,-1,0,1,325,0.00%,"3A--3.PROPOSITION 56 CIGARETTE TAX TO FUND HEALTHCARE, TOBACCO USE PREVENTION, RESEARCH, AND.NO"
000055 ,1,2,018 019 045 140 141 174 175 225 229 230 236,PROP_57,NO,103,723,620,2,~  3A--3,PROPOSITION 57 CRIMINAL,NO,103,724,0,-1,0,1,470,0.00%,3A--3.PROPOSITION 57 CRIMINAL SENTENCES. PAROLE. JUVENILE CRIMINAL PROCEEDINGS AND SENTENCING. INITIATIVE.NO
000055 ,1,2,018 019 045 140 141 174 175 225 229 230 236,PROP_58,YES,583,723,140,1,~  3A--3,PROPOSITION 58 ENGLISH ,YES,583,724,0,-1,0,1,491,0.00%,3A--3.PROPOSITION 58 ENGLISH PROFICIENCY. MULTILINGUAL EDUCATION. INITIATIVE STATUTE..YES
000055 ,1,2,018 019 045 140 141 174 175 225 229 230 236,PROP_59,YES,516,723,207,1,~  3A--3,PROPOSITION 59 CORPORAT,YES,516,724,0,-1,0,1,376,0.00%,3A--3.PROPOSITION 59 CORPORATIONS. POLITICAL SPENDING. FEDERAL CONSTITUTIONAL PROTECTIONS..YES
000055 ,1,2,018 019 045 140 141 174 175 225 229 230 236,PROP_61,YES,429,723,294,0,~  3A--3,PROPOSITION 61 STATE PR,YES,429,724,0,-1,0,1,215,0.00%,3A--3.PROPOSITION 61 STATE PRESCRIPTION DRUG PURCHASES. PRICING STANDARDS. INITIATIVE STATUTE..YES
000055 ,2,3,018 019 045 141 174 175 225 230 236,PROP_63,NO,189,717,528,3,~  3A--3,PROPOSITION 63 FIREARMS,NO,189,724,0,-7,0,7,311,0.00%,3A--3.PROPOSITION 63 FIREARMS. AMMUNITION SALES. INITIATIVE STATUTE..NO
000055 ,2,3,018 019 045 141 174 175 225 230 236,PROP_66,NO,432,717,285,1,~  3A--3,PROPOSITION 66 DEATH PE,NO,432,724,0,-7,0,7,233,0.00%,3A--3.PROPOSITION 66 DEATH PENALTY. PROCEDURES. INITIATIVE STATUTE..NO
000055 ,2,3,018 019 045 141 174 175 225 230 236,PROP_67,YES,576,717,141,1,~  3A--3,PROPOSITION 67 BAN ON S,YES,576,724,0,-7,0,7,464,0.00%,3A--3.PROPOSITION 67 BAN ON SINGLE-USE PLASTIC BAGS. REFERENDUM..YES
000055 ,1,1,018 019 045 140 141 174 175 225 229 230 236,STATEASS2,JIM_WOOD,517,724,207,0,~  3A--3,"STATE ASSEMBLY, DISTRIC",JIM WOOD,517,724,0,0,0,0,395,0.00%,"3A--3.STATE ASSEMBLY, DISTRICT 2.JIM WOOD"
000055 ,1,1,018 019 045 140 141 174 175 225 229 230 236,STATEASS2,KEN_ANTON,122,724,602,0,~  3A--3,"STATE ASSEMBLY, DISTRIC",KEN ANTON,122,724,0,0,0,0,395,0.00%,"3A--3.STATE ASSEMBLY, DISTRICT 2.KEN ANTON"
000055 ,1,1,018 019 045 140 141 174 175 225 229 230 236,USREP,DALE_K_MENSING,70,724,654,0,~  3A--3,US REPRESENTATIVE IN CO,DALE K. MENSING,70,724,0,0,0,0,537,0.00%,"3A--3.US REPRESENTATIVE IN CONGRESS, DISTRICT 2.DALE K. MENSING"
000055 ,1,1,018 019 045 140 141 174 175 225 229 230 236,USREP,JARED_W_HUFFMAN,607,724,117,0,~  3A--3,US REPRESENTATIVE IN CO,JARED W. HUFFMAN,607,724,0,0,0,0,537,0.00%,"3A--3.US REPRESENTATIVE IN CONGRESS, DISTRICT 2.JARED W. HUFFMAN"
000056 ,1,1,018 022 045 139 140 171 172 225 229 230,ARCATA_CC,DANIEL_MURPHY,96,580,484,0,~  3A--4,ARCATA CITY COUNCILMEMB,DANIEL MURPHY,96,580,0,0,0,0,47,0.00%,3A--4.ARCATA CITY COUNCILMEMBER.DANIEL MURPHY
000056 ,1,1,018 022 045 139 140 171 172 225 229 230,ARCATA_CC,MICHAEL_WINKLER,268,580,312,0,~  3A--4,ARCATA CITY COUNCILMEMB,MICHAEL WINKLER,268,580,0,0,0,0,47,0.00%,3A--4.ARCATA CITY COUNCILMEMBER.MICHAEL WINKLER
000056 ,1,1,018 022 045 139 140 171 172 225 229 230,ARCATA_CC,PAUL_PITINO,269,580,311,0,~  3A--4,ARCATA CITY COUNCILMEMB,PAUL PITINO,269,580,0,0,0,0,47,0.00%,3A--4.ARCATA CITY COUNCILMEMBER.PAUL PITINO
000056 ,1,1,018 022 045 139 140 171 172 225 229 230,ARCATA_CC,SUSAN_ORNELAS,316,580,264,0,~  3A--4,ARCATA CITY COUNCILMEMB,SUSAN ORNELAS,316,580,0,0,0,0,47,0.00%,3A--4.ARCATA CITY COUNCILMEMBER.SUSAN ORNELAS
000056 ,1,1,018 022 045 139 140 171 172 225 229 230,ARCATA_CC,VALERIE_ROSE-CAMPBELL,132,580,448,0,~  3A--4,ARCATA CITY COUNCILMEMB,VALERIE ROSE-CAMPBELL,132,580,0,0,0,0,47,0.00%,3A--4.ARCATA CITY COUNCILMEMBER.VALERIE ROSE-CAMPBELL
000056 ,1,1,018 022 045 139 140 171 172 225 229 230,ARCATA_CC,Write_in,5,1740,1735,0,~  3A--4,ARCATA CITY COUNCILMEMB,Write_in,5,580,0,1160,0,1160,47,0.00%,3A--4.ARCATA CITY COUNCILMEMBER.Write_in
000056 ,2,4,018 022 045 140 171 172 225 230,MEAS_F,YES,270,579,309,0,~  3A--4,MEASURE F CITY OF ARCAT,YES,270,580,0,-1,0,1,47,0.00%,3A--4.MEASURE F CITY OF ARCATA UTILITY USERS TAX..YES
000056 ,2,3,018 022 045 140 171 172 225 230,MEAS_H,NO,74,579,505,0,~  3A--4,MEASURE H ARCATA SCHOOL,NO,74,580,0,-1,0,1,361,0.00%,3A--4.MEASURE H ARCATA SCHOOL DISTRICT PARCEL TAX..NO
000056 ,2,3,018 022 045 140 171 172 225 230,MEAS_H,YES,435,579,144,0,~  3A--4,MEASURE H ARCATA SCHOOL,YES,435,580,0,-1,0,1,361,0.00%,3A--4.MEASURE H ARCATA SCHOOL DISTRICT PARCEL TAX..YES
000056 ,2,3,018 022 045 140 171 172 225 230,MEAS_I,BONDS_NO,105,579,474,0,~  3A--4,MEASURE I ARCATA SCHOOL,BONDS NO,105,580,0,-1,0,1,283,0.00%,3A--4.MEASURE I ARCATA SCHOOL DISTRICT BOND MEASURE..BONDS NO
000056 ,2,3,018 022 045 140 171 172 225 230,MEAS_R,YES,266,579,313,0,~  3A--4,MEASURE R HUMBOLDT COUN,YES,266,580,0,-1,0,1,99,0.00%,3A--4.MEASURE R HUMBOLDT COUNTY FINANCE DEPARTMENT ELECTIVE OFFICE MEASURE..YES
000056 ,2,3,018 022 045 140 171 172 225 230,MEAS_S,YES,372,579,207,1,~  3A--4,MEASURE S HUMBOLDT COUN,YES,372,580,0,-1,0,1,231,0.00%,3A--4.MEASURE S HUMBOLDT COUNTY COMMERCIAL MARIJUANA CULTIVATION MEASURE..YES
000056 ,2,4,018 022 045 140 171 172 225 230,MEAS_U,NO,135,579,444,0,~  3A--4,MEASURE U LOCAL TRANSPO,NO,135,580,0,-1,0,1,211,0.00%,3A--4.MEASURE U LOCAL TRANSPORTATION AUTHORITY RETAIL TRANSACTIONS AND USE TAX..NO
000056 ,2,4,018 022 045 140 171 172 225 230,MEAS_V,NO,143,579,436,0,~  3A--4,MEASURE V MOBILE HOME P,NO,143,580,0,-1,0,1,192,0.00%,3A--4.MEASURE V MOBILE HOME PARK SPACE RENT STABILIZATION..NO
000056 ,2,4,018 022 045 140 171 172 225 230,MEAS_V,YES,335,579,244,0,~  3A--4,MEASURE V MOBILE HOME P,YES,335,580,0,-1,0,1,192,0.00%,3A--4.MEASURE V MOBILE HOME PARK SPACE RENT STABILIZATION..YES
000056 ,1,1,018 022 045 139 140 171 172 225 229 230,PRES,DONALD_J_TRUMP,35,580,545,0,~  3A--4,PRESIDENT AND VICE PRES,DONALD J. TRUMP      ,35,580,0,0,0,0,391,0.00%,3A--4.PRESIDENT AND VICE PRESIDENT.DONALD J. TRUMP      and MICHAEL R. PENCE
000056 ,1,1,018 022 045 139 140 171 172 225 229 230,PRES,GARY_JOHNSON,17,580,563,0,~  3A--4,PRESIDENT AND VICE PRES,GARY JOHNSON      and,17,580,0,0,0,0,391,0.00%,3A--4.PRESIDENT AND VICE PRESIDENT.GARY JOHNSON      and BILL WELD
000056 ,1,1,018 022 045 139 140 171 172 225 229 230,PRES,HILLARY_CLINTON,442,580,138,0,~  3A--4,PRESIDENT AND VICE PRES,HILLARY CLINTON      ,442,580,0,0,0,0,391,0.00%,3A--4.PRESIDENT AND VICE PRESIDENT.HILLARY CLINTON      and TIM KAINE
000056 ,1,1,018 022 045 139 140 171 172 225 229 230,PRES,JILL_STEIN,51,580,529,0,~  3A--4,PRESIDENT AND VICE PRES,JILL STEIN      and A,51,580,0,0,0,0,391,0.00%,3A--4.PRESIDENT AND VICE PRESIDENT.JILL STEIN      and AJAMU BARAKA
000056 ,1,1,018 022 045 139 140 171 172 225 229 230,PRES,Write_in,18,580,562,0,~  3A--4,PRESIDENT AND VICE PRES,Write_in,18,580,0,0,0,0,391,0.00%,3A--4.PRESIDENT AND VICE PRESIDENT.Write_in
000056 ,1,1,018 022 045 139 140 171 172 225 229 230,PROP_51,NO,184,580,396,1,~  3A--4,PROPOSITION 51 SCHOOL B,NO,184,580,0,0,0,0,164,0.00%,3A--4.PROPOSITION 51 SCHOOL BONDS. FUNDING FOR K-12 SCHOOL AND COMMUNITY COLLEGE FACILITIES. INITIATIVE.NO
000056 ,1,1,018 022 045 139 140 171 172 225 229 230,PROP_53,NO,283,580,297,1,~  3A--4,PROPOSITION 53 REVENUE ,NO,283,580,0,0,0,0,62,0.00%,3A--4.PROPOSITION 53 REVENUE BONDS. STATEWIDE VOTER APPROVAL. INITIATIVE CONSTITUTIONAL AMENDMENT..NO
000056 ,1,1,018 022 045 139 140 171 172 225 229 230,PROP_54,NO,178,580,402,0,~  3A--4,PROPOSITION 54 LEGISLAT,NO,178,580,0,0,0,0,163,0.00%,3A--4.PROPOSITION 54 LEGISLATURE. LEGISLATION AND PROCEEDINGS. INITIATIVE CONSTITUTIONAL AMENDMENT AND.NO
000056 ,1,1,018 022 045 139 140 171 172 225 229 230,PROP_54,YES,341,580,239,0,~  3A--4,PROPOSITION 54 LEGISLAT,YES,341,580,0,0,0,0,163,0.00%,3A--4.PROPOSITION 54 LEGISLATURE. LEGISLATION AND PROCEEDINGS. INITIATIVE CONSTITUTIONAL AMENDMENT AND.YES
000056 ,1,2,018 022 045 139 140 171 172 225 229 230,PROP_55,NO,53,580,527,0,~  3A--4,PROPOSITION 55 TAX EXTE,NO,53,580,0,0,0,0,432,0.00%,3A--4.PROPOSITION 55 TAX EXTENSION TO FUND EDUCATION AND HEALTHCARE. INITIATIVE CONSTITUTIONAL AMENDMENT..NO
000056 ,1,2,018 022 045 139 140 171 172 225 229 230,PROP_55,YES,485,580,95,0,~  3A--4,PROPOSITION 55 TAX EXTE,YES,485,580,0,0,0,0,432,0.00%,3A--4.PROPOSITION 55 TAX EXTENSION TO FUND EDUCATION AND HEALTHCARE. INITIATIVE CONSTITUTIONAL AMENDMENT..YES
000056 ,1,2,018 022 045 139 140 171 172 225 229 230,PROP_57,YES,463,580,117,3,~  3A--4,PROPOSITION 57 CRIMINAL,YES,463,580,0,0,0,0,390,0.00%,3A--4.PROPOSITION 57 CRIMINAL SENTENCES. PAROLE. JUVENILE CRIMINAL PROCEEDINGS AND SENTENCING. INITIATIVE.YES
000056 ,1,2,018 022 045 139 140 171 172 225 229 230,PROP_58,NO,65,580,515,0,~  3A--4,PROPOSITION 58 ENGLISH ,NO,65,580,0,0,0,0,403,0.00%,3A--4.PROPOSITION 58 ENGLISH PROFICIENCY. MULTILINGUAL EDUCATION. INITIATIVE STATUTE..NO
000056 ,1,2,018 022 045 139 140 171 172 225 229 230,PROP_58,YES,468,580,112,0,~  3A--4,PROPOSITION 58 ENGLISH ,YES,468,580,0,0,0,0,403,0.00%,3A--4.PROPOSITION 58 ENGLISH PROFICIENCY. MULTILINGUAL EDUCATION. INITIATIVE STATUTE..YES
000056 ,1,2,018 022 045 139 140 171 172 225 229 230,PROP_59,NO,113,580,467,0,~  3A--4,PROPOSITION 59 CORPORAT,NO,113,580,0,0,0,0,290,0.00%,3A--4.PROPOSITION 59 CORPORATIONS. POLITICAL SPENDING. FEDERAL CONSTITUTIONAL PROTECTIONS..NO
000056 ,1,2,018 022 045 139 140 171 172 225 229 230,PROP_59,YES,403,580,177,0,~  3A--4,PROPOSITION 59 CORPORAT,YES,403,580,0,0,0,0,290,0.00%,3A--4.PROPOSITION 59 CORPORATIONS. POLITICAL SPENDING. FEDERAL CONSTITUTIONAL PROTECTIONS..YES
000056 ,1,2,018 022 045 139 140 171 172 225 229 230,PROP_60,NO,332,580,248,0,~  3A--4,PROPOSITION 60 ADULT FI,NO,332,580,0,0,0,0,139,0.00%,3A--4.PROPOSITION 60 ADULT FILMS. CONDOMS. HEALTH REQUIREMENTS. INITIATIVE STATUTE..NO
000056 ,1,2,018 022 045 139 140 171 172 225 229 230,PROP_61,NO,132,580,448,1,~  3A--4,PROPOSITION 61 STATE PR,NO,132,580,0,0,0,0,242,0.00%,3A--4.PROPOSITION 61 STATE PRESCRIPTION DRUG PURCHASES. PRICING STANDARDS. INITIATIVE STATUTE..NO
000056 ,1,2,018 022 045 139 140 171 172 225 229 230,PROP_62,YES,393,580,187,2,~  3A--4,PROPOSITION 62 DEATH PE,YES,393,580,0,0,0,0,250,0.00%,3A--4.PROPOSITION 62 DEATH PENALTY. INITIATIVE STATUTE..YES
000056 ,2,3,018 022 045 140 171 172 225 230,PROP_63,YES,426,579,153,1,~  3A--4,PROPOSITION 63 FIREARMS,YES,426,580,0,-1,0,1,299,0.00%,3A--4.PROPOSITION 63 FIREARMS. AMMUNITION SALES. INITIATIVE STATUTE..YES
000056 ,2,3,018 022 045 140 171 172 225 230,PROP_65,NO,235,579,344,3,~  3A--4,PROPOSITION 65 CARRYOUT,NO,235,580,0,-1,0,1,66,0.00%,3A--4.PROPOSITION 65 CARRYOUT BAGS. CHARGES. INITIATIVE STATUTE..NO
000056 ,2,3,018 022 045 140 171 172 225 230,PROP_66,NO,331,579,248,2,~  3A--4,PROPOSITION 66 DEATH PE,NO,331,580,0,-1,0,1,169,0.00%,3A--4.PROPOSITION 66 DEATH PENALTY. PROCEDURES. INITIATIVE STATUTE..NO
000056 ,2,3,018 022 045 140 171 172 225 230,PROP_67,YES,474,579,105,1,~  3A--4,PROPOSITION 67 BAN ON S,YES,474,580,0,-1,0,1,403,0.00%,3A--4.PROPOSITION 67 BAN ON SINGLE-USE PLASTIC BAGS. REFERENDUM..YES
000056 ,1,1,018 022 045 139 140 171 172 225 229 230,STATEASS2,JIM_WOOD,413,580,167,0,~  3A--4,"STATE ASSEMBLY, DISTRIC",JIM WOOD,413,580,0,0,0,0,318,0.00%,"3A--4.STATE ASSEMBLY, DISTRICT 2.JIM WOOD"
000056 ,1,1,018 022 045 139 140 171 172 225 229 230,STATEASS2,KEN_ANTON,95,580,485,0,~  3A--4,"STATE ASSEMBLY, DISTRIC",KEN ANTON,95,580,0,0,0,0,318,0.00%,"3A--4.STATE ASSEMBLY, DISTRICT 2.KEN ANTON"
000056 ,1,1,018 022 045 139 140 171 172 225 229 230,USREP,DALE_K_MENSING,42,580,538,0,~  3A--4,US REPRESENTATIVE IN CO,DALE K. MENSING,42,580,0,0,0,0,451,0.00%,"3A--4.US REPRESENTATIVE IN CONGRESS, DISTRICT 2.DALE K. MENSING"
000056 ,1,1,018 022 045 139 140 171 172 225 229 230,USREP,JARED_W_HUFFMAN,493,580,87,0,~  3A--4,US REPRESENTATIVE IN CO,JARED W. HUFFMAN,493,580,0,0,0,0,451,0.00%,"3A--4.US REPRESENTATIVE IN CONGRESS, DISTRICT 2.JARED W. HUFFMAN"
000057 ,1,1,019 044 143 144 172 225 229 230 236,ARCATA_CC,DANIEL_MURPHY,109,581,472,0,~  3A--7,ARCATA CITY COUNCILMEMB,DANIEL MURPHY,109,581,0,0,0,0,19,0.00%,3A--7.ARCATA CITY COUNCILMEMBER.DANIEL MURPHY
000057 ,1,1,019 044 143 144 172 225 229 230 236,ARCATA_CC,PAUL_PITINO,285,581,296,1,~  3A--7,ARCATA CITY COUNCILMEMB,PAUL PITINO,285,581,0,0,0,0,19,0.00%,3A--7.ARCATA CITY COUNCILMEMBER.PAUL PITINO
000057 ,1,1,019 044 143 144 172 225 229 230 236,ARCATA_CC,SUSAN_ORNELAS,304,581,277,1,~  3A--7,ARCATA CITY COUNCILMEMB,SUSAN ORNELAS,304,581,0,0,0,0,19,0.00%,3A--7.ARCATA CITY COUNCILMEMBER.SUSAN ORNELAS
000057 ,1,1,019 044 143 144 172 225 229 230 236,ARCATA_CC,VALERIE_ROSE-CAMPBELL,121,581,460,1,~  3A--7,ARCATA CITY COUNCILMEMB,VALERIE ROSE-CAMPBELL,121,581,0,0,0,0,19,0.00%,3A--7.ARCATA CITY COUNCILMEMBER.VALERIE ROSE-CAMPBELL
000057 ,1,1,019 044 143 144 172 225 229 230 236,ARCATA_CC,Write_in,14,1743,1729,0,~  3A--7,ARCATA CITY COUNCILMEMB,Write_in,14,581,0,1162,0,1162,19,0.00%,3A--7.ARCATA CITY COUNCILMEMBER.Write_in
000057 ,2,4,019 044 144 145 172 225 230 236,MEAS_F,NO,225,580,355,0,~  3A--7,MEASURE F CITY OF ARCAT,NO,225,581,0,-1,0,1,47,0.00%,3A--7.MEASURE F CITY OF ARCATA UTILITY USERS TAX..NO
000057 ,2,4,019 044 144 145 172 225 230 236,MEAS_F,YES,272,580,308,0,~  3A--7,MEASURE F CITY OF ARCAT,YES,272,581,0,-1,0,1,47,0.00%,3A--7.MEASURE F CITY OF ARCATA UTILITY USERS TAX..YES
000057 ,2,3,019 044 144 145 172 225 230 236,MEAS_H,YES,415,580,165,0,~  3A--7,MEASURE H ARCATA SCHOOL,YES,415,581,0,-1,0,1,311,0.00%,3A--7.MEASURE H ARCATA SCHOOL DISTRICT PARCEL TAX..YES
000057 ,2,3,019 044 144 145 172 225 230 236,MEAS_I,BONDS_NO,128,580,452,0,~  3A--7,MEASURE I ARCATA SCHOOL,BONDS NO,128,581,0,-1,0,1,260,0.00%,3A--7.MEASURE I ARCATA SCHOOL DISTRICT BOND MEASURE..BONDS NO
000057 ,2,3,019 044 144 145 172 225 230 236,MEAS_I,BONDS_YES,388,580,192,0,~  3A--7,MEASURE I ARCATA SCHOOL,BONDS YES,388,581,0,-1,0,1,260,0.00%,3A--7.MEASURE I ARCATA SCHOOL DISTRICT BOND MEASURE..BONDS YES
000057 ,2,3,019 044 144 145 172 225 230 236,MEAS_Q,NO,225,580,355,0,~  3A--7,MEASURE Q HUMBOLDT COUN,NO,225,581,0,-1,0,1,11,0.00%,3A--7.MEASURE Q HUMBOLDT COUNTY CREATION OF FINANCE DEPARTMENT MEASURE..NO
000057 ,2,3,019 044 144 145 172 225 230 236,MEAS_R,NO,200,580,380,1,~  3A--7,MEASURE R HUMBOLDT COUN,NO,200,581,0,-1,0,1,80,0.00%,3A--7.MEASURE R HUMBOLDT COUNTY FINANCE DEPARTMENT ELECTIVE OFFICE MEASURE..NO
000057 ,2,4,019 044 144 145 172 225 230 236,MEAS_U,YES,351,580,229,1,~  3A--7,MEASURE U LOCAL TRANSPO,YES,351,581,0,-1,0,1,198,0.00%,3A--7.MEASURE U LOCAL TRANSPORTATION AUTHORITY RETAIL TRANSACTIONS AND USE TAX..YES
000057 ,2,4,019 044 144 145 172 225 230 236,MEAS_V,NO,151,580,429,2,~  3A--7,MEASURE V MOBILE HOME P,NO,151,581,0,-1,0,1,208,0.00%,3A--7.MEASURE V MOBILE HOME PARK SPACE RENT STABILIZATION..NO
000057 ,1,1,019 044 143 144 172 225 229 230 236,PRES,DONALD_J_TRUMP,54,581,527,0,~  3A--7,PRESIDENT AND VICE PRES,DONALD J. TRUMP      ,54,581,0,0,0,0,326,0.00%,3A--7.PRESIDENT AND VICE PRESIDENT.DONALD J. TRUMP      and MICHAEL R. PENCE
000057 ,1,1,019 044 143 144 172 225 229 230 236,PRES,GARY_JOHNSON,18,581,563,0,~  3A--7,PRESIDENT AND VICE PRES,GARY JOHNSON      and,18,581,0,0,0,0,326,0.00%,3A--7.PRESIDENT AND VICE PRESIDENT.GARY JOHNSON      and BILL WELD
000057 ,1,1,019 044 143 144 172 225 229 230 236,PRES,GLORIA_ESTELA_LA_RIVA,3,581,578,0,~  3A--7,PRESIDENT AND VICE PRES,GLORIA ESTELA LA RIVA,3,581,0,0,0,0,326,0.00%,3A--7.PRESIDENT AND VICE PRESIDENT.GLORIA ESTELA LA RIVA      and DENNIS J. BANKS
000057 ,1,1,019 044 143 144 172 225 229 230 236,PRES,HILLARY_CLINTON,396,581,185,0,~  3A--7,PRESIDENT AND VICE PRES,HILLARY CLINTON      ,396,581,0,0,0,0,326,0.00%,3A--7.PRESIDENT AND VICE PRESIDENT.HILLARY CLINTON      and TIM KAINE
000057 ,1,1,019 044 143 144 172 225 229 230 236,PRES,Write_in,26,581,555,0,~  3A--7,PRESIDENT AND VICE PRES,Write_in,26,581,0,0,0,0,326,0.00%,3A--7.PRESIDENT AND VICE PRESIDENT.Write_in
000057 ,1,1,019 044 143 144 172 225 229 230 236,PROP_51,NO,218,581,363,1,~  3A--7,PROPOSITION 51 SCHOOL B,NO,218,581,0,0,0,0,117,0.00%,3A--7.PROPOSITION 51 SCHOOL BONDS. FUNDING FOR K-12 SCHOOL AND COMMUNITY COLLEGE FACILITIES. INITIATIVE.NO
000057 ,1,1,019 044 143 144 172 225 229 230 236,PROP_51,YES,335,581,246,1,~  3A--7,PROPOSITION 51 SCHOOL B,YES,335,581,0,0,0,0,117,0.00%,3A--7.PROPOSITION 51 SCHOOL BONDS. FUNDING FOR K-12 SCHOOL AND COMMUNITY COLLEGE FACILITIES. INITIATIVE.YES
000057 ,1,1,019 044 143 144 172 225 229 230 236,PROP_52,NO,114,581,467,1,~  3A--7,PROPOSITION 52 MEDI-CAL,NO,114,581,0,0,0,0,311,0.00%,3A--7.PROPOSITION 52 MEDI-CAL HOSPITAL FEE PROGRAM. INITIATIVE CONSTITUTIONAL AMENDMENT AND STATUTE..NO
000057 ,1,1,019 044 143 144 172 225 229 230 236,PROP_52,YES,425,581,156,1,~  3A--7,PROPOSITION 52 MEDI-CAL,YES,425,581,0,0,0,0,311,0.00%,3A--7.PROPOSITION 52 MEDI-CAL HOSPITAL FEE PROGRAM. INITIATIVE CONSTITUTIONAL AMENDMENT AND STATUTE..YES
000057 ,1,1,019 044 143 144 172 225 229 230 236,PROP_53,YES,223,581,358,3,~  3A--7,PROPOSITION 53 REVENUE ,YES,223,581,0,0,0,0,80,0.00%,3A--7.PROPOSITION 53 REVENUE BONDS. STATEWIDE VOTER APPROVAL. INITIATIVE CONSTITUTIONAL AMENDMENT..YES
000057 ,1,2,019 044 143 144 172 225 229 230 236,PROP_55,NO,80,581,501,0,~  3A--7,PROPOSITION 55 TAX EXTE,NO,80,581,0,0,0,0,384,0.00%,3A--7.PROPOSITION 55 TAX EXTENSION TO FUND EDUCATION AND HEALTHCARE. INITIATIVE CONSTITUTIONAL AMENDMENT..NO
000057 ,1,2,019 044 143 144 172 225 229 230 236,PROP_55,YES,464,581,117,0,~  3A--7,PROPOSITION 55 TAX EXTE,YES,464,581,0,0,0,0,384,0.00%,3A--7.PROPOSITION 55 TAX EXTENSION TO FUND EDUCATION AND HEALTHCARE. INITIATIVE CONSTITUTIONAL AMENDMENT..YES
000057 ,1,2,019 044 143 144 172 225 229 230 236,PROP_56,YES,388,581,193,0,~  3A--7,PROPOSITION 56 CIGARETT,YES,388,581,0,0,0,0,225,0.00%,"3A--7.PROPOSITION 56 CIGARETTE TAX TO FUND HEALTHCARE, TOBACCO USE PREVENTION, RESEARCH, AND.YES"
000057 ,1,2,019 044 143 144 172 225 229 230 236,PROP_57,NO,80,581,501,0,~  3A--7,PROPOSITION 57 CRIMINAL,NO,80,581,0,0,0,0,394,0.00%,3A--7.PROPOSITION 57 CRIMINAL SENTENCES. PAROLE. JUVENILE CRIMINAL PROCEEDINGS AND SENTENCING. INITIATIVE.NO
000057 ,1,2,019 044 143 144 172 225 229 230 236,PROP_57,YES,474,581,107,0,~  3A--7,PROPOSITION 57 CRIMINAL,YES,474,581,0,0,0,0,394,0.00%,3A--7.PROPOSITION 57 CRIMINAL SENTENCES. PAROLE. JUVENILE CRIMINAL PROCEEDINGS AND SENTENCING. INITIATIVE.YES
000057 ,1,2,019 044 143 144 172 225 229 230 236,PROP_58,NO,54,581,527,0,~  3A--7,PROPOSITION 58 ENGLISH ,NO,54,581,0,0,0,0,435,0.00%,3A--7.PROPOSITION 58 ENGLISH PROFICIENCY. MULTILINGUAL EDUCATION. INITIATIVE STATUTE..NO
000057 ,1,2,019 044 143 144 172 225 229 230 236,PROP_59,NO,109,581,472,0,~  3A--7,PROPOSITION 59 CORPORAT,NO,109,581,0,0,0,0,306,0.00%,3A--7.PROPOSITION 59 CORPORATIONS. POLITICAL SPENDING. FEDERAL CONSTITUTIONAL PROTECTIONS..NO
000057 ,1,2,019 044 143 144 172 225 229 230 236,PROP_59,YES,415,581,166,0,~  3A--7,PROPOSITION 59 CORPORAT,YES,415,581,0,0,0,0,306,0.00%,3A--7.PROPOSITION 59 CORPORATIONS. POLITICAL SPENDING. FEDERAL CONSTITUTIONAL PROTECTIONS..YES
000057 ,1,2,019 044 143 144 172 225 229 230 236,PROP_61,NO,161,581,420,0,~  3A--7,PROPOSITION 61 STATE PR,NO,161,581,0,0,0,0,181,0.00%,3A--7.PROPOSITION 61 STATE PRESCRIPTION DRUG PURCHASES. PRICING STANDARDS. INITIATIVE STATUTE..NO
000057 ,1,2,019 044 143 144 172 225 229 230 236,PROP_61,YES,342,581,239,0,~  3A--7,PROPOSITION 61 STATE PR,YES,342,581,0,0,0,0,181,0.00%,3A--7.PROPOSITION 61 STATE PRESCRIPTION DRUG PURCHASES. PRICING STANDARDS. INITIATIVE STATUTE..YES
000057 ,2,3,019 044 144 145 172 225 230 236,PROP_63,NO,147,580,433,0,~  3A--7,PROPOSITION 63 FIREARMS,NO,147,581,0,-1,0,1,258,0.00%,3A--7.PROPOSITION 63 FIREARMS. AMMUNITION SALES. INITIATIVE STATUTE..NO
000057 ,2,3,019 044 144 145 172 225 230 236,PROP_63,YES,405,580,175,0,~  3A--7,PROPOSITION 63 FIREARMS,YES,405,581,0,-1,0,1,258,0.00%,3A--7.PROPOSITION 63 FIREARMS. AMMUNITION SALES. INITIATIVE STATUTE..YES
000057 ,2,3,019 044 144 145 172 225 230 236,PROP_64,NO,167,580,413,2,~  3A--7,PROPOSITION 64 MARIJUAN,NO,167,581,0,-1,0,1,235,0.00%,3A--7.PROPOSITION 64 MARIJUANA LEGALIZATION. INITIATIVE STATUTE..NO
000057 ,2,3,019 044 144 145 172 225 230 236,PROP_65,NO,272,580,308,3,~  3A--7,PROPOSITION 65 CARRYOUT,NO,272,581,0,-1,0,1,4,0.00%,3A--7.PROPOSITION 65 CARRYOUT BAGS. CHARGES. INITIATIVE STATUTE..NO
000057 ,2,3,019 044 144 145 172 225 230 236,PROP_66,NO,334,580,246,1,~  3A--7,PROPOSITION 66 DEATH PE,NO,334,581,0,-1,0,1,151,0.00%,3A--7.PROPOSITION 66 DEATH PENALTY. PROCEDURES. INITIATIVE STATUTE..NO
000057 ,1,1,019 044 143 144 172 225 229 230 236,STATEASS2,JIM_WOOD,396,581,185,0,~  3A--7,"STATE ASSEMBLY, DISTRIC",JIM WOOD,396,581,0,0,0,0,300,0.00%,"3A--7.STATE ASSEMBLY, DISTRICT 2.JIM WOOD"
000057 ,1,1,019 044 143 144 172 225 229 230 236,STATEASS2,KEN_ANTON,96,581,485,0,~  3A--7,"STATE ASSEMBLY, DISTRIC",KEN ANTON,96,581,0,0,0,0,300,0.00%,"3A--7.STATE ASSEMBLY, DISTRICT 2.KEN ANTON"
000057 ,1,1,019 044 143 144 172 225 229 230 236,USREP,DALE_K_MENSING,57,581,524,0,~  3A--7,US REPRESENTATIVE IN CO,DALE K. MENSING,57,581,0,0,0,0,423,0.00%,"3A--7.US REPRESENTATIVE IN CONGRESS, DISTRICT 2.DALE K. MENSING"
000057 ,1,1,019 044 143 144 172 225 229 230 236,USSEN,LORETTA_L_SANCHEZ,144,581,437,2,~  3A--7,US SENATOR,LORETTA L. SANCHEZ,144,581,0,0,0,0,208,0.00%,3A--7.US SENATOR.LORETTA L. SANCHEZ
000058 ,1,1,019 044 045 143 175 176 225 229 230 243,ARCATA_CC,Write_in,22,2241,2219,0,~  3A--9,ARCATA CITY COUNCILMEMB,Write_in,22,747,0,1494,0,1494,28,0.00%,3A--9.ARCATA CITY COUNCILMEMBER.Write_in
000058 ,2,4,019 044 045 143 144 175 176 225 230,MEAS_F,NO,341,744,403,0,~  3A--9,MEASURE F CITY OF ARCAT,NO,341,747,0,-3,0,3,21,0.00%,3A--9.MEASURE F CITY OF ARCATA UTILITY USERS TAX..NO
000058 ,2,3,019 044 045 143 144 175 176 225 230 243,MEAS_H,NO,164,745,581,1,~  3A--9,MEASURE H ARCATA SCHOOL,NO,164,747,0,-2,0,2,352,0.00%,3A--9.MEASURE H ARCATA SCHOOL DISTRICT PARCEL TAX..NO
000058 ,2,3,019 044 045 143 144 175 176 225 230 243,MEAS_I,BONDS_YES,491,745,254,0,~  3A--9,MEASURE I ARCATA SCHOOL,BONDS YES,491,747,0,-2,0,2,306,0.00%,3A--9.MEASURE I ARCATA SCHOOL DISTRICT BOND MEASURE..BONDS YES
000058 ,2,3,019 044 045 143 144 175 176 225 230 243,MEAS_Q,YES,306,745,439,2,~  3A--9,MEASURE Q HUMBOLDT COUN,YES,306,747,0,-2,0,2,8,0.00%,3A--9.MEASURE Q HUMBOLDT COUNTY CREATION OF FINANCE DEPARTMENT MEASURE..YES
000058 ,2,3,019 044 045 143 144 175 176 225 230 243,MEAS_R,NO,277,745,468,1,~  3A--9,MEASURE R HUMBOLDT COUN,NO,277,747,0,-2,0,2,50,0.00%,3A--9.MEASURE R HUMBOLDT COUNTY FINANCE DEPARTMENT ELECTIVE OFFICE MEASURE..NO
000058 ,2,4,019 044 045 143 144 175 176 225 230,MEAS_U,NO,232,744,512,1,~  3A--9,MEASURE U LOCAL TRANSPO,NO,232,747,0,-3,0,3,193,0.00%,3A--9.MEASURE U LOCAL TRANSPORTATION AUTHORITY RETAIL TRANSACTIONS AND USE TAX..NO
000058 ,1,1,019 044 045 143 175 176 225 229 230 243,PRES,DONALD_J_TRUMP,95,747,652,0,~  3A--9,PRESIDENT AND VICE PRES,DONALD J. TRUMP      ,95,747,0,0,0,0,430,0.00%,3A--9.PRESIDENT AND VICE PRESIDENT.DONALD J. TRUMP      and MICHAEL R. PENCE
000058 ,1,1,019 044 045 143 175 176 225 229 230 243,PRES,GARY_JOHNSON,20,747,727,0,~  3A--9,PRESIDENT AND VICE PRES,GARY JOHNSON      and,20,747,0,0,0,0,430,0.00%,3A--9.PRESIDENT AND VICE PRESIDENT.GARY JOHNSON      and BILL WELD
000058 ,1,1,019 044 045 143 175 176 225 229 230 243,PRES,GLORIA_ESTELA_LA_RIVA,3,747,744,0,~  3A--9,PRESIDENT AND VICE PRES,GLORIA ESTELA LA RIVA,3,747,0,0,0,0,430,0.00%,3A--9.PRESIDENT AND VICE PRESIDENT.GLORIA ESTELA LA RIVA      and DENNIS J. BANKS
000058 ,1,1,019 044 045 143 175 176 225 229 230 243,PRES,HILLARY_CLINTON,525,747,222,0,~  3A--9,PRESIDENT AND VICE PRES,HILLARY CLINTON      ,525,747,0,0,0,0,430,0.00%,3A--9.PRESIDENT AND VICE PRESIDENT.HILLARY CLINTON      and TIM KAINE
000058 ,1,1,019 044 045 143 175 176 225 229 230 243,PRES,JILL_STEIN,79,747,668,0,~  3A--9,PRESIDENT AND VICE PRES,JILL STEIN      and A,79,747,0,0,0,0,430,0.00%,3A--9.PRESIDENT AND VICE PRESIDENT.JILL STEIN      and AJAMU BARAKA
000058 ,1,1,019 044 045 143 175 176 225 229 230 243,PROP_51,YES,446,747,301,1,~  3A--9,PROPOSITION 51 SCHOOL B,YES,446,747,0,0,0,0,179,0.00%,3A--9.PROPOSITION 51 SCHOOL BONDS. FUNDING FOR K-12 SCHOOL AND COMMUNITY COLLEGE FACILITIES. INITIATIVE.YES
000058 ,1,1,019 044 045 143 175 176 225 229 230 243,PROP_52,YES,538,747,209,4,~  3A--9,PROPOSITION 52 MEDI-CAL,YES,538,747,0,0,0,0,375,0.00%,3A--9.PROPOSITION 52 MEDI-CAL HOSPITAL FEE PROGRAM. INITIATIVE CONSTITUTIONAL AMENDMENT AND STATUTE..YES
000058 ,1,1,019 044 045 143 175 176 225 229 230 243,PROP_53,YES,301,747,446,1,~  3A--9,PROPOSITION 53 REVENUE ,YES,301,747,0,0,0,0,74,0.00%,3A--9.PROPOSITION 53 REVENUE BONDS. STATEWIDE VOTER APPROVAL. INITIATIVE CONSTITUTIONAL AMENDMENT..YES
000058 ,1,2,019 044 045 143 175 176 225 229 230,PROP_55,NO,123,745,622,0,~  3A--9,PROPOSITION 55 TAX EXTE,NO,123,747,0,-2,0,2,460,0.00%,3A--9.PROPOSITION 55 TAX EXTENSION TO FUND EDUCATION AND HEALTHCARE. INITIATIVE CONSTITUTIONAL AMENDMENT..NO
000058 ,1,2,019 044 045 143 175 176 225 229 230,PROP_56,NO,210,745,535,0,~  3A--9,PROPOSITION 56 CIGARETT,NO,210,747,0,-2,0,2,294,0.00%,"3A--9.PROPOSITION 56 CIGARETTE TAX TO FUND HEALTHCARE, TOBACCO USE PREVENTION, RESEARCH, AND.NO"
000058 ,1,2,019 044 045 143 175 176 225 229 230,PROP_57,YES,594,745,151,1,~  3A--9,PROPOSITION 57 CRIMINAL,YES,594,747,0,-2,0,2,479,0.00%,3A--9.PROPOSITION 57 CRIMINAL SENTENCES. PAROLE. JUVENILE CRIMINAL PROCEEDINGS AND SENTENCING. INITIATIVE.YES
000058 ,1,2,019 044 045 143 175 176 225 229 230,PROP_60,NO,420,745,325,0,~  3A--9,PROPOSITION 60 ADULT FI,NO,420,747,0,-2,0,2,152,0.00%,3A--9.PROPOSITION 60 ADULT FILMS. CONDOMS. HEALTH REQUIREMENTS. INITIATIVE STATUTE..NO
000058 ,1,2,019 044 045 143 175 176 225 229 230,PROP_62,NO,216,745,529,2,~  3A--9,PROPOSITION 62 DEATH PE,NO,216,747,0,-2,0,2,268,0.00%,3A--9.PROPOSITION 62 DEATH PENALTY. INITIATIVE STATUTE..NO
000058 ,1,2,019 044 045 143 175 176 225 229 230,PROP_62,YES,484,745,261,2,~  3A--9,PROPOSITION 62 DEATH PE,YES,484,747,0,-2,0,2,268,0.00%,3A--9.PROPOSITION 62 DEATH PENALTY. INITIATIVE STATUTE..YES
000058 ,2,3,019 044 045 143 144 175 176 225 230 243,PROP_64,NO,210,745,535,2,~  3A--9,PROPOSITION 64 MARIJUAN,NO,210,747,0,-2,0,2,309,0.00%,3A--9.PROPOSITION 64 MARIJUANA LEGALIZATION. INITIATIVE STATUTE..NO
000058 ,2,3,019 044 045 143 144 175 176 225 230 243,PROP_65,NO,399,745,346,4,~  3A--9,PROPOSITION 65 CARRYOUT,NO,399,747,0,-2,0,2,89,0.00%,3A--9.PROPOSITION 65 CARRYOUT BAGS. CHARGES. INITIATIVE STATUTE..NO
000058 ,2,3,019 044 045 143 144 175 176 225 230 243,PROP_66,NO,436,745,309,5,~  3A--9,PROPOSITION 66 DEATH PE,NO,436,747,0,-2,0,2,204,0.00%,3A--9.PROPOSITION 66 DEATH PENALTY. PROCEDURES. INITIATIVE STATUTE..NO
000059 ,1,1,019 020 052 138 139 176 225 229 230 231 243,ARCATA_CC,DANIEL_MURPHY,161,808,647,0,~  3A-10,ARCATA CITY COUNCILMEMB,DANIEL MURPHY,161,809,0,-1,0,1,63,0.00%,3A-10.ARCATA CITY COUNCILMEMBER.DANIEL MURPHY
000059 ,1,1,019 020 052 138 139 176 225 229 230 231 243,ARCATA_CC,PAUL_PITINO,348,808,460,0,~  3A-10,ARCATA CITY COUNCILMEMB,PAUL PITINO,348,809,0,-1,0,1,63,0.00%,3A-10.ARCATA CITY COUNCILMEMBER.PAUL PITINO
000059 ,1,1,019 020 052 138 139 176 225 229 230 231 243,ARCATA_CC,SUSAN_ORNELAS,411,808,397,0,~  3A-10,ARCATA CITY COUNCILMEMB,SUSAN ORNELAS,411,809,0,-1,0,1,63,0.00%,3A-10.ARCATA CITY COUNCILMEMBER.SUSAN ORNELAS
000059 ,1,1,019 020 052 138 139 176 225 229 230 231 243,ARCATA_CC,VALERIE_ROSE-CAMPBELL,204,808,604,0,~  3A-10,ARCATA CITY COUNCILMEMB,VALERIE ROSE-CAMPBELL,204,809,0,-1,0,1,63,0.00%,3A-10.ARCATA CITY COUNCILMEMBER.VALERIE ROSE-CAMPBELL
000059 ,2,4,019 020 052 137 138 176 225 229 230 231 243,MEAS_F,NO,352,807,455,0,~  3A-10,MEASURE F CITY OF ARCAT,NO,352,809,0,-2,0,2,11,0.00%,3A-10.MEASURE F CITY OF ARCATA UTILITY USERS TAX..NO
000059 ,2,4,019 020 052 137 138 176 225 229 230 231 243,MEAS_F,YES,341,807,466,0,~  3A-10,MEASURE F CITY OF ARCAT,YES,341,809,0,-2,0,2,11,0.00%,3A-10.MEASURE F CITY OF ARCATA UTILITY USERS TAX..YES
000059 ,2,4,019 020 052 137 138 176 225 229 230 231 243,MEAS_V,YES,462,807,345,2,~  3A-10,MEASURE V MOBILE HOME P,YES,462,809,0,-2,0,2,246,0.00%,3A-10.MEASURE V MOBILE HOME PARK SPACE RENT STABILIZATION..YES
000059 ,1,1,019 020 052 138 139 176 225 229 230 231 243,PRES,DONALD_J_TRUMP,84,808,724,0,~  3A-10,PRESIDENT AND VICE PRES,DONALD J. TRUMP      ,84,809,0,-1,0,1,475,0.00%,3A-10.PRESIDENT AND VICE PRESIDENT.DONALD J. TRUMP      and MICHAEL R. PENCE
000059 ,1,1,019 020 052 138 139 176 225 229 230 231 243,PRES,HILLARY_CLINTON,563,808,245,0,~  3A-10,PRESIDENT AND VICE PRES,HILLARY CLINTON      ,563,809,0,-1,0,1,475,0.00%,3A-10.PRESIDENT AND VICE PRESIDENT.HILLARY CLINTON      and TIM KAINE
000059 ,1,1,019 020 052 138 139 176 225 229 230 231 243,PRES,JILL_STEIN,88,808,720,0,~  3A-10,PRESIDENT AND VICE PRES,JILL STEIN      and A,88,809,0,-1,0,1,475,0.00%,3A-10.PRESIDENT AND VICE PRESIDENT.JILL STEIN      and AJAMU BARAKA
000059 ,1,1,019 020 052 138 139 176 225 229 230 231 243,PRES,Write_in,38,808,770,0,~  3A-10,PRESIDENT AND VICE PRES,Write_in,38,809,0,-1,0,1,475,0.00%,3A-10.PRESIDENT AND VICE PRESIDENT.Write_in
000059 ,1,1,019 020 052 138 139 176 225 229 230 231 243,PROP_51,YES,477,808,331,2,~  3A-10,PROPOSITION 51 SCHOOL B,YES,477,809,0,-1,0,1,187,0.00%,3A-10.PROPOSITION 51 SCHOOL BONDS. FUNDING FOR K-12 SCHOOL AND COMMUNITY COLLEGE FACILITIES. INITIATIVE.YES
000059 ,1,2,019 020 052 138 139 176 225 229 230 231 243,PROP_58,NO,103,804,701,1,~  3A-10,PROPOSITION 58 ENGLISH ,NO,103,809,0,-5,0,5,546,0.00%,3A-10.PROPOSITION 58 ENGLISH PROFICIENCY. MULTILINGUAL EDUCATION. INITIATIVE STATUTE..NO
000059 ,1,2,019 020 052 138 139 176 225 229 230 231 243,PROP_59,YES,552,804,252,2,~  3A-10,PROPOSITION 59 CORPORAT,YES,552,809,0,-5,0,5,376,0.00%,3A-10.PROPOSITION 59 CORPORATIONS. POLITICAL SPENDING. FEDERAL CONSTITUTIONAL PROTECTIONS..YES
000059 ,1,2,019 020 052 138 139 176 225 229 230 231 243,PROP_60,NO,447,804,357,4,~  3A-10,PROPOSITION 60 ADULT FI,NO,447,809,0,-5,0,5,155,0.00%,3A-10.PROPOSITION 60 ADULT FILMS. CONDOMS. HEALTH REQUIREMENTS. INITIATIVE STATUTE..NO
000059 ,2,3,019 020 052 137 138 176 225 229 230 231 243,PROP_66,NO,465,808,343,1,~  3A-10,PROPOSITION 66 DEATH PE,NO,465,809,0,-1,0,1,226,0.00%,3A-10.PROPOSITION 66 DEATH PENALTY. PROCEDURES. INITIATIVE STATUTE..NO
000059 ,1,1,019 020 052 138 139 176 225 229 230 231 243,STATEASS2,KEN_ANTON,139,808,669,1,~  3A-10,"STATE ASSEMBLY, DISTRIC",KEN ANTON,139,809,0,-1,0,1,430,0.00%,"3A-10.STATE ASSEMBLY, DISTRICT 2.KEN ANTON"
000059 ,1,1,019 020 052 138 139 176 225 229 230 231 243,USREP,DALE_K_MENSING,81,808,727,0,~  3A-10,US REPRESENTATIVE IN CO,DALE K. MENSING,81,809,0,-1,0,1,584,0.00%,"3A-10.US REPRESENTATIVE IN CONGRESS, DISTRICT 2.DALE K. MENSING"
000059 ,1,1,019 020 052 138 139 176 225 229 230 231 243,USREP,JARED_W_HUFFMAN,665,808,143,0,~  3A-10,US REPRESENTATIVE IN CO,JARED W. HUFFMAN,665,809,0,-1,0,1,584,0.00%,"3A-10.US REPRESENTATIVE IN CONGRESS, DISTRICT 2.JARED W. HUFFMAN"
000060 ,2,4,020 044 129 176 177 178 225 231 236,MEAS_F,NO,318,834,516,0,~  3A-11,MEASURE F CITY OF ARCAT,NO,318,837,0,-3,0,3,71,0.00%,3A-11.MEASURE F CITY OF ARCATA UTILITY USERS TAX..NO
000060 ,2,3,020 044 129 176 177 178 225 231 236,MEAS_H,NO,110,833,723,1,~  3A-11,MEASURE H ARCATA SCHOOL,NO,110,837,0,-4,0,4,505,0.00%,3A-11.MEASURE H ARCATA SCHOOL DISTRICT PARCEL TAX..NO
000060 ,2,4,020 044 129 176 177 178 225 231 236,MEAS_V,YES,501,834,333,2,~  3A-11,MEASURE V MOBILE HOME P,YES,501,837,0,-3,0,3,299,0.00%,3A-11.MEASURE V MOBILE HOME PARK SPACE RENT STABILIZATION..YES
000060 ,1,1,020 044 128 129 176 177 178 225 229 231 236,PRES,DONALD_J_TRUMP,68,837,769,0,~  3A-11,PRESIDENT AND VICE PRES,DONALD J. TRUMP      ,68,837,0,0,0,0,537,0.00%,3A-11.PRESIDENT AND VICE PRESIDENT.DONALD J. TRUMP      and MICHAEL R. PENCE
000060 ,1,1,020 044 128 129 176 177 178 225 229 231 236,PRES,GARY_JOHNSON,18,837,819,0,~  3A-11,PRESIDENT AND VICE PRES,GARY JOHNSON      and,18,837,0,0,0,0,537,0.00%,3A-11.PRESIDENT AND VICE PRESIDENT.GARY JOHNSON      and BILL WELD
000060 ,1,1,020 044 128 129 176 177 178 225 229 231 236,PRES,GLORIA_ESTELA_LA_RIVA,6,837,831,0,~  3A-11,PRESIDENT AND VICE PRES,GLORIA ESTELA LA RIVA,6,837,0,0,0,0,537,0.00%,3A-11.PRESIDENT AND VICE PRESIDENT.GLORIA ESTELA LA RIVA      and DENNIS J. BANKS
000060 ,1,1,020 044 128 129 176 177 178 225 229 231 236,PRES,HILLARY_CLINTON,620,837,217,0,~  3A-11,PRESIDENT AND VICE PRES,HILLARY CLINTON      ,620,837,0,0,0,0,537,0.00%,3A-11.PRESIDENT AND VICE PRESIDENT.HILLARY CLINTON      and TIM KAINE
000060 ,1,1,020 044 128 129 176 177 178 225 229 231 236,PRES,JILL_STEIN,83,837,754,0,~  3A-11,PRESIDENT AND VICE PRES,JILL STEIN      and A,83,837,0,0,0,0,537,0.00%,3A-11.PRESIDENT AND VICE PRESIDENT.JILL STEIN      and AJAMU BARAKA
000060 ,1,1,020 044 128 129 176 177 178 225 229 231 236,PROP_52,YES,631,837,206,2,~  3A-11,PROPOSITION 52 MEDI-CAL,YES,631,837,0,0,0,0,499,0.00%,3A-11.PROPOSITION 52 MEDI-CAL HOSPITAL FEE PROGRAM. INITIATIVE CONSTITUTIONAL AMENDMENT AND STATUTE..YES
000060 ,1,1,020 044 128 129 176 177 178 225 229 231 236,PROP_54,YES,548,837,289,1,~  3A-11,PROPOSITION 54 LEGISLAT,YES,548,837,0,0,0,0,342,0.00%,3A-11.PROPOSITION 54 LEGISLATURE. LEGISLATION AND PROCEEDINGS. INITIATIVE CONSTITUTIONAL AMENDMENT AND.YES
000060 ,1,2,020 044 128 129 176 177 178 225 229 231 236,PROP_56,NO,205,835,630,1,~  3A-11,PROPOSITION 56 CIGARETT,NO,205,837,0,-2,0,2,392,0.00%,"3A-11.PROPOSITION 56 CIGARETTE TAX TO FUND HEALTHCARE, TOBACCO USE PREVENTION, RESEARCH, AND.NO"
000060 ,1,2,020 044 128 129 176 177 178 225 229 231 236,PROP_59,NO,160,835,675,2,~  3A-11,PROPOSITION 59 CORPORAT,NO,160,837,0,-2,0,2,431,0.00%,3A-11.PROPOSITION 59 CORPORATIONS. POLITICAL SPENDING. FEDERAL CONSTITUTIONAL PROTECTIONS..NO
000060 ,1,2,020 044 128 129 176 177 178 225 229 231 236,PROP_61,NO,242,835,593,1,~  3A-11,PROPOSITION 61 STATE PR,NO,242,837,0,-2,0,2,248,0.00%,3A-11.PROPOSITION 61 STATE PRESCRIPTION DRUG PURCHASES. PRICING STANDARDS. INITIATIVE STATUTE..NO
000060 ,1,2,020 044 128 129 176 177 178 225 229 231 236,PROP_62,NO,200,835,635,2,~  3A-11,PROPOSITION 62 DEATH PE,NO,200,837,0,-2,0,2,384,0.00%,3A-11.PROPOSITION 62 DEATH PENALTY. INITIATIVE STATUTE..NO
000060 ,2,3,020 044 129 176 177 178 225 231 236,PROP_63,NO,205,833,628,1,~  3A-11,PROPOSITION 63 FIREARMS,NO,205,837,0,-4,0,4,388,0.00%,3A-11.PROPOSITION 63 FIREARMS. AMMUNITION SALES. INITIATIVE STATUTE..NO
000060 ,2,3,020 044 129 176 177 178 225 231 236,PROP_63,YES,593,833,240,1,~  3A-11,PROPOSITION 63 FIREARMS,YES,593,837,0,-4,0,4,388,0.00%,3A-11.PROPOSITION 63 FIREARMS. AMMUNITION SALES. INITIATIVE STATUTE..YES
000060 ,1,1,020 044 128 129 176 177 178 225 229 231 236,STATEASS2,JIM_WOOD,587,837,250,1,~  3A-11,"STATE ASSEMBLY, DISTRIC",JIM WOOD,587,837,0,0,0,0,452,0.00%,"3A-11.STATE ASSEMBLY, DISTRICT 2.JIM WOOD"
000060 ,1,1,020 044 128 129 176 177 178 225 229 231 236,USREP,DALE_K_MENSING,62,837,775,0,~  3A-11,US REPRESENTATIVE IN CO,DALE K. MENSING,62,837,0,0,0,0,645,0.00%,"3A-11.US REPRESENTATIVE IN CONGRESS, DISTRICT 2.DALE K. MENSING"
000060 ,1,1,020 044 128 129 176 177 178 225 229 231 236,USREP,JARED_W_HUFFMAN,707,837,130,0,~  3A-11,US REPRESENTATIVE IN CO,JARED W. HUFFMAN,707,837,0,0,0,0,645,0.00%,"3A-11.US REPRESENTATIVE IN CONGRESS, DISTRICT 2.JARED W. HUFFMAN"
000060 ,1,1,020 044 128 129 176 177 178 225 229 231 236,USSEN,KAMALA_D_HARRIS,491,837,346,1,~  3A-11,US SENATOR,KAMALA D. HARRIS,491,837,0,0,0,0,260,0.00%,3A-11.US SENATOR.KAMALA D. HARRIS
000061 ,1,1,020 052 145 146 178 225 229 231 232 236 237,ARCATA_CC,DANIEL_MURPHY,110,470,360,0,~  3A-12,ARCATA CITY COUNCILMEMB,DANIEL MURPHY,110,470,0,0,0,0,70,0.00%,3A-12.ARCATA CITY COUNCILMEMBER.DANIEL MURPHY
000061 ,1,1,020 052 145 146 178 225 229 231 232 236 237,ARCATA_CC,MICHAEL_WINKLER,87,470,383,0,~  3A-12,ARCATA CITY COUNCILMEMB,MICHAEL WINKLER,87,470,0,0,0,0,70,0.00%,3A-12.ARCATA CITY COUNCILMEMBER.MICHAEL WINKLER
000061 ,1,1,020 052 145 146 178 225 229 231 232 236 237,ARCATA_CC,PAUL_PITINO,133,470,337,0,~  3A-12,ARCATA CITY COUNCILMEMB,PAUL PITINO,133,470,0,0,0,0,70,0.00%,3A-12.ARCATA CITY COUNCILMEMBER.PAUL PITINO
000061 ,1,1,020 052 145 146 178 225 229 231 232 236 237,ARCATA_CC,SUSAN_ORNELAS,203,470,267,0,~  3A-12,ARCATA CITY COUNCILMEMB,SUSAN ORNELAS,203,470,0,0,0,0,70,0.00%,3A-12.ARCATA CITY COUNCILMEMBER.SUSAN ORNELAS
000061 ,1,1,020 052 145 146 178 225 229 231 232 236 237,ARCATA_CC,VALERIE_ROSE-CAMPBELL,92,470,378,0,~  3A-12,ARCATA CITY COUNCILMEMB,VALERIE ROSE-CAMPBELL,92,470,0,0,0,0,70,0.00%,3A-12.ARCATA CITY COUNCILMEMBER.VALERIE ROSE-CAMPBELL
000061 ,1,1,020 052 145 146 178 225 229 231 232 236 237,ARCATA_CC,Write_in,15,1410,1395,0,~  3A-12,ARCATA CITY COUNCILMEMB,Write_in,15,470,0,940,0,940,70,0.00%,3A-12.ARCATA CITY COUNCILMEMBER.Write_in
000061 ,2,3,020 052 145 146 178 225 231 232 236 237,MEAS_I,BONDS_YES,296,469,173,1,~  3A-12,MEASURE I ARCATA SCHOOL,BONDS YES,296,470,0,-1,0,1,239,0.00%,3A-12.MEASURE I ARCATA SCHOOL DISTRICT BOND MEASURE..BONDS YES
000061 ,2,3,020 052 145 146 178 225 231 232 236 237,MEAS_Q,YES,217,469,252,1,~  3A-12,MEASURE Q HUMBOLDT COUN,YES,217,470,0,-1,0,1,113,0.00%,3A-12.MEASURE Q HUMBOLDT COUNTY CREATION OF FINANCE DEPARTMENT MEASURE..YES
000061 ,2,3,020 052 145 146 178 225 231 232 236 237,MEAS_R,NO,49,469,420,1,~  3A-12,MEASURE R HUMBOLDT COUN,NO,49,470,0,-1,0,1,234,0.00%,3A-12.MEASURE R HUMBOLDT COUNTY FINANCE DEPARTMENT ELECTIVE OFFICE MEASURE..NO
000061 ,2,3,020 052 145 146 178 225 231 232 236 237,MEAS_S,NO,102,469,367,0,~  3A-12,MEASURE S HUMBOLDT COUN,NO,102,470,0,-1,0,1,193,0.00%,3A-12.MEASURE S HUMBOLDT COUNTY COMMERCIAL MARIJUANA CULTIVATION MEASURE..NO
000061 ,2,4,020 052 145 146 178 225 231 232 236 237,MEAS_U,NO,100,469,369,0,~  3A-12,MEASURE U LOCAL TRANSPO,NO,100,470,0,-1,0,1,154,0.00%,3A-12.MEASURE U LOCAL TRANSPORTATION AUTHORITY RETAIL TRANSACTIONS AND USE TAX..NO
000061 ,2,4,020 052 145 146 178 225 231 232 236 237,MEAS_U,YES,254,469,215,0,~  3A-12,MEASURE U LOCAL TRANSPO,YES,254,470,0,-1,0,1,154,0.00%,3A-12.MEASURE U LOCAL TRANSPORTATION AUTHORITY RETAIL TRANSACTIONS AND USE TAX..YES
000061 ,2,4,020 052 145 146 178 225 231 232 236 237,MEAS_V,NO,103,469,366,0,~  3A-12,MEASURE V MOBILE HOME P,NO,103,470,0,-1,0,1,148,0.00%,3A-12.MEASURE V MOBILE HOME PARK SPACE RENT STABILIZATION..NO
000061 ,2,4,020 052 145 146 178 225 231 232 236 237,MEAS_V,YES,251,469,218,0,~  3A-12,MEASURE V MOBILE HOME P,YES,251,470,0,-1,0,1,148,0.00%,3A-12.MEASURE V MOBILE HOME PARK SPACE RENT STABILIZATION..YES
000061 ,1,1,020 052 145 146 178 225 229 231 232 236 237,PRES,DONALD_J_TRUMP,34,470,436,0,~  3A-12,PRESIDENT AND VICE PRES,DONALD J. TRUMP      ,34,470,0,0,0,0,330,0.00%,3A-12.PRESIDENT AND VICE PRESIDENT.DONALD J. TRUMP      and MICHAEL R. PENCE
000061 ,1,1,020 052 145 146 178 225 229 231 232 236 237,PRES,GLORIA_ESTELA_LA_RIVA,6,470,464,1,~  3A-12,PRESIDENT AND VICE PRES,GLORIA ESTELA LA RIVA,6,470,0,0,0,0,330,0.00%,3A-12.PRESIDENT AND VICE PRESIDENT.GLORIA ESTELA LA RIVA      and DENNIS J. BANKS
000061 ,1,1,020 052 145 146 178 225 229 231 232 236 237,PRES,HILLARY_CLINTON,364,470,106,0,~  3A-12,PRESIDENT AND VICE PRES,HILLARY CLINTON      ,364,470,0,0,0,0,330,0.00%,3A-12.PRESIDENT AND VICE PRESIDENT.HILLARY CLINTON      and TIM KAINE
000061 ,1,1,020 052 145 146 178 225 229 231 232 236 237,PROP_52,YES,337,470,133,1,~  3A-12,PROPOSITION 52 MEDI-CAL,YES,337,470,0,0,0,0,247,0.00%,3A-12.PROPOSITION 52 MEDI-CAL HOSPITAL FEE PROGRAM. INITIATIVE CONSTITUTIONAL AMENDMENT AND STATUTE..YES
000061 ,1,2,020 052 145 146 178 225 229 231 232 236 237,PROP_55,NO,61,470,409,0,~  3A-12,PROPOSITION 55 TAX EXTE,NO,61,470,0,0,0,0,308,0.00%,3A-12.PROPOSITION 55 TAX EXTENSION TO FUND EDUCATION AND HEALTHCARE. INITIATIVE CONSTITUTIONAL AMENDMENT..NO
000061 ,1,2,020 052 145 146 178 225 229 231 232 236 237,PROP_55,YES,369,470,101,0,~  3A-12,PROPOSITION 55 TAX EXTE,YES,369,470,0,0,0,0,308,0.00%,3A-12.PROPOSITION 55 TAX EXTENSION TO FUND EDUCATION AND HEALTHCARE. INITIATIVE CONSTITUTIONAL AMENDMENT..YES
000061 ,1,2,020 052 145 146 178 225 229 231 232 236 237,PROP_56,NO,112,470,358,0,~  3A-12,PROPOSITION 56 CIGARETT,NO,112,470,0,0,0,0,228,0.00%,"3A-12.PROPOSITION 56 CIGARETTE TAX TO FUND HEALTHCARE, TOBACCO USE PREVENTION, RESEARCH, AND.NO"
000061 ,1,2,020 052 145 146 178 225 229 231 232 236 237,PROP_56,YES,340,470,130,0,~  3A-12,PROPOSITION 56 CIGARETT,YES,340,470,0,0,0,0,228,0.00%,"3A-12.PROPOSITION 56 CIGARETTE TAX TO FUND HEALTHCARE, TOBACCO USE PREVENTION, RESEARCH, AND.YES"
000061 ,1,2,020 052 145 146 178 225 229 231 232 236 237,PROP_57,NO,48,470,422,0,~  3A-12,PROPOSITION 57 CRIMINAL,NO,48,470,0,0,0,0,345,0.00%,3A-12.PROPOSITION 57 CRIMINAL SENTENCES. PAROLE. JUVENILE CRIMINAL PROCEEDINGS AND SENTENCING. INITIATIVE.NO
000061 ,1,2,020 052 145 146 178 225 229 231 232 236 237,PROP_57,YES,393,470,77,0,~  3A-12,PROPOSITION 57 CRIMINAL,YES,393,470,0,0,0,0,345,0.00%,3A-12.PROPOSITION 57 CRIMINAL SENTENCES. PAROLE. JUVENILE CRIMINAL PROCEEDINGS AND SENTENCING. INITIATIVE.YES
000061 ,1,2,020 052 145 146 178 225 229 231 232 236 237,PROP_58,NO,54,470,416,0,~  3A-12,PROPOSITION 58 ENGLISH ,NO,54,470,0,0,0,0,329,0.00%,3A-12.PROPOSITION 58 ENGLISH PROFICIENCY. MULTILINGUAL EDUCATION. INITIATIVE STATUTE..NO
000061 ,1,2,020 052 145 146 178 225 229 231 232 236 237,PROP_58,YES,383,470,87,0,~  3A-12,PROPOSITION 58 ENGLISH ,YES,383,470,0,0,0,0,329,0.00%,3A-12.PROPOSITION 58 ENGLISH PROFICIENCY. MULTILINGUAL EDUCATION. INITIATIVE STATUTE..YES
000061 ,1,2,020 052 145 146 178 225 229 231 232 236 237,PROP_59,NO,107,470,363,0,~  3A-12,PROPOSITION 59 CORPORAT,NO,107,470,0,0,0,0,187,0.00%,3A-12.PROPOSITION 59 CORPORATIONS. POLITICAL SPENDING. FEDERAL CONSTITUTIONAL PROTECTIONS..NO
000061 ,1,2,020 052 145 146 178 225 229 231 232 236 237,PROP_59,YES,294,470,176,0,~  3A-12,PROPOSITION 59 CORPORAT,YES,294,470,0,0,0,0,187,0.00%,3A-12.PROPOSITION 59 CORPORATIONS. POLITICAL SPENDING. FEDERAL CONSTITUTIONAL PROTECTIONS..YES
000061 ,1,2,020 052 145 146 178 225 229 231 232 236 237,PROP_61,NO,136,470,334,0,~  3A-12,PROPOSITION 61 STATE PR,NO,136,470,0,0,0,0,141,0.00%,3A-12.PROPOSITION 61 STATE PRESCRIPTION DRUG PURCHASES. PRICING STANDARDS. INITIATIVE STATUTE..NO
000061 ,1,2,020 052 145 146 178 225 229 231 232 236 237,PROP_61,YES,277,470,193,0,~  3A-12,PROPOSITION 61 STATE PR,YES,277,470,0,0,0,0,141,0.00%,3A-12.PROPOSITION 61 STATE PRESCRIPTION DRUG PURCHASES. PRICING STANDARDS. INITIATIVE STATUTE..YES
000061 ,2,3,020 052 145 146 178 225 231 232 236 237,PROP_63,NO,88,469,381,0,~  3A-12,PROPOSITION 63 FIREARMS,NO,88,470,0,-1,0,1,272,0.00%,3A-12.PROPOSITION 63 FIREARMS. AMMUNITION SALES. INITIATIVE STATUTE..NO
000061 ,2,3,020 052 145 146 178 225 231 232 236 237,PROP_63,YES,360,469,109,0,~  3A-12,PROPOSITION 63 FIREARMS,YES,360,470,0,-1,0,1,272,0.00%,3A-12.PROPOSITION 63 FIREARMS. AMMUNITION SALES. INITIATIVE STATUTE..YES
000061 ,2,3,020 052 145 146 178 225 231 232 236 237,PROP_64,YES,323,469,146,2,~  3A-12,PROPOSITION 64 MARIJUAN,YES,323,470,0,-1,0,1,191,0.00%,3A-12.PROPOSITION 64 MARIJUANA LEGALIZATION. INITIATIVE STATUTE..YES
000061 ,2,3,020 052 145 146 178 225 231 232 236 237,PROP_65,NO,109,469,360,1,~  3A-12,PROPOSITION 65 CARRYOUT,NO,109,470,0,-1,0,1,226,0.00%,3A-12.PROPOSITION 65 CARRYOUT BAGS. CHARGES. INITIATIVE STATUTE..NO
000061 ,2,3,020 052 145 146 178 225 231 232 236 237,PROP_67,NO,78,469,391,0,~  3A-12,PROPOSITION 67 BAN ON S,NO,78,470,0,-1,0,1,293,0.00%,3A-12.PROPOSITION 67 BAN ON SINGLE-USE PLASTIC BAGS. REFERENDUM..NO
000061 ,2,3,020 052 145 146 178 225 231 232 236 237,PROP_67,YES,371,469,98,0,~  3A-12,PROPOSITION 67 BAN ON S,YES,371,470,0,-1,0,1,293,0.00%,3A-12.PROPOSITION 67 BAN ON SINGLE-USE PLASTIC BAGS. REFERENDUM..YES
000061 ,1,1,020 052 145 146 178 225 229 231 232 236 237,STATEASS2,KEN_ANTON,105,470,365,1,~  3A-12,"STATE ASSEMBLY, DISTRIC",KEN ANTON,105,470,0,0,0,0,174,0.00%,"3A-12.STATE ASSEMBLY, DISTRICT 2.KEN ANTON"
000061 ,1,1,020 052 145 146 178 225 229 231 232 236 237,USREP,JARED_W_HUFFMAN,377,470,93,1,~  3A-12,US REPRESENTATIVE IN CO,JARED W. HUFFMAN,377,470,0,0,0,0,347,0.00%,"3A-12.US REPRESENTATIVE IN CONGRESS, DISTRICT 2.JARED W. HUFFMAN"
000061 ,1,1,020 052 145 146 178 225 229 231 232 236 237,USSEN,KAMALA_D_HARRIS,226,470,244,0,~  3A-12,US SENATOR,KAMALA D. HARRIS,226,470,0,0,0,0,44,0.00%,3A-12.US SENATOR.KAMALA D. HARRIS
000061 ,1,1,020 052 145 146 178 225 229 231 232 236 237,USSEN,LORETTA_L_SANCHEZ,182,470,288,0,~  3A-12,US SENATOR,LORETTA L. SANCHEZ,182,470,0,0,0,0,44,0.00%,3A-12.US SENATOR.LORETTA L. SANCHEZ
000062 ,1,1,021 044 129 130 178 179 225 229 232 236 243,ARCATA_CC,MICHAEL_WINKLER,411,908,497,1,~  3A-13,ARCATA CITY COUNCILMEMB,MICHAEL WINKLER,411,910,0,-2,0,2,56,0.00%,3A-13.ARCATA CITY COUNCILMEMBER.MICHAEL WINKLER
000062 ,2,4,021 044 130 131 178 179 225 226 232 236 243,MEAS_F,NO,359,907,548,1,~  3A-13,MEASURE F CITY OF ARCAT,NO,359,910,0,-3,0,3,40,0.00%,3A-13.MEASURE F CITY OF ARCATA UTILITY USERS TAX..NO
000062 ,2,3,021 044 130 131 178 179 225 226 232 236 243,MEAS_I,BONDS_YES,588,905,317,2,~  3A-13,MEASURE I ARCATA SCHOOL,BONDS YES,588,910,0,-5,0,5,410,0.00%,3A-13.MEASURE I ARCATA SCHOOL DISTRICT BOND MEASURE..BONDS YES
000062 ,2,3,021 044 130 131 178 179 225 226 232 236 243,MEAS_R,YES,415,905,490,2,~  3A-13,MEASURE R HUMBOLDT COUN,YES,415,910,0,-5,0,5,150,0.00%,3A-13.MEASURE R HUMBOLDT COUNTY FINANCE DEPARTMENT ELECTIVE OFFICE MEASURE..YES
000062 ,2,3,021 044 130 131 178 179 225 226 232 236 243,MEAS_S,NO,178,905,727,3,~  3A-13,MEASURE S HUMBOLDT COUN,NO,178,910,0,-5,0,5,449,0.00%,3A-13.MEASURE S HUMBOLDT COUNTY COMMERCIAL MARIJUANA CULTIVATION MEASURE..NO
000062 ,2,4,021 044 130 131 178 179 225 226 232 236 243,MEAS_V,YES,474,907,433,2,~  3A-13,MEASURE V MOBILE HOME P,YES,474,910,0,-3,0,3,207,0.00%,3A-13.MEASURE V MOBILE HOME PARK SPACE RENT STABILIZATION..YES
000062 ,1,1,021 044 129 130 178 179 225 229 232 236 243,PRES,DONALD_J_TRUMP,98,908,810,0,~  3A-13,PRESIDENT AND VICE PRES,DONALD J. TRUMP      ,98,910,0,-2,0,2,511,0.00%,3A-13.PRESIDENT AND VICE PRESIDENT.DONALD J. TRUMP      and MICHAEL R. PENCE
000062 ,1,1,021 044 129 130 178 179 225 229 232 236 243,PRES,GARY_JOHNSON,31,908,877,0,~  3A-13,PRESIDENT AND VICE PRES,GARY JOHNSON      and,31,910,0,-2,0,2,511,0.00%,3A-13.PRESIDENT AND VICE PRESIDENT.GARY JOHNSON      and BILL WELD
000062 ,1,1,021 044 129 130 178 179 225 229 232 236 243,PRES,JILL_STEIN,103,908,805,1,~  3A-13,PRESIDENT AND VICE PRES,JILL STEIN      and A,103,910,0,-2,0,2,511,0.00%,3A-13.PRESIDENT AND VICE PRESIDENT.JILL STEIN      and AJAMU BARAKA
000062 ,1,1,021 044 129 130 178 179 225 229 232 236 243,PRES,Write_in,32,908,876,0,~  3A-13,PRESIDENT AND VICE PRES,Write_in,32,910,0,-2,0,2,511,0.00%,3A-13.PRESIDENT AND VICE PRESIDENT.Write_in
000062 ,1,1,021 044 129 130 178 179 225 229 232 236 243,PROP_52,NO,161,908,747,2,~  3A-13,PROPOSITION 52 MEDI-CAL,NO,161,910,0,-2,0,2,487,0.00%,3A-13.PROPOSITION 52 MEDI-CAL HOSPITAL FEE PROGRAM. INITIATIVE CONSTITUTIONAL AMENDMENT AND STATUTE..NO
000062 ,1,1,021 044 129 130 178 179 225 229 232 236 243,PROP_53,YES,365,908,543,2,~  3A-13,PROPOSITION 53 REVENUE ,YES,365,910,0,-2,0,2,83,0.00%,3A-13.PROPOSITION 53 REVENUE BONDS. STATEWIDE VOTER APPROVAL. INITIATIVE CONSTITUTIONAL AMENDMENT..YES
000062 ,1,2,021 044 129 130 178 179 225 229 232 236 243,PROP_58,NO,98,906,808,0,~  3A-13,PROPOSITION 58 ENGLISH ,NO,98,910,0,-4,0,4,644,0.00%,3A-13.PROPOSITION 58 ENGLISH PROFICIENCY. MULTILINGUAL EDUCATION. INITIATIVE STATUTE..NO
000062 ,2,3,021 044 130 131 178 179 225 226 232 236 243,PROP_63,YES,633,905,272,2,~  3A-13,PROPOSITION 63 FIREARMS,YES,633,910,0,-5,0,5,400,0.00%,3A-13.PROPOSITION 63 FIREARMS. AMMUNITION SALES. INITIATIVE STATUTE..YES
000062 ,1,1,021 044 129 130 178 179 225 229 232 236 243,STATEASS2,KEN_ANTON,163,908,745,1,~  3A-13,"STATE ASSEMBLY, DISTRIC",KEN ANTON,163,910,0,-2,0,2,440,0.00%,"3A-13.STATE ASSEMBLY, DISTRICT 2.KEN ANTON"
000063 ,1,1,020 021 048 131 132 177 179 180 226 229 236,ARCATA_CC,VALERIE_ROSE-CAMPBELL,113,593,480,1,~  3A-J1,ARCATA CITY COUNCILMEMB,VALERIE ROSE-CAMPBELL,113,593,0,0,0,0,26,0.00%,3A-J1.ARCATA CITY COUNCILMEMBER.VALERIE ROSE-CAMPBELL
000063 ,1,1,020 021 048 131 132 177 179 180 226 229 236,ARCATA_CC,Write_in,4,1779,1775,0,~  3A-J1,ARCATA CITY COUNCILMEMB,Write_in,4,593,0,1186,0,1186,26,0.00%,3A-J1.ARCATA CITY COUNCILMEMBER.Write_in
000063 ,2,4,020 021 048 131 177 179 180 226 236,MEAS_F,NO,205,589,384,0,~  3A-J1,MEASURE F CITY OF ARCAT,NO,205,593,0,-4,0,4,128,0.00%,3A-J1.MEASURE F CITY OF ARCATA UTILITY USERS TAX..NO
000063 ,2,4,020 021 048 131 177 179 180 226 236,MEAS_F,YES,333,589,256,0,~  3A-J1,MEASURE F CITY OF ARCAT,YES,333,593,0,-4,0,4,128,0.00%,3A-J1.MEASURE F CITY OF ARCATA UTILITY USERS TAX..YES
000063 ,2,3,020 021 048 131 177 179 180 226 236,MEAS_K,BONDS_NO,174,589,415,0,~  3A-J1,MEASURE K JACOBY CREEK ,BONDS NO,174,593,0,-4,0,4,188,0.00%,3A-J1.MEASURE K JACOBY CREEK SCHOOL BOND MEASURE..BONDS NO
000063 ,2,3,020 021 048 131 177 179 180 226 236,MEAS_K,BONDS_YES,362,589,227,0,~  3A-J1,MEASURE K JACOBY CREEK ,BONDS YES,362,593,0,-4,0,4,188,0.00%,3A-J1.MEASURE K JACOBY CREEK SCHOOL BOND MEASURE..BONDS YES
000063 ,2,3,020 021 048 131 177 179 180 226 236,MEAS_Q,YES,221,589,368,1,~  3A-J1,MEASURE Q HUMBOLDT COUN,YES,221,593,0,-4,0,4,47,0.00%,3A-J1.MEASURE Q HUMBOLDT COUNTY CREATION OF FINANCE DEPARTMENT MEASURE..YES
000063 ,2,3,020 021 048 131 177 179 180 226 236,MEAS_R,NO,240,589,349,1,~  3A-J1,MEASURE R HUMBOLDT COUN,NO,240,593,0,-4,0,4,1,0.00%,3A-J1.MEASURE R HUMBOLDT COUNTY FINANCE DEPARTMENT ELECTIVE OFFICE MEASURE..NO
000063 ,2,3,020 021 048 131 177 179 180 226 236,MEAS_S,NO,135,589,454,1,~  3A-J1,MEASURE S HUMBOLDT COUN,NO,135,593,0,-4,0,4,277,0.00%,3A-J1.MEASURE S HUMBOLDT COUNTY COMMERCIAL MARIJUANA CULTIVATION MEASURE..NO
000063 ,2,3,020 021 048 131 177 179 180 226 236,MEAS_U,NO,179,589,410,1,~  3A-J1,MEASURE U LOCAL TRANSPO,NO,179,593,0,-4,0,4,180,0.00%,3A-J1.MEASURE U LOCAL TRANSPORTATION AUTHORITY RETAIL TRANSACTIONS AND USE TAX..NO
000063 ,2,4,020 021 048 131 177 179 180 226 236,MEAS_V,YES,344,589,245,1,~  3A-J1,MEASURE V MOBILE HOME P,YES,344,593,0,-4,0,4,162,0.00%,3A-J1.MEASURE V MOBILE HOME PARK SPACE RENT STABILIZATION..YES
000063 ,1,1,020 021 048 131 132 177 179 180 226 229 236,PRES,JILL_STEIN,33,593,560,0,~  3A-J1,PRESIDENT AND VICE PRES,JILL STEIN      and A,33,593,0,0,0,0,402,0.00%,3A-J1.PRESIDENT AND VICE PRESIDENT.JILL STEIN      and AJAMU BARAKA
000063 ,1,1,020 021 048 131 132 177 179 180 226 229 236,PROP_51,NO,215,593,378,3,~  3A-J1,PROPOSITION 51 SCHOOL B,NO,215,593,0,0,0,0,126,0.00%,3A-J1.PROPOSITION 51 SCHOOL BONDS. FUNDING FOR K-12 SCHOOL AND COMMUNITY COLLEGE FACILITIES. INITIATIVE.NO
000063 ,1,1,020 021 048 131 132 177 179 180 226 229 236,PROP_52,NO,113,593,480,0,~  3A-J1,PROPOSITION 52 MEDI-CAL,NO,113,593,0,0,0,0,330,0.00%,3A-J1.PROPOSITION 52 MEDI-CAL HOSPITAL FEE PROGRAM. INITIATIVE CONSTITUTIONAL AMENDMENT AND STATUTE..NO
000063 ,1,1,020 021 048 131 132 177 179 180 226 229 236,PROP_52,YES,443,593,150,0,~  3A-J1,PROPOSITION 52 MEDI-CAL,YES,443,593,0,0,0,0,330,0.00%,3A-J1.PROPOSITION 52 MEDI-CAL HOSPITAL FEE PROGRAM. INITIATIVE CONSTITUTIONAL AMENDMENT AND STATUTE..YES
000063 ,1,1,020 021 048 131 132 177 179 180 226 229 236,PROP_53,NO,380,593,213,3,~  3A-J1,PROPOSITION 53 REVENUE ,NO,380,593,0,0,0,0,207,0.00%,3A-J1.PROPOSITION 53 REVENUE BONDS. STATEWIDE VOTER APPROVAL. INITIATIVE CONSTITUTIONAL AMENDMENT..NO
000063 ,1,1,020 021 048 131 132 177 179 180 226 229 236,PROP_54,NO,239,593,354,1,~  3A-J1,PROPOSITION 54 LEGISLAT,NO,239,593,0,0,0,0,74,0.00%,3A-J1.PROPOSITION 54 LEGISLATURE. LEGISLATION AND PROCEEDINGS. INITIATIVE CONSTITUTIONAL AMENDMENT AND.NO
000063 ,1,2,020 021 048 131 132 177 179 180 226 229 236,PROP_55,NO,91,593,502,0,~  3A-J1,PROPOSITION 55 TAX EXTE,NO,91,593,0,0,0,0,385,0.00%,3A-J1.PROPOSITION 55 TAX EXTENSION TO FUND EDUCATION AND HEALTHCARE. INITIATIVE CONSTITUTIONAL AMENDMENT..NO
000063 ,1,2,020 021 048 131 132 177 179 180 226 229 236,PROP_55,YES,476,593,117,0,~  3A-J1,PROPOSITION 55 TAX EXTE,YES,476,593,0,0,0,0,385,0.00%,3A-J1.PROPOSITION 55 TAX EXTENSION TO FUND EDUCATION AND HEALTHCARE. INITIATIVE CONSTITUTIONAL AMENDMENT..YES
000063 ,1,2,020 021 048 131 132 177 179 180 226 229 236,PROP_56,YES,441,593,152,1,~  3A-J1,PROPOSITION 56 CIGARETT,YES,441,593,0,0,0,0,312,0.00%,"3A-J1.PROPOSITION 56 CIGARETTE TAX TO FUND HEALTHCARE, TOBACCO USE PREVENTION, RESEARCH, AND.YES"
000063 ,1,2,020 021 048 131 132 177 179 180 226 229 236,PROP_57,NO,83,593,510,0,~  3A-J1,PROPOSITION 57 CRIMINAL,NO,83,593,0,0,0,0,392,0.00%,3A-J1.PROPOSITION 57 CRIMINAL SENTENCES. PAROLE. JUVENILE CRIMINAL PROCEEDINGS AND SENTENCING. INITIATIVE.NO
000063 ,1,2,020 021 048 131 132 177 179 180 226 229 236,PROP_57,YES,475,593,118,0,~  3A-J1,PROPOSITION 57 CRIMINAL,YES,475,593,0,0,0,0,392,0.00%,3A-J1.PROPOSITION 57 CRIMINAL SENTENCES. PAROLE. JUVENILE CRIMINAL PROCEEDINGS AND SENTENCING. INITIATIVE.YES
000063 ,1,2,020 021 048 131 132 177 179 180 226 229 236,PROP_58,YES,490,593,103,1,~  3A-J1,PROPOSITION 58 ENGLISH ,YES,490,593,0,0,0,0,425,0.00%,3A-J1.PROPOSITION 58 ENGLISH PROFICIENCY. MULTILINGUAL EDUCATION. INITIATIVE STATUTE..YES
000063 ,1,2,020 021 048 131 132 177 179 180 226 229 236,PROP_59,YES,436,593,157,1,~  3A-J1,PROPOSITION 59 CORPORAT,YES,436,593,0,0,0,0,325,0.00%,3A-J1.PROPOSITION 59 CORPORATIONS. POLITICAL SPENDING. FEDERAL CONSTITUTIONAL PROTECTIONS..YES
000063 ,1,2,020 021 048 131 132 177 179 180 226 229 236,PROP_61,NO,200,593,393,0,~  3A-J1,PROPOSITION 61 STATE PR,NO,200,593,0,0,0,0,143,0.00%,3A-J1.PROPOSITION 61 STATE PRESCRIPTION DRUG PURCHASES. PRICING STANDARDS. INITIATIVE STATUTE..NO
000063 ,1,2,020 021 048 131 132 177 179 180 226 229 236,PROP_62,YES,428,593,165,1,~  3A-J1,PROPOSITION 62 DEATH PE,YES,428,593,0,0,0,0,292,0.00%,3A-J1.PROPOSITION 62 DEATH PENALTY. INITIATIVE STATUTE..YES
000063 ,2,3,020 021 048 131 177 179 180 226 236,PROP_63,NO,148,589,441,1,~  3A-J1,PROPOSITION 63 FIREARMS,NO,148,593,0,-4,0,4,272,0.00%,3A-J1.PROPOSITION 63 FIREARMS. AMMUNITION SALES. INITIATIVE STATUTE..NO
000063 ,2,3,020 021 048 131 177 179 180 226 236,PROP_64,NO,139,589,450,0,~  3A-J1,PROPOSITION 64 MARIJUAN,NO,139,593,0,-4,0,4,300,0.00%,3A-J1.PROPOSITION 64 MARIJUANA LEGALIZATION. INITIATIVE STATUTE..NO
000063 ,2,3,020 021 048 131 177 179 180 226 236,PROP_64,YES,439,589,150,0,~  3A-J1,PROPOSITION 64 MARIJUAN,YES,439,593,0,-4,0,4,300,0.00%,3A-J1.PROPOSITION 64 MARIJUANA LEGALIZATION. INITIATIVE STATUTE..YES
000063 ,2,3,020 021 048 131 177 179 180 226 236,PROP_65,NO,342,589,247,4,~  3A-J1,PROPOSITION 65 CARRYOUT,NO,342,593,0,-4,0,4,128,0.00%,3A-J1.PROPOSITION 65 CARRYOUT BAGS. CHARGES. INITIATIVE STATUTE..NO
000063 ,2,3,020 021 048 131 177 179 180 226 236,PROP_67,YES,467,589,122,1,~  3A-J1,PROPOSITION 67 BAN ON S,YES,467,593,0,-4,0,4,366,0.00%,3A-J1.PROPOSITION 67 BAN ON SINGLE-USE PLASTIC BAGS. REFERENDUM..YES
000063 ,1,1,020 021 048 131 132 177 179 180 226 229 236,STATEASS2,JIM_WOOD,459,593,134,0,~  3A-J1,"STATE ASSEMBLY, DISTRIC",JIM WOOD,459,593,0,0,0,0,381,0.00%,"3A-J1.STATE ASSEMBLY, DISTRICT 2.JIM WOOD"
000063 ,1,1,020 021 048 131 132 177 179 180 226 229 236,STATEASS2,KEN_ANTON,78,593,515,0,~  3A-J1,"STATE ASSEMBLY, DISTRIC",KEN ANTON,78,593,0,0,0,0,381,0.00%,"3A-J1.STATE ASSEMBLY, DISTRICT 2.KEN ANTON"
000063 ,1,1,020 021 048 131 132 177 179 180 226 229 236,USREP,DALE_K_MENSING,59,593,534,0,~  3A-J1,US REPRESENTATIVE IN CO,DALE K. MENSING,59,593,0,0,0,0,449,0.00%,"3A-J1.US REPRESENTATIVE IN CONGRESS, DISTRICT 2.DALE K. MENSING"
000063 ,1,1,020 021 048 131 132 177 179 180 226 229 236,USREP,JARED_W_HUFFMAN,508,593,85,0,~  3A-J1,US REPRESENTATIVE IN CO,JARED W. HUFFMAN,508,593,0,0,0,0,449,0.00%,"3A-J1.US REPRESENTATIVE IN CONGRESS, DISTRICT 2.JARED W. HUFFMAN"
000063 ,1,1,020 021 048 131 132 177 179 180 226 229 236,USSEN,KAMALA_D_HARRIS,409,593,184,0,~  3A-J1,US SENATOR,KAMALA D. HARRIS,409,593,0,0,0,0,302,0.00%,3A-J1.US SENATOR.KAMALA D. HARRIS
000063 ,1,1,020 021 048 131 132 177 179 180 226 229 236,USSEN,LORETTA_L_SANCHEZ,107,593,486,0,~  3A-J1,US SENATOR,LORETTA L. SANCHEZ,107,593,0,0,0,0,302,0.00%,3A-J1.US SENATOR.LORETTA L. SANCHEZ
000064 ,1,1,020 050 133 134 180 181 182 183 226 229 236 243,ARCATA_CC,DANIEL_MURPHY,174,814,640,0,~  3A-P2,ARCATA CITY COUNCILMEMB,DANIEL MURPHY,174,815,0,-1,0,1,14,0.00%,3A-P2.ARCATA CITY COUNCILMEMBER.DANIEL MURPHY
000064 ,1,1,020 050 133 134 180 181 182 183 226 229 236 243,ARCATA_CC,MICHAEL_WINKLER,411,814,403,0,~  3A-P2,ARCATA CITY COUNCILMEMB,MICHAEL WINKLER,411,815,0,-1,0,1,14,0.00%,3A-P2.ARCATA CITY COUNCILMEMBER.MICHAEL WINKLER
000064 ,1,1,020 050 133 134 180 181 182 183 226 229 236 243,ARCATA_CC,VALERIE_ROSE-CAMPBELL,173,814,641,0,~  3A-P2,ARCATA CITY COUNCILMEMB,VALERIE ROSE-CAMPBELL,173,815,0,-1,0,1,14,0.00%,3A-P2.ARCATA CITY COUNCILMEMBER.VALERIE ROSE-CAMPBELL
000064 ,1,1,020 050 133 134 180 181 182 183 226 229 236 243,ARCATA_CC,Write_in,26,2442,2416,0,~  3A-P2,ARCATA CITY COUNCILMEMB,Write_in,26,815,0,1627,0,1627,14,0.00%,3A-P2.ARCATA CITY COUNCILMEMBER.Write_in
000064 ,2,3,020 050 134 180 181 182 183 226 229 236 243,MEAS_S,YES,530,813,283,1,~  3A-P2,MEASURE S HUMBOLDT COUN,YES,530,815,0,-2,0,2,314,0.00%,3A-P2.MEASURE S HUMBOLDT COUNTY COMMERCIAL MARIJUANA CULTIVATION MEASURE..YES
000064 ,2,3,020 050 134 180 181 182 183 226 229 236 243,MEAS_U,YES,449,813,364,1,~  3A-P2,MEASURE U LOCAL TRANSPO,YES,449,815,0,-2,0,2,181,0.00%,3A-P2.MEASURE U LOCAL TRANSPORTATION AUTHORITY RETAIL TRANSACTIONS AND USE TAX..YES
000064 ,1,1,020 050 133 134 180 181 182 183 226 229 236 243,PRES,DONALD_J_TRUMP,141,814,673,0,~  3A-P2,PRESIDENT AND VICE PRES,DONALD J. TRUMP      ,141,815,0,-1,0,1,373,0.00%,3A-P2.PRESIDENT AND VICE PRESIDENT.DONALD J. TRUMP      and MICHAEL R. PENCE
000064 ,1,1,020 050 133 134 180 181 182 183 226 229 236 243,PRES,GARY_JOHNSON,23,814,791,0,~  3A-P2,PRESIDENT AND VICE PRES,GARY JOHNSON      and,23,815,0,-1,0,1,373,0.00%,3A-P2.PRESIDENT AND VICE PRESIDENT.GARY JOHNSON      and BILL WELD
000064 ,1,1,020 050 133 134 180 181 182 183 226 229 236 243,PRES,GLORIA_ESTELA_LA_RIVA,5,814,809,0,~  3A-P2,PRESIDENT AND VICE PRES,GLORIA ESTELA LA RIVA,5,815,0,-1,0,1,373,0.00%,3A-P2.PRESIDENT AND VICE PRESIDENT.GLORIA ESTELA LA RIVA      and DENNIS J. BANKS
000064 ,1,1,020 050 133 134 180 181 182 183 226 229 236 243,PRES,JILL_STEIN,85,814,729,0,~  3A-P2,PRESIDENT AND VICE PRES,JILL STEIN      and A,85,815,0,-1,0,1,373,0.00%,3A-P2.PRESIDENT AND VICE PRESIDENT.JILL STEIN      and AJAMU BARAKA
000064 ,1,1,020 050 133 134 180 181 182 183 226 229 236 243,PRES,Write_in,38,814,776,0,~  3A-P2,PRESIDENT AND VICE PRES,Write_in,38,815,0,-1,0,1,373,0.00%,3A-P2.PRESIDENT AND VICE PRESIDENT.Write_in
000064 ,1,1,020 050 133 134 180 181 182 183 226 229 236 243,PROP_51,NO,293,814,521,0,~  3A-P2,PROPOSITION 51 SCHOOL B,NO,293,815,0,-1,0,1,177,0.00%,3A-P2.PROPOSITION 51 SCHOOL BONDS. FUNDING FOR K-12 SCHOOL AND COMMUNITY COLLEGE FACILITIES. INITIATIVE.NO
000064 ,1,1,020 050 133 134 180 181 182 183 226 229 236 243,PROP_52,NO,170,814,644,2,~  3A-P2,PROPOSITION 52 MEDI-CAL,NO,170,815,0,-1,0,1,417,0.00%,3A-P2.PROPOSITION 52 MEDI-CAL HOSPITAL FEE PROGRAM. INITIATIVE CONSTITUTIONAL AMENDMENT AND STATUTE..NO
000064 ,1,1,020 050 133 134 180 181 182 183 226 229 236 243,PROP_53,YES,299,814,515,1,~  3A-P2,PROPOSITION 53 REVENUE ,YES,299,815,0,-1,0,1,122,0.00%,3A-P2.PROPOSITION 53 REVENUE BONDS. STATEWIDE VOTER APPROVAL. INITIATIVE CONSTITUTIONAL AMENDMENT..YES
000064 ,1,1,020 050 133 134 180 181 182 183 226 229 236 243,PROP_54,NO,227,814,587,1,~  3A-P2,PROPOSITION 54 LEGISLAT,NO,227,815,0,-1,0,1,291,0.00%,3A-P2.PROPOSITION 54 LEGISLATURE. LEGISLATION AND PROCEEDINGS. INITIATIVE CONSTITUTIONAL AMENDMENT AND.NO
000064 ,1,2,020 050 133 134 180 181 182 183 226 229 236 243,PROP_55,YES,589,813,224,2,~  3A-P2,PROPOSITION 55 TAX EXTE,YES,589,815,0,-2,0,2,421,0.00%,3A-P2.PROPOSITION 55 TAX EXTENSION TO FUND EDUCATION AND HEALTHCARE. INITIATIVE CONSTITUTIONAL AMENDMENT..YES
000064 ,1,2,020 050 133 134 180 181 182 183 226 229 236 243,PROP_56,NO,273,813,540,0,~  3A-P2,PROPOSITION 56 CIGARETT,NO,273,815,0,-2,0,2,241,0.00%,"3A-P2.PROPOSITION 56 CIGARETTE TAX TO FUND HEALTHCARE, TOBACCO USE PREVENTION, RESEARCH, AND.NO"
000064 ,1,2,020 050 133 134 180 181 182 183 226 229 236 243,PROP_58,NO,131,813,682,0,~  3A-P2,PROPOSITION 58 ENGLISH ,NO,131,815,0,-2,0,2,492,0.00%,3A-P2.PROPOSITION 58 ENGLISH PROFICIENCY. MULTILINGUAL EDUCATION. INITIATIVE STATUTE..NO
000064 ,1,2,020 050 133 134 180 181 182 183 226 229 236 243,PROP_59,NO,203,813,610,0,~  3A-P2,PROPOSITION 59 CORPORAT,NO,203,815,0,-2,0,2,315,0.00%,3A-P2.PROPOSITION 59 CORPORATIONS. POLITICAL SPENDING. FEDERAL CONSTITUTIONAL PROTECTIONS..NO
000064 ,1,2,020 050 133 134 180 181 182 183 226 229 236 243,PROP_60,YES,288,813,525,2,~  3A-P2,PROPOSITION 60 ADULT FI,YES,288,815,0,-2,0,2,168,0.00%,3A-P2.PROPOSITION 60 ADULT FILMS. CONDOMS. HEALTH REQUIREMENTS. INITIATIVE STATUTE..YES
000064 ,2,3,020 050 134 180 181 182 183 226 229 236 243,PROP_63,NO,282,813,531,0,~  3A-P2,PROPOSITION 63 FIREARMS,NO,282,815,0,-2,0,2,207,0.00%,3A-P2.PROPOSITION 63 FIREARMS. AMMUNITION SALES. INITIATIVE STATUTE..NO
000064 ,2,3,020 050 134 180 181 182 183 226 229 236 243,PROP_63,YES,489,813,324,0,~  3A-P2,PROPOSITION 63 FIREARMS,YES,489,815,0,-2,0,2,207,0.00%,3A-P2.PROPOSITION 63 FIREARMS. AMMUNITION SALES. INITIATIVE STATUTE..YES
000064 ,2,3,020 050 134 180 181 182 183 226 229 236 243,PROP_64,NO,278,813,535,0,~  3A-P2,PROPOSITION 64 MARIJUAN,NO,278,815,0,-2,0,2,234,0.00%,3A-P2.PROPOSITION 64 MARIJUANA LEGALIZATION. INITIATIVE STATUTE..NO
000064 ,2,3,020 050 134 180 181 182 183 226 229 236 243,PROP_64,YES,512,813,301,0,~  3A-P2,PROPOSITION 64 MARIJUAN,YES,512,815,0,-2,0,2,234,0.00%,3A-P2.PROPOSITION 64 MARIJUANA LEGALIZATION. INITIATIVE STATUTE..YES
000064 ,2,3,020 050 134 180 181 182 183 226 229 236 243,PROP_66,NO,434,813,379,1,~  3A-P2,PROPOSITION 66 DEATH PE,NO,434,815,0,-2,0,2,166,0.00%,3A-P2.PROPOSITION 66 DEATH PENALTY. PROCEDURES. INITIATIVE STATUTE..NO
000064 ,2,3,020 050 134 180 181 182 183 226 229 236 243,PROP_67,YES,554,813,259,1,~  3A-P2,PROPOSITION 67 BAN ON S,YES,554,815,0,-2,0,2,335,0.00%,3A-P2.PROPOSITION 67 BAN ON SINGLE-USE PLASTIC BAGS. REFERENDUM..YES
000064 ,1,1,020 050 133 134 180 181 182 183 226 229 236 243,STATEASS2,KEN_ANTON,160,814,654,0,~  3A-P2,"STATE ASSEMBLY, DISTRIC",KEN ANTON,160,815,0,-1,0,1,375,0.00%,"3A-P2.STATE ASSEMBLY, DISTRICT 2.KEN ANTON"
000064 ,1,1,020 050 133 134 180 181 182 183 226 229 236 243,USREP,DALE_K_MENSING,144,814,670,0,~  3A-P2,US REPRESENTATIVE IN CO,DALE K. MENSING,144,815,0,-1,0,1,464,0.00%,"3A-P2.US REPRESENTATIVE IN CONGRESS, DISTRICT 2.DALE K. MENSING"
000064 ,1,1,020 050 133 134 180 181 182 183 226 229 236 243,USSEN,KAMALA_D_HARRIS,463,814,351,0,~  3A-P2,US SENATOR,KAMALA D. HARRIS,463,815,0,-1,0,1,258,0.00%,3A-P2.US SENATOR.KAMALA D. HARRIS
000065 ,1,1,021 022 043 044 124 132 183 184 226 229 236,ARCATA_CC,SUSAN_ORNELAS,396,838,442,3,~  3A-P4,ARCATA CITY COUNCILMEMB,SUSAN ORNELAS,396,839,0,-1,0,1,39,0.00%,3A-P4.ARCATA CITY COUNCILMEMBER.SUSAN ORNELAS
000065 ,1,1,021 022 043 044 124 132 183 184 226 229 236,ARCATA_CC,Write_in,18,2514,2496,0,~  3A-P4,ARCATA CITY COUNCILMEMB,Write_in,18,839,0,1675,0,1675,39,0.00%,3A-P4.ARCATA CITY COUNCILMEMBER.Write_in
000065 ,2,3,021 022 043 044 132 133 183 184 226 236,MEAS_R,YES,384,837,453,2,~  3A-P4,MEASURE R HUMBOLDT COUN,YES,384,839,0,-2,0,2,74,0.00%,3A-P4.MEASURE R HUMBOLDT COUNTY FINANCE DEPARTMENT ELECTIVE OFFICE MEASURE..YES
000065 ,1,1,021 022 043 044 124 132 183 184 226 229 236,PRES,DONALD_J_TRUMP,185,838,653,0,~  3A-P4,PRESIDENT AND VICE PRES,DONALD J. TRUMP      ,185,839,0,-1,0,1,332,0.00%,3A-P4.PRESIDENT AND VICE PRESIDENT.DONALD J. TRUMP      and MICHAEL R. PENCE
000065 ,1,1,021 022 043 044 124 132 183 184 226 229 236,PRES,GARY_JOHNSON,21,838,817,0,~  3A-P4,PRESIDENT AND VICE PRES,GARY JOHNSON      and,21,839,0,-1,0,1,332,0.00%,3A-P4.PRESIDENT AND VICE PRESIDENT.GARY JOHNSON      and BILL WELD
000065 ,1,1,021 022 043 044 124 132 183 184 226 229 236,PRES,HILLARY_CLINTON,517,838,321,0,~  3A-P4,PRESIDENT AND VICE PRES,HILLARY CLINTON      ,517,839,0,-1,0,1,332,0.00%,3A-P4.PRESIDENT AND VICE PRESIDENT.HILLARY CLINTON      and TIM KAINE
000065 ,1,1,021 022 043 044 124 132 183 184 226 229 236,PRES,JILL_STEIN,65,838,773,0,~  3A-P4,PRESIDENT AND VICE PRES,JILL STEIN      and A,65,839,0,-1,0,1,332,0.00%,3A-P4.PRESIDENT AND VICE PRESIDENT.JILL STEIN      and AJAMU BARAKA
000065 ,1,1,021 022 043 044 124 132 183 184 226 229 236,PROP_51,YES,465,838,373,2,~  3A-P4,PROPOSITION 51 SCHOOL B,YES,465,839,0,-1,0,1,142,0.00%,3A-P4.PROPOSITION 51 SCHOOL BONDS. FUNDING FOR K-12 SCHOOL AND COMMUNITY COLLEGE FACILITIES. INITIATIVE.YES
000065 ,1,1,021 022 043 044 124 132 183 184 226 229 236,PROP_52,NO,188,838,650,3,~  3A-P4,PROPOSITION 52 MEDI-CAL,NO,188,839,0,-1,0,1,401,0.00%,3A-P4.PROPOSITION 52 MEDI-CAL HOSPITAL FEE PROGRAM. INITIATIVE CONSTITUTIONAL AMENDMENT AND STATUTE..NO
000065 ,1,1,021 022 043 044 124 132 183 184 226 229 236,PROP_53,YES,385,838,453,2,~  3A-P4,PROPOSITION 53 REVENUE ,YES,385,839,0,-1,0,1,20,0.00%,3A-P4.PROPOSITION 53 REVENUE BONDS. STATEWIDE VOTER APPROVAL. INITIATIVE CONSTITUTIONAL AMENDMENT..YES
000065 ,1,1,021 022 043 044 124 132 183 184 226 229 236,PROP_54,NO,265,838,573,1,~  3A-P4,PROPOSITION 54 LEGISLAT,NO,265,839,0,-1,0,1,249,0.00%,3A-P4.PROPOSITION 54 LEGISLATURE. LEGISLATION AND PROCEEDINGS. INITIATIVE CONSTITUTIONAL AMENDMENT AND.NO
000065 ,2,3,021 022 043 044 132 133 183 184 226 236,PROP_63,NO,284,836,552,1,~  3A-P4,PROPOSITION 63 FIREARMS,NO,284,839,0,-3,0,3,241,0.00%,3A-P4.PROPOSITION 63 FIREARMS. AMMUNITION SALES. INITIATIVE STATUTE..NO
000065 ,2,3,021 022 043 044 132 133 183 184 226 236,PROP_64,YES,547,836,289,0,~  3A-P4,PROPOSITION 64 MARIJUAN,YES,547,839,0,-3,0,3,286,0.00%,3A-P4.PROPOSITION 64 MARIJUANA LEGALIZATION. INITIATIVE STATUTE..YES
000065 ,2,3,021 022 043 044 132 133 183 184 226 236,PROP_67,YES,549,837,288,3,~  3A-P4,PROPOSITION 67 BAN ON S,YES,549,839,0,-2,0,2,289,0.00%,3A-P4.PROPOSITION 67 BAN ON SINGLE-USE PLASTIC BAGS. REFERENDUM..YES
000065 ,1,1,021 022 043 044 124 132 183 184 226 229 236,USREP,JARED_W_HUFFMAN,599,838,239,1,~  3A-P4,US REPRESENTATIVE IN CO,JARED W. HUFFMAN,599,839,0,-1,0,1,431,0.00%,"3A-P4.US REPRESENTATIVE IN CONGRESS, DISTRICT 2.JARED W. HUFFMAN"
000066 ,2,3,035 219 223,MEAS_H,NO,47,142,95,0,~  3AS-1,MEASURE H ARCATA SCHOOL,NO,47,142,0,0,0,0,39,0.00%,3AS-1.MEASURE H ARCATA SCHOOL DISTRICT PARCEL TAX..NO
000066 ,2,3,035 219 223,MEAS_H,YES,86,142,56,0,~  3AS-1,MEASURE H ARCATA SCHOOL,YES,86,142,0,0,0,0,39,0.00%,3AS-1.MEASURE H ARCATA SCHOOL DISTRICT PARCEL TAX..YES
000066 ,2,3,035 219 223,MEAS_I,BONDS_NO,49,142,93,0,~  3AS-1,MEASURE I ARCATA SCHOOL,BONDS NO,49,142,0,0,0,0,32,0.00%,3AS-1.MEASURE I ARCATA SCHOOL DISTRICT BOND MEASURE..BONDS NO
000066 ,2,3,035 219 223,MEAS_I,BONDS_YES,81,142,61,0,~  3AS-1,MEASURE I ARCATA SCHOOL,BONDS YES,81,142,0,0,0,0,32,0.00%,3AS-1.MEASURE I ARCATA SCHOOL DISTRICT BOND MEASURE..BONDS YES
000066 ,2,3,035 219 223,MEAS_Q,YES,65,142,77,1,~  3AS-1,MEASURE Q HUMBOLDT COUN,YES,65,142,0,0,0,0,15,0.00%,3AS-1.MEASURE Q HUMBOLDT COUNTY CREATION OF FINANCE DEPARTMENT MEASURE..YES
000066 ,2,3,035 219 223,MEAS_R,YES,61,142,81,1,~  3AS-1,MEASURE R HUMBOLDT COUN,YES,61,142,0,0,0,0,6,0.00%,3AS-1.MEASURE R HUMBOLDT COUNTY FINANCE DEPARTMENT ELECTIVE OFFICE MEASURE..YES
000066 ,2,3,035 219 223,MEAS_S,NO,43,142,99,0,~  3AS-1,MEASURE S HUMBOLDT COUN,NO,43,142,0,0,0,0,43,0.00%,3AS-1.MEASURE S HUMBOLDT COUNTY COMMERCIAL MARIJUANA CULTIVATION MEASURE..NO
000066 ,2,3,035 219 223,MEAS_S,YES,86,142,56,0,~  3AS-1,MEASURE S HUMBOLDT COUN,YES,86,142,0,0,0,0,43,0.00%,3AS-1.MEASURE S HUMBOLDT COUNTY COMMERCIAL MARIJUANA CULTIVATION MEASURE..YES
000066 ,2,3,035 219 223,MEAS_U,NO,56,142,86,0,~  3AS-1,MEASURE U LOCAL TRANSPO,NO,56,142,0,0,0,0,13,0.00%,3AS-1.MEASURE U LOCAL TRANSPORTATION AUTHORITY RETAIL TRANSACTIONS AND USE TAX..NO
000066 ,2,3,035 219 223,MEAS_U,YES,69,142,73,0,~  3AS-1,MEASURE U LOCAL TRANSPO,YES,69,142,0,0,0,0,13,0.00%,3AS-1.MEASURE U LOCAL TRANSPORTATION AUTHORITY RETAIL TRANSACTIONS AND USE TAX..YES
000066 ,2,4,035 219 223,MEAS_V,NO,51,142,91,0,~  3AS-1,MEASURE V MOBILE HOME P,NO,51,142,0,0,0,0,24,0.00%,3AS-1.MEASURE V MOBILE HOME PARK SPACE RENT STABILIZATION..NO
000066 ,2,4,035 219 223,MEAS_V,YES,75,142,67,0,~  3AS-1,MEASURE V MOBILE HOME P,YES,75,142,0,0,0,0,24,0.00%,3AS-1.MEASURE V MOBILE HOME PARK SPACE RENT STABILIZATION..YES
000066 ,1,1,035 219 223,PRES,DONALD_J_TRUMP,35,142,107,0,~  3AS-1,PRESIDENT AND VICE PRES,DONALD J. TRUMP      ,35,142,0,0,0,0,50,0.00%,3AS-1.PRESIDENT AND VICE PRESIDENT.DONALD J. TRUMP      and MICHAEL R. PENCE
000066 ,1,1,035 219 223,PRES,GARY_JOHNSON,6,142,136,0,~  3AS-1,PRESIDENT AND VICE PRES,GARY JOHNSON      and,6,142,0,0,0,0,50,0.00%,3AS-1.PRESIDENT AND VICE PRESIDENT.GARY JOHNSON      and BILL WELD
000066 ,1,1,035 219 223,PRES,GLORIA_ESTELA_LA_RIVA,0,142,142,0,~  3AS-1,PRESIDENT AND VICE PRES,GLORIA ESTELA LA RIVA,0,142,0,0,0,0,50,0.00%,3AS-1.PRESIDENT AND VICE PRESIDENT.GLORIA ESTELA LA RIVA      and DENNIS J. BANKS
000066 ,1,1,035 219 223,PRES,HILLARY_CLINTON,85,142,57,0,~  3AS-1,PRESIDENT AND VICE PRES,HILLARY CLINTON      ,85,142,0,0,0,0,50,0.00%,3AS-1.PRESIDENT AND VICE PRESIDENT.HILLARY CLINTON      and TIM KAINE
000066 ,1,1,035 219 223,PRES,JILL_STEIN,7,142,135,0,~  3AS-1,PRESIDENT AND VICE PRES,JILL STEIN      and A,7,142,0,0,0,0,50,0.00%,3AS-1.PRESIDENT AND VICE PRESIDENT.JILL STEIN      and AJAMU BARAKA
000066 ,1,1,035 219 223,PRES,Write_in,5,142,137,0,~  3AS-1,PRESIDENT AND VICE PRES,Write_in,5,142,0,0,0,0,50,0.00%,3AS-1.PRESIDENT AND VICE PRESIDENT.Write_in
000066 ,1,1,035 219 223,PROP_51,NO,60,142,82,0,~  3AS-1,PROPOSITION 51 SCHOOL B,NO,60,142,0,0,0,0,12,0.00%,3AS-1.PROPOSITION 51 SCHOOL BONDS. FUNDING FOR K-12 SCHOOL AND COMMUNITY COLLEGE FACILITIES. INITIATIVE.NO
000066 ,1,1,035 219 223,PROP_51,YES,72,142,70,0,~  3AS-1,PROPOSITION 51 SCHOOL B,YES,72,142,0,0,0,0,12,0.00%,3AS-1.PROPOSITION 51 SCHOOL BONDS. FUNDING FOR K-12 SCHOOL AND COMMUNITY COLLEGE FACILITIES. INITIATIVE.YES
000066 ,1,1,035 219 223,PROP_52,NO,38,142,104,1,~  3AS-1,PROPOSITION 52 MEDI-CAL,NO,38,142,0,0,0,0,55,0.00%,3AS-1.PROPOSITION 52 MEDI-CAL HOSPITAL FEE PROGRAM. INITIATIVE CONSTITUTIONAL AMENDMENT AND STATUTE..NO
000066 ,1,1,035 219 223,PROP_53,NO,79,142,63,0,~  3AS-1,PROPOSITION 53 REVENUE ,NO,79,142,0,0,0,0,30,0.00%,3AS-1.PROPOSITION 53 REVENUE BONDS. STATEWIDE VOTER APPROVAL. INITIATIVE CONSTITUTIONAL AMENDMENT..NO
000066 ,1,1,035 219 223,PROP_53,YES,49,142,93,0,~  3AS-1,PROPOSITION 53 REVENUE ,YES,49,142,0,0,0,0,30,0.00%,3AS-1.PROPOSITION 53 REVENUE BONDS. STATEWIDE VOTER APPROVAL. INITIATIVE CONSTITUTIONAL AMENDMENT..YES
000066 ,1,1,035 219 223,PROP_54,NO,49,142,93,0,~  3AS-1,PROPOSITION 54 LEGISLAT,NO,49,142,0,0,0,0,35,0.00%,3AS-1.PROPOSITION 54 LEGISLATURE. LEGISLATION AND PROCEEDINGS. INITIATIVE CONSTITUTIONAL AMENDMENT AND.NO
000066 ,1,1,035 219 223,PROP_54,YES,84,142,58,0,~  3AS-1,PROPOSITION 54 LEGISLAT,YES,84,142,0,0,0,0,35,0.00%,3AS-1.PROPOSITION 54 LEGISLATURE. LEGISLATION AND PROCEEDINGS. INITIATIVE CONSTITUTIONAL AMENDMENT AND.YES
000066 ,1,1,035 219 223,PROP_55,NO,44,142,98,0,~  3AS-1,PROPOSITION 55 TAX EXTE,NO,44,142,0,0,0,0,47,0.00%,3AS-1.PROPOSITION 55 TAX EXTENSION TO FUND EDUCATION AND HEALTHCARE. INITIATIVE CONSTITUTIONAL AMENDMENT..NO
000066 ,1,1,035 219 223,PROP_55,YES,91,142,51,0,~  3AS-1,PROPOSITION 55 TAX EXTE,YES,91,142,0,0,0,0,47,0.00%,3AS-1.PROPOSITION 55 TAX EXTENSION TO FUND EDUCATION AND HEALTHCARE. INITIATIVE CONSTITUTIONAL AMENDMENT..YES
000066 ,1,2,035 219 223,PROP_56,NO,42,142,100,0,~  3AS-1,PROPOSITION 56 CIGARETT,NO,42,142,0,0,0,0,49,0.00%,"3AS-1.PROPOSITION 56 CIGARETTE TAX TO FUND HEALTHCARE, TOBACCO USE PREVENTION, RESEARCH, AND.NO"
000066 ,1,2,035 219 223,PROP_56,YES,91,142,51,0,~  3AS-1,PROPOSITION 56 CIGARETT,YES,91,142,0,0,0,0,49,0.00%,"3AS-1.PROPOSITION 56 CIGARETTE TAX TO FUND HEALTHCARE, TOBACCO USE PREVENTION, RESEARCH, AND.YES"
000066 ,1,2,035 219 223,PROP_57,NO,38,142,104,0,~  3AS-1,PROPOSITION 57 CRIMINAL,NO,38,142,0,0,0,0,56,0.00%,3AS-1.PROPOSITION 57 CRIMINAL SENTENCES. PAROLE. JUVENILE CRIMINAL PROCEEDINGS AND SENTENCING. INITIATIVE.NO
000066 ,1,2,035 219 223,PROP_57,YES,94,142,48,0,~  3AS-1,PROPOSITION 57 CRIMINAL,YES,94,142,0,0,0,0,56,0.00%,3AS-1.PROPOSITION 57 CRIMINAL SENTENCES. PAROLE. JUVENILE CRIMINAL PROCEEDINGS AND SENTENCING. INITIATIVE.YES
000066 ,1,2,035 219 223,PROP_58,YES,106,142,36,1,~  3AS-1,PROPOSITION 58 ENGLISH ,YES,106,142,0,0,0,0,83,0.00%,3AS-1.PROPOSITION 58 ENGLISH PROFICIENCY. MULTILINGUAL EDUCATION. INITIATIVE STATUTE..YES
000066 ,1,2,035 219 223,PROP_59,YES,83,142,59,1,~  3AS-1,PROPOSITION 59 CORPORAT,YES,83,142,0,0,0,0,44,0.00%,3AS-1.PROPOSITION 59 CORPORATIONS. POLITICAL SPENDING. FEDERAL CONSTITUTIONAL PROTECTIONS..YES
000066 ,1,2,035 219 223,PROP_60,NO,79,142,63,0,~  3AS-1,PROPOSITION 60 ADULT FI,NO,79,142,0,0,0,0,39,0.00%,3AS-1.PROPOSITION 60 ADULT FILMS. CONDOMS. HEALTH REQUIREMENTS. INITIATIVE STATUTE..NO
000066 ,1,2,035 219 223,PROP_60,YES,40,142,102,0,~  3AS-1,PROPOSITION 60 ADULT FI,YES,40,142,0,0,0,0,39,0.00%,3AS-1.PROPOSITION 60 ADULT FILMS. CONDOMS. HEALTH REQUIREMENTS. INITIATIVE STATUTE..YES
000066 ,1,2,035 219 223,PROP_61,NO,50,142,92,0,~  3AS-1,PROPOSITION 61 STATE PR,NO,50,142,0,0,0,0,21,0.00%,3AS-1.PROPOSITION 61 STATE PRESCRIPTION DRUG PURCHASES. PRICING STANDARDS. INITIATIVE STATUTE..NO
000066 ,1,2,035 219 223,PROP_61,YES,71,142,71,0,~  3AS-1,PROPOSITION 61 STATE PR,YES,71,142,0,0,0,0,21,0.00%,3AS-1.PROPOSITION 61 STATE PRESCRIPTION DRUG PURCHASES. PRICING STANDARDS. INITIATIVE STATUTE..YES
000066 ,1,2,035 219 223,PROP_62,NO,48,142,94,0,~  3AS-1,PROPOSITION 62 DEATH PE,NO,48,142,0,0,0,0,35,0.00%,3AS-1.PROPOSITION 62 DEATH PENALTY. INITIATIVE STATUTE..NO
000066 ,1,2,035 219 223,PROP_62,YES,83,142,59,0,~  3AS-1,PROPOSITION 62 DEATH PE,YES,83,142,0,0,0,0,35,0.00%,3AS-1.PROPOSITION 62 DEATH PENALTY. INITIATIVE STATUTE..YES
000066 ,1,2,035 219 223,PROP_63,NO,52,142,90,0,~  3AS-1,PROPOSITION 63 FIREARMS,NO,52,142,0,0,0,0,31,0.00%,3AS-1.PROPOSITION 63 FIREARMS. AMMUNITION SALES. INITIATIVE STATUTE..NO
000066 ,1,2,035 219 223,PROP_63,YES,83,142,59,0,~  3AS-1,PROPOSITION 63 FIREARMS,YES,83,142,0,0,0,0,31,0.00%,3AS-1.PROPOSITION 63 FIREARMS. AMMUNITION SALES. INITIATIVE STATUTE..YES
000066 ,2,3,035 219 223,PROP_64,NO,53,142,89,0,~  3AS-1,PROPOSITION 64 MARIJUAN,NO,53,142,0,0,0,0,32,0.00%,3AS-1.PROPOSITION 64 MARIJUANA LEGALIZATION. INITIATIVE STATUTE..NO
000066 ,2,3,035 219 223,PROP_65,NO,81,142,61,1,~  3AS-1,PROPOSITION 65 CARRYOUT,NO,81,142,0,0,0,0,34,0.00%,3AS-1.PROPOSITION 65 CARRYOUT BAGS. CHARGES. INITIATIVE STATUTE..NO
000066 ,2,3,035 219 223,PROP_66,NO,87,142,55,0,~  3AS-1,PROPOSITION 66 DEATH PE,NO,87,142,0,0,0,0,49,0.00%,3AS-1.PROPOSITION 66 DEATH PENALTY. PROCEDURES. INITIATIVE STATUTE..NO
000066 ,2,3,035 219 223,PROP_66,YES,38,142,104,0,~  3AS-1,PROPOSITION 66 DEATH PE,YES,38,142,0,0,0,0,49,0.00%,3AS-1.PROPOSITION 66 DEATH PENALTY. PROCEDURES. INITIATIVE STATUTE..YES
000066 ,2,3,035 219 223,PROP_67,NO,34,142,108,0,~  3AS-1,PROPOSITION 67 BAN ON S,NO,34,142,0,0,0,0,65,0.00%,3AS-1.PROPOSITION 67 BAN ON SINGLE-USE PLASTIC BAGS. REFERENDUM..NO
000066 ,2,3,035 219 223,PROP_67,YES,99,142,43,0,~  3AS-1,PROPOSITION 67 BAN ON S,YES,99,142,0,0,0,0,65,0.00%,3AS-1.PROPOSITION 67 BAN ON SINGLE-USE PLASTIC BAGS. REFERENDUM..YES
000066 ,1,1,035 219 223,STATEASS2,JIM_WOOD,87,142,55,0,~  3AS-1,"STATE ASSEMBLY, DISTRIC",JIM WOOD,87,142,0,0,0,0,58,0.00%,"3AS-1.STATE ASSEMBLY, DISTRICT 2.JIM WOOD"
000066 ,1,1,035 219 223,STATEASS2,KEN_ANTON,29,142,113,0,~  3AS-1,"STATE ASSEMBLY, DISTRIC",KEN ANTON,29,142,0,0,0,0,58,0.00%,"3AS-1.STATE ASSEMBLY, DISTRICT 2.KEN ANTON"
000066 ,1,1,035 219 223,USREP,DALE_K_MENSING,36,142,106,0,~  3AS-1,US REPRESENTATIVE IN CO,DALE K. MENSING,36,142,0,0,0,0,63,0.00%,"3AS-1.US REPRESENTATIVE IN CONGRESS, DISTRICT 2.DALE K. MENSING"
000066 ,1,1,035 219 223,USREP,JARED_W_HUFFMAN,99,142,43,0,~  3AS-1,US REPRESENTATIVE IN CO,JARED W. HUFFMAN,99,142,0,0,0,0,63,0.00%,"3AS-1.US REPRESENTATIVE IN CONGRESS, DISTRICT 2.JARED W. HUFFMAN"
000066 ,1,1,035 219 223,USSEN,KAMALA_D_HARRIS,82,142,60,0,~  3AS-1,US SENATOR,KAMALA D. HARRIS,82,142,0,0,0,0,55,0.00%,3AS-1.US SENATOR.KAMALA D. HARRIS
000066 ,1,1,035 219 223,USSEN,LORETTA_L_SANCHEZ,27,142,115,0,~  3AS-1,US SENATOR,LORETTA L. SANCHEZ,27,142,0,0,0,0,55,0.00%,3AS-1.US SENATOR.LORETTA L. SANCHEZ
000067 ,2,3,036 219 223,MEAS_H,NO,39,111,72,0,~  3AS-9,MEASURE H ARCATA SCHOOL,NO,39,112,0,-1,0,1,21,0.00%,3AS-9.MEASURE H ARCATA SCHOOL DISTRICT PARCEL TAX..NO
000067 ,2,3,036 219 223,MEAS_H,YES,60,111,51,0,~  3AS-9,MEASURE H ARCATA SCHOOL,YES,60,112,0,-1,0,1,21,0.00%,3AS-9.MEASURE H ARCATA SCHOOL DISTRICT PARCEL TAX..YES
000067 ,2,3,036 219 223,MEAS_I,BONDS_NO,48,111,63,0,~  3AS-9,MEASURE I ARCATA SCHOOL,BONDS NO,48,112,0,-1,0,1,7,0.00%,3AS-9.MEASURE I ARCATA SCHOOL DISTRICT BOND MEASURE..BONDS NO
000067 ,2,3,036 219 223,MEAS_I,BONDS_YES,55,111,56,0,~  3AS-9,MEASURE I ARCATA SCHOOL,BONDS YES,55,112,0,-1,0,1,7,0.00%,3AS-9.MEASURE I ARCATA SCHOOL DISTRICT BOND MEASURE..BONDS YES
000067 ,2,3,036 219 223,MEAS_Q,NO,50,111,61,0,~  3AS-9,MEASURE Q HUMBOLDT COUN,NO,50,112,0,-1,0,1,12,0.00%,3AS-9.MEASURE Q HUMBOLDT COUNTY CREATION OF FINANCE DEPARTMENT MEASURE..NO
000067 ,2,3,036 219 223,MEAS_Q,YES,38,111,73,0,~  3AS-9,MEASURE Q HUMBOLDT COUN,YES,38,112,0,-1,0,1,12,0.00%,3AS-9.MEASURE Q HUMBOLDT COUNTY CREATION OF FINANCE DEPARTMENT MEASURE..YES
000067 ,2,3,036 219 223,MEAS_R,NO,45,111,66,0,~  3AS-9,MEASURE R HUMBOLDT COUN,NO,45,112,0,-1,0,1,7,0.00%,3AS-9.MEASURE R HUMBOLDT COUNTY FINANCE DEPARTMENT ELECTIVE OFFICE MEASURE..NO
000067 ,2,3,036 219 223,MEAS_R,YES,38,111,73,0,~  3AS-9,MEASURE R HUMBOLDT COUN,YES,38,112,0,-1,0,1,7,0.00%,3AS-9.MEASURE R HUMBOLDT COUNTY FINANCE DEPARTMENT ELECTIVE OFFICE MEASURE..YES
000067 ,2,3,036 219 223,MEAS_S,NO,31,111,80,1,~  3AS-9,MEASURE S HUMBOLDT COUN,NO,31,112,0,-1,0,1,40,0.00%,3AS-9.MEASURE S HUMBOLDT COUNTY COMMERCIAL MARIJUANA CULTIVATION MEASURE..NO
000067 ,2,3,036 219 223,MEAS_U,NO,43,111,68,0,~  3AS-9,MEASURE U LOCAL TRANSPO,NO,43,112,0,-1,0,1,17,0.00%,3AS-9.MEASURE U LOCAL TRANSPORTATION AUTHORITY RETAIL TRANSACTIONS AND USE TAX..NO
000067 ,2,3,036 219 223,MEAS_U,YES,60,111,51,0,~  3AS-9,MEASURE U LOCAL TRANSPO,YES,60,112,0,-1,0,1,17,0.00%,3AS-9.MEASURE U LOCAL TRANSPORTATION AUTHORITY RETAIL TRANSACTIONS AND USE TAX..YES
000067 ,2,4,036 219 223,MEAS_V,NO,41,111,70,0,~  3AS-9,MEASURE V MOBILE HOME P,NO,41,112,0,-1,0,1,18,0.00%,3AS-9.MEASURE V MOBILE HOME PARK SPACE RENT STABILIZATION..NO
000067 ,1,1,036 219 223 229,PRES,DONALD_J_TRUMP,32,112,80,0,~  3AS-9,PRESIDENT AND VICE PRES,DONALD J. TRUMP      ,32,112,0,0,0,0,27,0.00%,3AS-9.PRESIDENT AND VICE PRESIDENT.DONALD J. TRUMP      and MICHAEL R. PENCE
000067 ,1,1,036 219 223 229,PRES,GARY_JOHNSON,1,112,111,0,~  3AS-9,PRESIDENT AND VICE PRES,GARY JOHNSON      and,1,112,0,0,0,0,27,0.00%,3AS-9.PRESIDENT AND VICE PRESIDENT.GARY JOHNSON      and BILL WELD
000067 ,1,1,036 219 223 229,PRES,GLORIA_ESTELA_LA_RIVA,0,112,112,0,~  3AS-9,PRESIDENT AND VICE PRES,GLORIA ESTELA LA RIVA,0,112,0,0,0,0,27,0.00%,3AS-9.PRESIDENT AND VICE PRESIDENT.GLORIA ESTELA LA RIVA      and DENNIS J. BANKS
000067 ,1,1,036 219 223 229,PRES,HILLARY_CLINTON,59,112,53,0,~  3AS-9,PRESIDENT AND VICE PRES,HILLARY CLINTON      ,59,112,0,0,0,0,27,0.00%,3AS-9.PRESIDENT AND VICE PRESIDENT.HILLARY CLINTON      and TIM KAINE
000067 ,1,1,036 219 223 229,PRES,JILL_STEIN,11,112,101,0,~  3AS-9,PRESIDENT AND VICE PRES,JILL STEIN      and A,11,112,0,0,0,0,27,0.00%,3AS-9.PRESIDENT AND VICE PRESIDENT.JILL STEIN      and AJAMU BARAKA
000067 ,1,1,036 219 223 229,PRES,Write_in,5,112,107,0,~  3AS-9,PRESIDENT AND VICE PRES,Write_in,5,112,0,0,0,0,27,0.00%,3AS-9.PRESIDENT AND VICE PRESIDENT.Write_in
000067 ,1,1,036 219 223 229,PROP_51,NO,59,112,53,0,~  3AS-9,PROPOSITION 51 SCHOOL B,NO,59,112,0,0,0,0,14,0.00%,3AS-9.PROPOSITION 51 SCHOOL BONDS. FUNDING FOR K-12 SCHOOL AND COMMUNITY COLLEGE FACILITIES. INITIATIVE.NO
000067 ,1,1,036 219 223 229,PROP_51,YES,45,112,67,0,~  3AS-9,PROPOSITION 51 SCHOOL B,YES,45,112,0,0,0,0,14,0.00%,3AS-9.PROPOSITION 51 SCHOOL BONDS. FUNDING FOR K-12 SCHOOL AND COMMUNITY COLLEGE FACILITIES. INITIATIVE.YES
000067 ,1,1,036 219 223 229,PROP_52,NO,31,112,81,1,~  3AS-9,PROPOSITION 52 MEDI-CAL,NO,31,112,0,0,0,0,40,0.00%,3AS-9.PROPOSITION 52 MEDI-CAL HOSPITAL FEE PROGRAM. INITIATIVE CONSTITUTIONAL AMENDMENT AND STATUTE..NO
000067 ,1,1,036 219 223 229,PROP_53,NO,63,112,49,1,~  3AS-9,PROPOSITION 53 REVENUE ,NO,63,112,0,0,0,0,29,0.00%,3AS-9.PROPOSITION 53 REVENUE BONDS. STATEWIDE VOTER APPROVAL. INITIATIVE CONSTITUTIONAL AMENDMENT..NO
000067 ,1,1,036 219 223 229,PROP_54,NO,44,112,68,1,~  3AS-9,PROPOSITION 54 LEGISLAT,NO,44,112,0,0,0,0,9,0.00%,3AS-9.PROPOSITION 54 LEGISLATURE. LEGISLATION AND PROCEEDINGS. INITIATIVE CONSTITUTIONAL AMENDMENT AND.NO
000067 ,1,1,036 219 223 229,PROP_55,NO,31,112,81,0,~  3AS-9,PROPOSITION 55 TAX EXTE,NO,31,112,0,0,0,0,44,0.00%,3AS-9.PROPOSITION 55 TAX EXTENSION TO FUND EDUCATION AND HEALTHCARE. INITIATIVE CONSTITUTIONAL AMENDMENT..NO
000067 ,1,1,036 219 223 229,PROP_55,YES,75,112,37,0,~  3AS-9,PROPOSITION 55 TAX EXTE,YES,75,112,0,0,0,0,44,0.00%,3AS-9.PROPOSITION 55 TAX EXTENSION TO FUND EDUCATION AND HEALTHCARE. INITIATIVE CONSTITUTIONAL AMENDMENT..YES
000067 ,1,2,036 219 223 229,PROP_56,NO,49,112,63,0,~  3AS-9,PROPOSITION 56 CIGARETT,NO,49,112,0,0,0,0,11,0.00%,"3AS-9.PROPOSITION 56 CIGARETTE TAX TO FUND HEALTHCARE, TOBACCO USE PREVENTION, RESEARCH, AND.NO"
000067 ,1,2,036 219 223 229,PROP_56,YES,60,112,52,0,~  3AS-9,PROPOSITION 56 CIGARETT,YES,60,112,0,0,0,0,11,0.00%,"3AS-9.PROPOSITION 56 CIGARETTE TAX TO FUND HEALTHCARE, TOBACCO USE PREVENTION, RESEARCH, AND.YES"
000067 ,1,2,036 219 223 229,PROP_57,NO,29,112,83,0,~  3AS-9,PROPOSITION 57 CRIMINAL,NO,29,112,0,0,0,0,48,0.00%,3AS-9.PROPOSITION 57 CRIMINAL SENTENCES. PAROLE. JUVENILE CRIMINAL PROCEEDINGS AND SENTENCING. INITIATIVE.NO
000067 ,1,2,036 219 223 229,PROP_57,YES,77,112,35,0,~  3AS-9,PROPOSITION 57 CRIMINAL,YES,77,112,0,0,0,0,48,0.00%,3AS-9.PROPOSITION 57 CRIMINAL SENTENCES. PAROLE. JUVENILE CRIMINAL PROCEEDINGS AND SENTENCING. INITIATIVE.YES
000067 ,1,2,036 219 223 229,PROP_58,NO,16,112,96,0,~  3AS-9,PROPOSITION 58 ENGLISH ,NO,16,112,0,0,0,0,74,0.00%,3AS-9.PROPOSITION 58 ENGLISH PROFICIENCY. MULTILINGUAL EDUCATION. INITIATIVE STATUTE..NO
000067 ,1,2,036 219 223 229,PROP_58,YES,90,112,22,0,~  3AS-9,PROPOSITION 58 ENGLISH ,YES,90,112,0,0,0,0,74,0.00%,3AS-9.PROPOSITION 58 ENGLISH PROFICIENCY. MULTILINGUAL EDUCATION. INITIATIVE STATUTE..YES
000067 ,1,2,036 219 223 229,PROP_59,NO,29,112,83,0,~  3AS-9,PROPOSITION 59 CORPORAT,NO,29,112,0,0,0,0,44,0.00%,3AS-9.PROPOSITION 59 CORPORATIONS. POLITICAL SPENDING. FEDERAL CONSTITUTIONAL PROTECTIONS..NO
000067 ,1,2,036 219 223 229,PROP_59,YES,73,112,39,0,~  3AS-9,PROPOSITION 59 CORPORAT,YES,73,112,0,0,0,0,44,0.00%,3AS-9.PROPOSITION 59 CORPORATIONS. POLITICAL SPENDING. FEDERAL CONSTITUTIONAL PROTECTIONS..YES
000067 ,1,2,036 219 223 229,PROP_60,NO,60,112,52,0,~  3AS-9,PROPOSITION 60 ADULT FI,NO,60,112,0,0,0,0,17,0.00%,3AS-9.PROPOSITION 60 ADULT FILMS. CONDOMS. HEALTH REQUIREMENTS. INITIATIVE STATUTE..NO
000067 ,1,2,036 219 223 229,PROP_60,YES,43,112,69,0,~  3AS-9,PROPOSITION 60 ADULT FI,YES,43,112,0,0,0,0,17,0.00%,3AS-9.PROPOSITION 60 ADULT FILMS. CONDOMS. HEALTH REQUIREMENTS. INITIATIVE STATUTE..YES
000067 ,1,2,036 219 223 229,PROP_61,NO,50,112,62,1,~  3AS-9,PROPOSITION 61 STATE PR,NO,50,112,0,0,0,0,1,0.00%,3AS-9.PROPOSITION 61 STATE PRESCRIPTION DRUG PURCHASES. PRICING STANDARDS. INITIATIVE STATUTE..NO
000067 ,1,2,036 219 223 229,PROP_62,NO,32,112,80,0,~  3AS-9,PROPOSITION 62 DEATH PE,NO,32,112,0,0,0,0,44,0.00%,3AS-9.PROPOSITION 62 DEATH PENALTY. INITIATIVE STATUTE..NO
000067 ,1,2,036 219 223 229,PROP_62,YES,76,112,36,0,~  3AS-9,PROPOSITION 62 DEATH PE,YES,76,112,0,0,0,0,44,0.00%,3AS-9.PROPOSITION 62 DEATH PENALTY. INITIATIVE STATUTE..YES
000067 ,1,2,036 219 223 229,PROP_63,NO,49,112,63,0,~  3AS-9,PROPOSITION 63 FIREARMS,NO,49,112,0,0,0,0,9,0.00%,3AS-9.PROPOSITION 63 FIREARMS. AMMUNITION SALES. INITIATIVE STATUTE..NO
000067 ,1,2,036 219 223 229,PROP_63,YES,58,112,54,0,~  3AS-9,PROPOSITION 63 FIREARMS,YES,58,112,0,0,0,0,9,0.00%,3AS-9.PROPOSITION 63 FIREARMS. AMMUNITION SALES. INITIATIVE STATUTE..YES
000067 ,2,3,036 219 223,PROP_64,NO,40,111,71,0,~  3AS-9,PROPOSITION 64 MARIJUAN,NO,40,112,0,-1,0,1,30,0.00%,3AS-9.PROPOSITION 64 MARIJUANA LEGALIZATION. INITIATIVE STATUTE..NO
000067 ,2,3,036 219 223,PROP_64,YES,70,111,41,0,~  3AS-9,PROPOSITION 64 MARIJUAN,YES,70,112,0,-1,0,1,30,0.00%,3AS-9.PROPOSITION 64 MARIJUANA LEGALIZATION. INITIATIVE STATUTE..YES
000067 ,2,3,036 219 223,PROP_65,NO,65,111,46,2,~  3AS-9,PROPOSITION 65 CARRYOUT,NO,65,112,0,-1,0,1,22,0.00%,3AS-9.PROPOSITION 65 CARRYOUT BAGS. CHARGES. INITIATIVE STATUTE..NO
000067 ,2,3,036 219 223,PROP_66,NO,68,111,43,0,~  3AS-9,PROPOSITION 66 DEATH PE,NO,68,112,0,-1,0,1,39,0.00%,3AS-9.PROPOSITION 66 DEATH PENALTY. PROCEDURES. INITIATIVE STATUTE..NO
000067 ,2,3,036 219 223,PROP_66,YES,29,111,82,0,~  3AS-9,PROPOSITION 66 DEATH PE,YES,29,112,0,-1,0,1,39,0.00%,3AS-9.PROPOSITION 66 DEATH PENALTY. PROCEDURES. INITIATIVE STATUTE..YES
000067 ,2,3,036 219 223,PROP_67,NO,33,111,78,0,~  3AS-9,PROPOSITION 67 BAN ON S,NO,33,112,0,-1,0,1,45,0.00%,3AS-9.PROPOSITION 67 BAN ON SINGLE-USE PLASTIC BAGS. REFERENDUM..NO
000067 ,2,3,036 219 223,PROP_67,YES,78,111,33,0,~  3AS-9,PROPOSITION 67 BAN ON S,YES,78,112,0,-1,0,1,45,0.00%,3AS-9.PROPOSITION 67 BAN ON SINGLE-USE PLASTIC BAGS. REFERENDUM..YES
000067 ,1,1,036 219 223 229,STATEASS2,JIM_WOOD,72,112,40,0,~  3AS-9,"STATE ASSEMBLY, DISTRIC",JIM WOOD,72,112,0,0,0,0,47,0.00%,"3AS-9.STATE ASSEMBLY, DISTRICT 2.JIM WOOD"
000067 ,1,1,036 219 223 229,STATEASS2,KEN_ANTON,25,112,87,0,~  3AS-9,"STATE ASSEMBLY, DISTRIC",KEN ANTON,25,112,0,0,0,0,47,0.00%,"3AS-9.STATE ASSEMBLY, DISTRICT 2.KEN ANTON"
000067 ,1,1,036 219 223 229,USREP,JARED_W_HUFFMAN,81,112,31,1,~  3AS-9,US REPRESENTATIVE IN CO,JARED W. HUFFMAN,81,112,0,0,0,0,54,0.00%,"3AS-9.US REPRESENTATIVE IN CONGRESS, DISTRICT 2.JARED W. HUFFMAN"
000067 ,1,1,036 219 223 229,USSEN,KAMALA_D_HARRIS,55,112,57,0,~  3AS-9,US SENATOR,KAMALA D. HARRIS,55,112,0,0,0,0,28,0.00%,3AS-9.US SENATOR.KAMALA D. HARRIS
000067 ,1,1,036 219 223 229,USSEN,LORETTA_L_SANCHEZ,27,112,85,0,~  3AS-9,US SENATOR,LORETTA L. SANCHEZ,27,112,0,0,0,0,28,0.00%,3AS-9.US SENATOR.LORETTA L. SANCHEZ
000068 ,2,3,021 050 136 137 181 226 236,MEAS_Q,NO,333,674,341,0,~  3B--1,MEASURE Q HUMBOLDT COUN,NO,333,677,0,-3,0,3,99,0.00%,3B--1.MEASURE Q HUMBOLDT COUNTY CREATION OF FINANCE DEPARTMENT MEASURE..NO
000068 ,2,3,021 050 136 137 181 226 236,MEAS_R,NO,243,674,431,0,~  3B--1,MEASURE R HUMBOLDT COUN,NO,243,677,0,-3,0,3,83,0.00%,3B--1.MEASURE R HUMBOLDT COUNTY FINANCE DEPARTMENT ELECTIVE OFFICE MEASURE..NO
000068 ,2,3,021 050 136 137 181 226 236,MEAS_U,NO,269,674,405,1,~  3B--1,MEASURE U LOCAL TRANSPO,NO,269,677,0,-3,0,3,76,0.00%,3B--1.MEASURE U LOCAL TRANSPORTATION AUTHORITY RETAIL TRANSACTIONS AND USE TAX..NO
000068 ,2,3,021 050 136 137 181 226 236,MEAS_U,YES,345,674,329,1,~  3B--1,MEASURE U LOCAL TRANSPO,YES,345,677,0,-3,0,3,76,0.00%,3B--1.MEASURE U LOCAL TRANSPORTATION AUTHORITY RETAIL TRANSACTIONS AND USE TAX..YES
000068 ,2,3,021 050 136 137 181 226 236,MEAS_V,YES,391,674,283,2,~  3B--1,MEASURE V MOBILE HOME P,YES,391,677,0,-3,0,3,169,0.00%,3B--1.MEASURE V MOBILE HOME PARK SPACE RENT STABILIZATION..YES
000068 ,1,1,021 050 137 181 226 229 236,PRES,DONALD_J_TRUMP,164,675,511,0,~  3B--1,PRESIDENT AND VICE PRES,DONALD J. TRUMP      ,164,677,0,-2,0,2,239,0.00%,3B--1.PRESIDENT AND VICE PRESIDENT.DONALD J. TRUMP      and MICHAEL R. PENCE
000068 ,1,1,021 050 137 181 226 229 236,PRES,GARY_JOHNSON,19,675,656,0,~  3B--1,PRESIDENT AND VICE PRES,GARY JOHNSON      and,19,677,0,-2,0,2,239,0.00%,3B--1.PRESIDENT AND VICE PRESIDENT.GARY JOHNSON      and BILL WELD
000068 ,1,1,021 050 137 181 226 229 236,PRES,GLORIA_ESTELA_LA_RIVA,3,675,672,0,~  3B--1,PRESIDENT AND VICE PRES,GLORIA ESTELA LA RIVA,3,677,0,-2,0,2,239,0.00%,3B--1.PRESIDENT AND VICE PRESIDENT.GLORIA ESTELA LA RIVA      and DENNIS J. BANKS
000068 ,1,1,021 050 137 181 226 229 236,PRES,JILL_STEIN,52,675,623,0,~  3B--1,PRESIDENT AND VICE PRES,JILL STEIN      and A,52,677,0,-2,0,2,239,0.00%,3B--1.PRESIDENT AND VICE PRESIDENT.JILL STEIN      and AJAMU BARAKA
000068 ,1,1,021 050 137 181 226 229 236,PROP_52,NO,179,675,496,1,~  3B--1,PROPOSITION 52 MEDI-CAL,NO,179,677,0,-2,0,2,278,0.00%,3B--1.PROPOSITION 52 MEDI-CAL HOSPITAL FEE PROGRAM. INITIATIVE CONSTITUTIONAL AMENDMENT AND STATUTE..NO
000068 ,1,1,021 050 137 181 226 229 236,PROP_53,NO,368,675,307,1,~  3B--1,PROPOSITION 53 REVENUE ,NO,368,677,0,-2,0,2,114,0.00%,3B--1.PROPOSITION 53 REVENUE BONDS. STATEWIDE VOTER APPROVAL. INITIATIVE CONSTITUTIONAL AMENDMENT..NO
000068 ,1,2,021 050 137 181 226 229 236,PROP_57,NO,178,674,496,0,~  3B--1,PROPOSITION 57 CRIMINAL,NO,178,677,0,-3,0,3,268,0.00%,3B--1.PROPOSITION 57 CRIMINAL SENTENCES. PAROLE. JUVENILE CRIMINAL PROCEEDINGS AND SENTENCING. INITIATIVE.NO
000068 ,1,2,021 050 137 181 226 229 236,PROP_59,YES,401,674,273,0,~  3B--1,PROPOSITION 59 CORPORAT,YES,401,677,0,-3,0,3,186,0.00%,3B--1.PROPOSITION 59 CORPORATIONS. POLITICAL SPENDING. FEDERAL CONSTITUTIONAL PROTECTIONS..YES
000068 ,1,2,021 050 137 181 226 229 236,PROP_60,YES,209,674,465,0,~  3B--1,PROPOSITION 60 ADULT FI,YES,209,677,0,-3,0,3,190,0.00%,3B--1.PROPOSITION 60 ADULT FILMS. CONDOMS. HEALTH REQUIREMENTS. INITIATIVE STATUTE..YES
000068 ,1,2,021 050 137 181 226 229 236,PROP_61,YES,364,674,310,1,~  3B--1,PROPOSITION 61 STATE PR,YES,364,677,0,-3,0,3,122,0.00%,3B--1.PROPOSITION 61 STATE PRESCRIPTION DRUG PURCHASES. PRICING STANDARDS. INITIATIVE STATUTE..YES
000068 ,1,2,021 050 137 181 226 229 236,PROP_62,NO,242,674,432,2,~  3B--1,PROPOSITION 62 DEATH PE,NO,242,677,0,-3,0,3,144,0.00%,3B--1.PROPOSITION 62 DEATH PENALTY. INITIATIVE STATUTE..NO
000068 ,1,2,021 050 137 181 226 229 236,PROP_62,YES,386,674,288,2,~  3B--1,PROPOSITION 62 DEATH PE,YES,386,677,0,-3,0,3,144,0.00%,3B--1.PROPOSITION 62 DEATH PENALTY. INITIATIVE STATUTE..YES
000068 ,2,3,021 050 136 137 181 226 236,PROP_63,NO,265,674,409,2,~  3B--1,PROPOSITION 63 FIREARMS,NO,265,677,0,-3,0,3,116,0.00%,3B--1.PROPOSITION 63 FIREARMS. AMMUNITION SALES. INITIATIVE STATUTE..NO
000068 ,2,3,021 050 136 137 181 226 236,PROP_64,NO,228,674,446,0,~  3B--1,PROPOSITION 64 MARIJUAN,NO,228,677,0,-3,0,3,204,0.00%,3B--1.PROPOSITION 64 MARIJUANA LEGALIZATION. INITIATIVE STATUTE..NO
000068 ,2,3,021 050 136 137 181 226 236,PROP_65,NO,401,674,273,0,~  3B--1,PROPOSITION 65 CARRYOUT,NO,401,677,0,-3,0,3,161,0.00%,3B--1.PROPOSITION 65 CARRYOUT BAGS. CHARGES. INITIATIVE STATUTE..NO
000068 ,1,1,021 050 137 181 226 229 236,STATEASS2,JIM_WOOD,437,675,238,0,~  3B--1,"STATE ASSEMBLY, DISTRIC",JIM WOOD,437,677,0,-2,0,2,286,0.00%,"3B--1.STATE ASSEMBLY, DISTRICT 2.JIM WOOD"
000068 ,1,1,021 050 137 181 226 229 236,USSEN,LORETTA_L_SANCHEZ,164,675,511,2,~  3B--1,US SENATOR,LORETTA L. SANCHEZ,164,677,0,-2,0,2,217,0.00%,3B--1.US SENATOR.LORETTA L. SANCHEZ
000071 ,2,3,022 023 052 053 134 135 181 182 226 236 237,MEAS_Q,NO,228,427,199,1,~  3ES-6,MEASURE Q HUMBOLDT COUN,NO,228,431,0,-4,0,4,75,0.00%,3ES-6.MEASURE Q HUMBOLDT COUNTY CREATION OF FINANCE DEPARTMENT MEASURE..NO
000071 ,2,3,022 023 052 053 134 135 181 182 226 236 237,MEAS_R,YES,159,427,268,0,~  3ES-6,MEASURE R HUMBOLDT COUN,YES,159,431,0,-4,0,4,59,0.00%,3ES-6.MEASURE R HUMBOLDT COUNTY FINANCE DEPARTMENT ELECTIVE OFFICE MEASURE..YES
000071 ,2,3,022 023 052 053 134 135 181 182 226 236 237,MEAS_S,NO,133,427,294,2,~  3ES-6,MEASURE S HUMBOLDT COUN,NO,133,431,0,-4,0,4,144,0.00%,3ES-6.MEASURE S HUMBOLDT COUNTY COMMERCIAL MARIJUANA CULTIVATION MEASURE..NO
000071 ,2,3,022 023 052 053 134 135 181 182 226 236 237,MEAS_U,NO,212,427,215,1,~  3ES-6,MEASURE U LOCAL TRANSPO,NO,212,431,0,-4,0,4,21,0.00%,3ES-6.MEASURE U LOCAL TRANSPORTATION AUTHORITY RETAIL TRANSACTIONS AND USE TAX..NO
000071 ,1,1,022 023 052 053 134 135 181 182 226 229 236 237,PRES,DONALD_J_TRUMP,151,431,280,0,~  3ES-6,PRESIDENT AND VICE PRES,DONALD J. TRUMP      ,151,431,0,0,0,0,65,0.00%,3ES-6.PRESIDENT AND VICE PRESIDENT.DONALD J. TRUMP      and MICHAEL R. PENCE
000071 ,1,1,022 023 052 053 134 135 181 182 226 229 236 237,PRES,GARY_JOHNSON,22,431,409,0,~  3ES-6,PRESIDENT AND VICE PRES,GARY JOHNSON      and,22,431,0,0,0,0,65,0.00%,3ES-6.PRESIDENT AND VICE PRESIDENT.GARY JOHNSON      and BILL WELD
000071 ,1,1,022 023 052 053 134 135 181 182 226 229 236 237,PRES,GLORIA_ESTELA_LA_RIVA,1,431,430,0,~  3ES-6,PRESIDENT AND VICE PRES,GLORIA ESTELA LA RIVA,1,431,0,0,0,0,65,0.00%,3ES-6.PRESIDENT AND VICE PRESIDENT.GLORIA ESTELA LA RIVA      and DENNIS J. BANKS
000071 ,1,1,022 023 052 053 134 135 181 182 226 229 236 237,PRES,HILLARY_CLINTON,216,431,215,0,~  3ES-6,PRESIDENT AND VICE PRES,HILLARY CLINTON      ,216,431,0,0,0,0,65,0.00%,3ES-6.PRESIDENT AND VICE PRESIDENT.HILLARY CLINTON      and TIM KAINE
000071 ,1,1,022 023 052 053 134 135 181 182 226 229 236 237,PRES,JILL_STEIN,16,431,415,0,~  3ES-6,PRESIDENT AND VICE PRES,JILL STEIN      and A,16,431,0,0,0,0,65,0.00%,3ES-6.PRESIDENT AND VICE PRESIDENT.JILL STEIN      and AJAMU BARAKA
000071 ,1,1,022 023 052 053 134 135 181 182 226 229 236 237,PRES,Write_in,19,431,412,0,~  3ES-6,PRESIDENT AND VICE PRES,Write_in,19,431,0,0,0,0,65,0.00%,3ES-6.PRESIDENT AND VICE PRESIDENT.Write_in
000071 ,1,1,022 023 052 053 134 135 181 182 226 229 236 237,PROP_51,NO,227,431,204,0,~  3ES-6,PROPOSITION 51 SCHOOL B,NO,227,431,0,0,0,0,43,0.00%,3ES-6.PROPOSITION 51 SCHOOL BONDS. FUNDING FOR K-12 SCHOOL AND COMMUNITY COLLEGE FACILITIES. INITIATIVE.NO
000071 ,1,1,022 023 052 053 134 135 181 182 226 229 236 237,PROP_51,YES,184,431,247,0,~  3ES-6,PROPOSITION 51 SCHOOL B,YES,184,431,0,0,0,0,43,0.00%,3ES-6.PROPOSITION 51 SCHOOL BONDS. FUNDING FOR K-12 SCHOOL AND COMMUNITY COLLEGE FACILITIES. INITIATIVE.YES
000071 ,1,1,022 023 052 053 134 135 181 182 226 229 236 237,PROP_52,YES,245,431,186,3,~  3ES-6,PROPOSITION 52 MEDI-CAL,YES,245,431,0,0,0,0,86,0.00%,3ES-6.PROPOSITION 52 MEDI-CAL HOSPITAL FEE PROGRAM. INITIATIVE CONSTITUTIONAL AMENDMENT AND STATUTE..YES
000071 ,1,1,022 023 052 053 134 135 181 182 226 229 236 237,PROP_53,NO,234,431,197,0,~  3ES-6,PROPOSITION 53 REVENUE ,NO,234,431,0,0,0,0,70,0.00%,3ES-6.PROPOSITION 53 REVENUE BONDS. STATEWIDE VOTER APPROVAL. INITIATIVE CONSTITUTIONAL AMENDMENT..NO
000071 ,1,1,022 023 052 053 134 135 181 182 226 229 236 237,PROP_53,YES,164,431,267,0,~  3ES-6,PROPOSITION 53 REVENUE ,YES,164,431,0,0,0,0,70,0.00%,3ES-6.PROPOSITION 53 REVENUE BONDS. STATEWIDE VOTER APPROVAL. INITIATIVE CONSTITUTIONAL AMENDMENT..YES
000071 ,1,1,022 023 052 053 134 135 181 182 226 229 236 237,PROP_54,NO,144,431,287,0,~  3ES-6,PROPOSITION 54 LEGISLAT,NO,144,431,0,0,0,0,113,0.00%,3ES-6.PROPOSITION 54 LEGISLATURE. LEGISLATION AND PROCEEDINGS. INITIATIVE CONSTITUTIONAL AMENDMENT AND.NO
000071 ,1,1,022 023 052 053 134 135 181 182 226 229 236 237,PROP_54,YES,257,431,174,0,~  3ES-6,PROPOSITION 54 LEGISLAT,YES,257,431,0,0,0,0,113,0.00%,3ES-6.PROPOSITION 54 LEGISLATURE. LEGISLATION AND PROCEEDINGS. INITIATIVE CONSTITUTIONAL AMENDMENT AND.YES
000071 ,1,1,022 023 052 053 134 135 181 182 226 229 236 237,PROP_55,YES,238,431,193,1,~  3ES-6,PROPOSITION 55 TAX EXTE,YES,238,431,0,0,0,0,63,0.00%,3ES-6.PROPOSITION 55 TAX EXTENSION TO FUND EDUCATION AND HEALTHCARE. INITIATIVE CONSTITUTIONAL AMENDMENT..YES
000071 ,1,2,022 023 052 053 134 135 181 182 226 229 236 237,PROP_57,NO,157,431,274,0,~  3ES-6,PROPOSITION 57 CRIMINAL,NO,157,431,0,0,0,0,97,0.00%,3ES-6.PROPOSITION 57 CRIMINAL SENTENCES. PAROLE. JUVENILE CRIMINAL PROCEEDINGS AND SENTENCING. INITIATIVE.NO
000071 ,1,2,022 023 052 053 134 135 181 182 226 229 236 237,PROP_57,YES,254,431,177,0,~  3ES-6,PROPOSITION 57 CRIMINAL,YES,254,431,0,0,0,0,97,0.00%,3ES-6.PROPOSITION 57 CRIMINAL SENTENCES. PAROLE. JUVENILE CRIMINAL PROCEEDINGS AND SENTENCING. INITIATIVE.YES
000071 ,1,2,022 023 052 053 134 135 181 182 226 229 236 237,PROP_58,NO,108,431,323,0,~  3ES-6,PROPOSITION 58 ENGLISH ,NO,108,431,0,0,0,0,197,0.00%,3ES-6.PROPOSITION 58 ENGLISH PROFICIENCY. MULTILINGUAL EDUCATION. INITIATIVE STATUTE..NO
000071 ,1,2,022 023 052 053 134 135 181 182 226 229 236 237,PROP_58,YES,305,431,126,0,~  3ES-6,PROPOSITION 58 ENGLISH ,YES,305,431,0,0,0,0,197,0.00%,3ES-6.PROPOSITION 58 ENGLISH PROFICIENCY. MULTILINGUAL EDUCATION. INITIATIVE STATUTE..YES
000071 ,1,2,022 023 052 053 134 135 181 182 226 229 236 237,PROP_59,YES,210,431,221,0,~  3ES-6,PROPOSITION 59 CORPORAT,YES,210,431,0,0,0,0,32,0.00%,3ES-6.PROPOSITION 59 CORPORATIONS. POLITICAL SPENDING. FEDERAL CONSTITUTIONAL PROTECTIONS..YES
000071 ,1,2,022 023 052 053 134 135 181 182 226 229 236 237,PROP_60,NO,269,431,162,2,~  3ES-6,PROPOSITION 60 ADULT FI,NO,269,431,0,0,0,0,141,0.00%,3ES-6.PROPOSITION 60 ADULT FILMS. CONDOMS. HEALTH REQUIREMENTS. INITIATIVE STATUTE..NO
000071 ,1,2,022 023 052 053 134 135 181 182 226 229 236 237,PROP_61,NO,212,431,219,0,~  3ES-6,PROPOSITION 61 STATE PR,NO,212,431,0,0,0,0,35,0.00%,3ES-6.PROPOSITION 61 STATE PRESCRIPTION DRUG PURCHASES. PRICING STANDARDS. INITIATIVE STATUTE..NO
000071 ,1,2,022 023 052 053 134 135 181 182 226 229 236 237,PROP_61,YES,177,431,254,0,~  3ES-6,PROPOSITION 61 STATE PR,YES,177,431,0,0,0,0,35,0.00%,3ES-6.PROPOSITION 61 STATE PRESCRIPTION DRUG PURCHASES. PRICING STANDARDS. INITIATIVE STATUTE..YES
000071 ,1,2,022 023 052 053 134 135 181 182 226 229 236 237,PROP_62,NO,228,431,203,0,~  3ES-6,PROPOSITION 62 DEATH PE,NO,228,431,0,0,0,0,45,0.00%,3ES-6.PROPOSITION 62 DEATH PENALTY. INITIATIVE STATUTE..NO
000071 ,1,2,022 023 052 053 134 135 181 182 226 229 236 237,PROP_62,YES,183,431,248,0,~  3ES-6,PROPOSITION 62 DEATH PE,YES,183,431,0,0,0,0,45,0.00%,3ES-6.PROPOSITION 62 DEATH PENALTY. INITIATIVE STATUTE..YES
000071 ,1,2,022 023 052 053 134 135 181 182 226 229 236 237,PROP_63,NO,234,431,197,0,~  3ES-6,PROPOSITION 63 FIREARMS,NO,234,431,0,0,0,0,54,0.00%,3ES-6.PROPOSITION 63 FIREARMS. AMMUNITION SALES. INITIATIVE STATUTE..NO
000071 ,1,2,022 023 052 053 134 135 181 182 226 229 236 237,PROP_63,YES,180,431,251,0,~  3ES-6,PROPOSITION 63 FIREARMS,YES,180,431,0,0,0,0,54,0.00%,3ES-6.PROPOSITION 63 FIREARMS. AMMUNITION SALES. INITIATIVE STATUTE..YES
000071 ,2,3,022 023 052 053 134 135 181 182 226 236 237,PROP_64,NO,180,427,247,0,~  3ES-6,PROPOSITION 64 MARIJUAN,NO,180,431,0,-4,0,4,60,0.00%,3ES-6.PROPOSITION 64 MARIJUANA LEGALIZATION. INITIATIVE STATUTE..NO
000071 ,2,3,022 023 052 053 134 135 181 182 226 236 237,PROP_64,YES,240,427,187,0,~  3ES-6,PROPOSITION 64 MARIJUAN,YES,240,431,0,-4,0,4,60,0.00%,3ES-6.PROPOSITION 64 MARIJUANA LEGALIZATION. INITIATIVE STATUTE..YES
000071 ,2,3,022 023 052 053 134 135 181 182 226 236 237,PROP_65,NO,297,427,130,1,~  3ES-6,PROPOSITION 65 CARRYOUT,NO,297,431,0,-4,0,4,191,0.00%,3ES-6.PROPOSITION 65 CARRYOUT BAGS. CHARGES. INITIATIVE STATUTE..NO
000071 ,2,3,022 023 052 053 134 135 181 182 226 236 237,PROP_66,YES,139,427,288,1,~  3ES-6,PROPOSITION 66 DEATH PE,YES,139,431,0,-4,0,4,110,0.00%,3ES-6.PROPOSITION 66 DEATH PENALTY. PROCEDURES. INITIATIVE STATUTE..YES
000071 ,2,3,022 023 052 053 134 135 181 182 226 236 237,PROP_67,NO,195,427,232,1,~  3ES-6,PROPOSITION 67 BAN ON S,NO,195,431,0,-4,0,4,17,0.00%,3ES-6.PROPOSITION 67 BAN ON SINGLE-USE PLASTIC BAGS. REFERENDUM..NO
000071 ,1,1,022 023 052 053 134 135 181 182 226 229 236 237,STATEASS2,JIM_WOOD,264,431,167,0,~  3ES-6,"STATE ASSEMBLY, DISTRIC",JIM WOOD,264,431,0,0,0,0,152,0.00%,"3ES-6.STATE ASSEMBLY, DISTRICT 2.JIM WOOD"
000071 ,1,1,022 023 052 053 134 135 181 182 226 229 236 237,STATEASS2,KEN_ANTON,112,431,319,0,~  3ES-6,"STATE ASSEMBLY, DISTRIC",KEN ANTON,112,431,0,0,0,0,152,0.00%,"3ES-6.STATE ASSEMBLY, DISTRICT 2.KEN ANTON"
000071 ,1,1,022 023 052 053 134 135 181 182 226 229 236 237,USSEN,KAMALA_D_HARRIS,212,431,219,0,~  3ES-6,US SENATOR,KAMALA D. HARRIS,212,431,0,0,0,0,106,0.00%,3ES-6.US SENATOR.KAMALA D. HARRIS
000071 ,1,1,022 023 052 053 134 135 181 182 226 229 236 237,USSEN,LORETTA_L_SANCHEZ,106,431,325,0,~  3ES-6,US SENATOR,LORETTA L. SANCHEZ,106,431,0,0,0,0,106,0.00%,3ES-6.US SENATOR.LORETTA L. SANCHEZ
000072 ,2,3,022 043 136 184 185 226 237,MEAS_V,NO,322,791,469,2,~  3FW,MEASURE V MOBILE HOME P,NO,322,796,0,-5,0,5,86,0.00%,3FW.MEASURE V MOBILE HOME PARK SPACE RENT STABILIZATION..NO
000072 ,1,1,022 043 135 136 184 185 226 229 237,PRES,DONALD_J_TRUMP,192,796,604,0,~  3FW,PRESIDENT AND VICE PRES,DONALD J. TRUMP      ,192,796,0,0,0,0,284,0.00%,3FW.PRESIDENT AND VICE PRESIDENT.DONALD J. TRUMP      and MICHAEL R. PENCE
000072 ,1,1,022 043 135 136 184 185 226 229 237,PRES,GARY_JOHNSON,25,796,771,0,~  3FW,PRESIDENT AND VICE PRES,GARY JOHNSON      and,25,796,0,0,0,0,284,0.00%,3FW.PRESIDENT AND VICE PRESIDENT.GARY JOHNSON      and BILL WELD
000072 ,1,1,022 043 135 136 184 185 226 229 237,PRES,GLORIA_ESTELA_LA_RIVA,1,796,795,0,~  3FW,PRESIDENT AND VICE PRES,GLORIA ESTELA LA RIVA,1,796,0,0,0,0,284,0.00%,3FW.PRESIDENT AND VICE PRESIDENT.GLORIA ESTELA LA RIVA      and DENNIS J. BANKS
000072 ,1,1,022 043 135 136 184 185 226 229 237,PRES,HILLARY_CLINTON,476,796,320,0,~  3FW,PRESIDENT AND VICE PRES,HILLARY CLINTON      ,476,796,0,0,0,0,284,0.00%,3FW.PRESIDENT AND VICE PRESIDENT.HILLARY CLINTON      and TIM KAINE
000072 ,1,1,022 043 135 136 184 185 226 229 237,PRES,JILL_STEIN,55,796,741,0,~  3FW,PRESIDENT AND VICE PRES,JILL STEIN      and A,55,796,0,0,0,0,284,0.00%,3FW.PRESIDENT AND VICE PRESIDENT.JILL STEIN      and AJAMU BARAKA
000072 ,1,1,022 043 135 136 184 185 226 229 237,PRES,Write_in,27,796,769,0,~  3FW,PRESIDENT AND VICE PRES,Write_in,27,796,0,0,0,0,284,0.00%,3FW.PRESIDENT AND VICE PRESIDENT.Write_in
000072 ,1,1,022 043 135 136 184 185 226 229 237,PROP_53,NO,426,796,370,2,~  3FW,PROPOSITION 53 REVENUE ,NO,426,796,0,0,0,0,118,0.00%,3FW.PROPOSITION 53 REVENUE BONDS. STATEWIDE VOTER APPROVAL. INITIATIVE CONSTITUTIONAL AMENDMENT..NO
000072 ,1,1,022 043 135 136 184 185 226 229 237,PROP_54,NO,256,796,540,1,~  3FW,PROPOSITION 54 LEGISLAT,NO,256,796,0,0,0,0,217,0.00%,3FW.PROPOSITION 54 LEGISLATURE. LEGISLATION AND PROCEEDINGS. INITIATIVE CONSTITUTIONAL AMENDMENT AND.NO
000072 ,1,1,022 043 135 136 184 185 226 229 237,PROP_54,YES,473,796,323,1,~  3FW,PROPOSITION 54 LEGISLAT,YES,473,796,0,0,0,0,217,0.00%,3FW.PROPOSITION 54 LEGISLATURE. LEGISLATION AND PROCEEDINGS. INITIATIVE CONSTITUTIONAL AMENDMENT AND.YES
000072 ,1,1,022 043 135 136 184 185 226 229 237,PROP_55,NO,232,796,564,0,~  3FW,PROPOSITION 55 TAX EXTE,NO,232,796,0,0,0,0,293,0.00%,3FW.PROPOSITION 55 TAX EXTENSION TO FUND EDUCATION AND HEALTHCARE. INITIATIVE CONSTITUTIONAL AMENDMENT..NO
000072 ,1,2,022 043 135 136 184 185 226 229 237,PROP_56,NO,258,796,538,1,~  3FW,PROPOSITION 56 CIGARETT,NO,258,796,0,0,0,0,248,0.00%,"3FW.PROPOSITION 56 CIGARETTE TAX TO FUND HEALTHCARE, TOBACCO USE PREVENTION, RESEARCH, AND.NO"
000072 ,1,2,022 043 135 136 184 185 226 229 237,PROP_56,YES,506,796,290,1,~  3FW,PROPOSITION 56 CIGARETT,YES,506,796,0,0,0,0,248,0.00%,"3FW.PROPOSITION 56 CIGARETTE TAX TO FUND HEALTHCARE, TOBACCO USE PREVENTION, RESEARCH, AND.YES"
000072 ,1,2,022 043 135 136 184 185 226 229 237,PROP_57,YES,534,796,262,1,~  3FW,PROPOSITION 57 CRIMINAL,YES,534,796,0,0,0,0,321,0.00%,3FW.PROPOSITION 57 CRIMINAL SENTENCES. PAROLE. JUVENILE CRIMINAL PROCEEDINGS AND SENTENCING. INITIATIVE.YES
000072 ,1,2,022 043 135 136 184 185 226 229 237,PROP_59,NO,230,796,566,0,~  3FW,PROPOSITION 59 CORPORAT,NO,230,796,0,0,0,0,256,0.00%,3FW.PROPOSITION 59 CORPORATIONS. POLITICAL SPENDING. FEDERAL CONSTITUTIONAL PROTECTIONS..NO
000072 ,1,2,022 043 135 136 184 185 226 229 237,PROP_59,YES,486,796,310,0,~  3FW,PROPOSITION 59 CORPORAT,YES,486,796,0,0,0,0,256,0.00%,3FW.PROPOSITION 59 CORPORATIONS. POLITICAL SPENDING. FEDERAL CONSTITUTIONAL PROTECTIONS..YES
000072 ,1,2,022 043 135 136 184 185 226 229 237,PROP_60,NO,449,796,347,1,~  3FW,PROPOSITION 60 ADULT FI,NO,449,796,0,0,0,0,174,0.00%,3FW.PROPOSITION 60 ADULT FILMS. CONDOMS. HEALTH REQUIREMENTS. INITIATIVE STATUTE..NO
000072 ,1,2,022 043 135 136 184 185 226 229 237,PROP_62,NO,319,796,477,0,~  3FW,PROPOSITION 62 DEATH PE,NO,319,796,0,0,0,0,113,0.00%,3FW.PROPOSITION 62 DEATH PENALTY. INITIATIVE STATUTE..NO
000072 ,1,2,022 043 135 136 184 185 226 229 237,PROP_62,YES,432,796,364,0,~  3FW,PROPOSITION 62 DEATH PE,YES,432,796,0,0,0,0,113,0.00%,3FW.PROPOSITION 62 DEATH PENALTY. INITIATIVE STATUTE..YES
000072 ,1,2,022 043 135 136 184 185 226 229 237,PROP_63,YES,427,796,369,2,~  3FW,PROPOSITION 63 FIREARMS,YES,427,796,0,0,0,0,94,0.00%,3FW.PROPOSITION 63 FIREARMS. AMMUNITION SALES. INITIATIVE STATUTE..YES
000072 ,2,3,022 043 136 184 185 226 237,PROP_66,NO,446,791,345,3,~  3FW,PROPOSITION 66 DEATH PE,NO,446,796,0,-5,0,5,180,0.00%,3FW.PROPOSITION 66 DEATH PENALTY. PROCEDURES. INITIATIVE STATUTE..NO
000072 ,1,1,022 043 135 136 184 185 226 229 237,STATEASS2,JIM_WOOD,524,796,272,1,~  3FW,"STATE ASSEMBLY, DISTRIC",JIM WOOD,524,796,0,0,0,0,346,0.00%,"3FW.STATE ASSEMBLY, DISTRICT 2.JIM WOOD"
000072 ,1,1,022 043 135 136 184 185 226 229 237,USREP,JARED_W_HUFFMAN,574,796,222,1,~  3FW,US REPRESENTATIVE IN CO,JARED W. HUFFMAN,574,796,0,0,0,0,401,0.00%,"3FW.US REPRESENTATIVE IN CONGRESS, DISTRICT 2.JARED W. HUFFMAN"
000073 ,2,3,023 045 046 127 184 186 187 226 237 243,MEAS_Q,YES,290,784,494,0,~  3FWS,MEASURE Q HUMBOLDT COUN,YES,290,786,0,-2,0,2,99,0.00%,3FWS.MEASURE Q HUMBOLDT COUNTY CREATION OF FINANCE DEPARTMENT MEASURE..YES
000073 ,2,3,023 045 046 127 184 186 187 226 237 243,MEAS_R,NO,384,784,400,2,~  3FWS,MEASURE R HUMBOLDT COUN,NO,384,786,0,-2,0,2,95,0.00%,3FWS.MEASURE R HUMBOLDT COUNTY FINANCE DEPARTMENT ELECTIVE OFFICE MEASURE..NO
000073 ,2,3,023 045 046 127 184 186 187 226 237 243,MEAS_R,YES,289,784,495,2,~  3FWS,MEASURE R HUMBOLDT COUN,YES,289,786,0,-2,0,2,95,0.00%,3FWS.MEASURE R HUMBOLDT COUNTY FINANCE DEPARTMENT ELECTIVE OFFICE MEASURE..YES
000073 ,2,3,023 045 046 127 184 186 187 226 237 243,MEAS_S,NO,223,784,561,0,~  3FWS,MEASURE S HUMBOLDT COUN,NO,223,786,0,-2,0,2,303,0.00%,3FWS.MEASURE S HUMBOLDT COUNTY COMMERCIAL MARIJUANA CULTIVATION MEASURE..NO
000073 ,1,1,023 045 046 127 128 184 186 187 226 229 237,PRES,DONALD_J_TRUMP,241,786,545,0,~  3FWS,PRESIDENT AND VICE PRES,DONALD J. TRUMP      ,241,786,0,0,0,0,193,0.00%,3FWS.PRESIDENT AND VICE PRESIDENT.DONALD J. TRUMP      and MICHAEL R. PENCE
000073 ,1,1,023 045 046 127 128 184 186 187 226 229 237,PRES,GLORIA_ESTELA_LA_RIVA,3,786,783,0,~  3FWS,PRESIDENT AND VICE PRES,GLORIA ESTELA LA RIVA,3,786,0,0,0,0,193,0.00%,3FWS.PRESIDENT AND VICE PRESIDENT.GLORIA ESTELA LA RIVA      and DENNIS J. BANKS
000073 ,1,1,023 045 046 127 128 184 186 187 226 229 237,PRES,JILL_STEIN,39,786,747,0,~  3FWS,PRESIDENT AND VICE PRES,JILL STEIN      and A,39,786,0,0,0,0,193,0.00%,3FWS.PRESIDENT AND VICE PRESIDENT.JILL STEIN      and AJAMU BARAKA
000073 ,1,1,023 045 046 127 128 184 186 187 226 229 237,PRES,Write_in,27,786,759,0,~  3FWS,PRESIDENT AND VICE PRES,Write_in,27,786,0,0,0,0,193,0.00%,3FWS.PRESIDENT AND VICE PRESIDENT.Write_in
000073 ,1,1,023 045 046 127 128 184 186 187 226 229 237,PROP_51,NO,406,786,380,0,~  3FWS,PROPOSITION 51 SCHOOL B,NO,406,786,0,0,0,0,62,0.00%,3FWS.PROPOSITION 51 SCHOOL BONDS. FUNDING FOR K-12 SCHOOL AND COMMUNITY COLLEGE FACILITIES. INITIATIVE.NO
000073 ,1,1,023 045 046 127 128 184 186 187 226 229 237,PROP_51,YES,344,786,442,0,~  3FWS,PROPOSITION 51 SCHOOL B,YES,344,786,0,0,0,0,62,0.00%,3FWS.PROPOSITION 51 SCHOOL BONDS. FUNDING FOR K-12 SCHOOL AND COMMUNITY COLLEGE FACILITIES. INITIATIVE.YES
000073 ,1,1,023 045 046 127 128 184 186 187 226 229 237,PROP_53,NO,406,786,380,4,~  3FWS,PROPOSITION 53 REVENUE ,NO,406,786,0,0,0,0,90,0.00%,3FWS.PROPOSITION 53 REVENUE BONDS. STATEWIDE VOTER APPROVAL. INITIATIVE CONSTITUTIONAL AMENDMENT..NO
000073 ,1,1,023 045 046 127 128 184 186 187 226 229 237,PROP_54,YES,462,786,324,0,~  3FWS,PROPOSITION 54 LEGISLAT,YES,462,786,0,0,0,0,188,0.00%,3FWS.PROPOSITION 54 LEGISLATURE. LEGISLATION AND PROCEEDINGS. INITIATIVE CONSTITUTIONAL AMENDMENT AND.YES
000073 ,1,2,023 045 046 127 128 184 186 187 226 229 237,PROP_56,YES,447,783,336,1,~  3FWS,PROPOSITION 56 CIGARETT,YES,447,786,0,-3,0,3,135,0.00%,"3FWS.PROPOSITION 56 CIGARETTE TAX TO FUND HEALTHCARE, TOBACCO USE PREVENTION, RESEARCH, AND.YES"
000073 ,1,2,023 045 046 127 128 184 186 187 226 229 237,PROP_57,NO,230,783,553,1,~  3FWS,PROPOSITION 57 CRIMINAL,NO,230,786,0,-3,0,3,273,0.00%,3FWS.PROPOSITION 57 CRIMINAL SENTENCES. PAROLE. JUVENILE CRIMINAL PROCEEDINGS AND SENTENCING. INITIATIVE.NO
000073 ,1,1,023 045 046 127 128 184 186 187 226 229 237,STATEASS2,JIM_WOOD,497,786,289,0,~  3FWS,"STATE ASSEMBLY, DISTRIC",JIM WOOD,497,786,0,0,0,0,306,0.00%,"3FWS.STATE ASSEMBLY, DISTRICT 2.JIM WOOD"
000073 ,1,1,023 045 046 127 128 184 186 187 226 229 237,STATEASS2,KEN_ANTON,191,786,595,0,~  3FWS,"STATE ASSEMBLY, DISTRIC",KEN ANTON,191,786,0,0,0,0,306,0.00%,"3FWS.STATE ASSEMBLY, DISTRICT 2.KEN ANTON"
000073 ,1,1,023 045 046 127 128 184 186 187 226 229 237,USREP,JARED_W_HUFFMAN,533,786,253,1,~  3FWS,US REPRESENTATIVE IN CO,JARED W. HUFFMAN,533,786,0,0,0,0,318,0.00%,"3FWS.US REPRESENTATIVE IN CONGRESS, DISTRICT 2.JARED W. HUFFMAN"
000073 ,1,1,023 045 046 127 128 184 186 187 226 229 237,USSEN,KAMALA_D_HARRIS,452,786,334,0,~  3FWS,US SENATOR,KAMALA D. HARRIS,452,786,0,0,0,0,285,0.00%,3FWS.US SENATOR.KAMALA D. HARRIS
000074 ,2,3,023 045 125 185 186 226 237,MEAS_K,BONDS_NO,203,523,320,1,~  3JCFR,MEASURE K JACOBY CREEK ,BONDS NO,203,520,0,3,0,3,93,0.00%,3JCFR.MEASURE K JACOBY CREEK SCHOOL BOND MEASURE..BONDS NO
000074 ,2,3,023 045 125 185 186 226 237,MEAS_Q,NO,234,523,289,0,~  3JCFR,MEASURE Q HUMBOLDT COUN,NO,234,520,0,3,0,3,34,0.00%,3JCFR.MEASURE Q HUMBOLDT COUNTY CREATION OF FINANCE DEPARTMENT MEASURE..NO
000074 ,2,3,023 045 125 185 186 226 237,MEAS_Q,YES,200,523,323,0,~  3JCFR,MEASURE Q HUMBOLDT COUN,YES,200,520,0,3,0,3,34,0.00%,3JCFR.MEASURE Q HUMBOLDT COUNTY CREATION OF FINANCE DEPARTMENT MEASURE..YES
000074 ,2,3,023 045 125 185 186 226 237,MEAS_U,NO,210,523,313,0,~  3JCFR,MEASURE U LOCAL TRANSPO,NO,210,520,0,3,0,3,63,0.00%,3JCFR.MEASURE U LOCAL TRANSPORTATION AUTHORITY RETAIL TRANSACTIONS AND USE TAX..NO
000074 ,2,3,023 045 125 185 186 226 237,MEAS_U,YES,273,523,250,0,~  3JCFR,MEASURE U LOCAL TRANSPO,YES,273,520,0,3,0,3,63,0.00%,3JCFR.MEASURE U LOCAL TRANSPORTATION AUTHORITY RETAIL TRANSACTIONS AND USE TAX..YES
000074 ,1,1,023 045 124 125 185 186 226 237,PRES,DONALD_J_TRUMP,112,520,408,0,~  3JCFR,PRESIDENT AND VICE PRES,DONALD J. TRUMP      ,112,520,0,0,0,0,213,0.00%,3JCFR.PRESIDENT AND VICE PRESIDENT.DONALD J. TRUMP      and MICHAEL R. PENCE
000074 ,1,1,023 045 124 125 185 186 226 237,PRES,GARY_JOHNSON,19,520,501,0,~  3JCFR,PRESIDENT AND VICE PRES,GARY JOHNSON      and,19,520,0,0,0,0,213,0.00%,3JCFR.PRESIDENT AND VICE PRESIDENT.GARY JOHNSON      and BILL WELD
000074 ,1,1,023 045 124 125 185 186 226 237,PRES,JILL_STEIN,32,520,488,0,~  3JCFR,PRESIDENT AND VICE PRES,JILL STEIN      and A,32,520,0,0,0,0,213,0.00%,3JCFR.PRESIDENT AND VICE PRESIDENT.JILL STEIN      and AJAMU BARAKA
000074 ,1,1,023 045 124 125 185 186 226 237,PRES,Write_in,23,520,497,0,~  3JCFR,PRESIDENT AND VICE PRES,Write_in,23,520,0,0,0,0,213,0.00%,3JCFR.PRESIDENT AND VICE PRESIDENT.Write_in
000074 ,1,1,023 045 124 125 185 186 226 237,PROP_51,NO,233,520,287,0,~  3JCFR,PROPOSITION 51 SCHOOL B,NO,233,520,0,0,0,0,33,0.00%,3JCFR.PROPOSITION 51 SCHOOL BONDS. FUNDING FOR K-12 SCHOOL AND COMMUNITY COLLEGE FACILITIES. INITIATIVE.NO
000074 ,1,1,023 045 124 125 185 186 226 237,PROP_51,YES,266,520,254,0,~  3JCFR,PROPOSITION 51 SCHOOL B,YES,266,520,0,0,0,0,33,0.00%,3JCFR.PROPOSITION 51 SCHOOL BONDS. FUNDING FOR K-12 SCHOOL AND COMMUNITY COLLEGE FACILITIES. INITIATIVE.YES
000074 ,1,1,023 045 124 125 185 186 226 237,PROP_52,NO,126,520,394,0,~  3JCFR,PROPOSITION 52 MEDI-CAL,NO,126,520,0,0,0,0,237,0.00%,3JCFR.PROPOSITION 52 MEDI-CAL HOSPITAL FEE PROGRAM. INITIATIVE CONSTITUTIONAL AMENDMENT AND STATUTE..NO
000074 ,1,1,023 045 124 125 185 186 226 237,PROP_52,YES,363,520,157,0,~  3JCFR,PROPOSITION 52 MEDI-CAL,YES,363,520,0,0,0,0,237,0.00%,3JCFR.PROPOSITION 52 MEDI-CAL HOSPITAL FEE PROGRAM. INITIATIVE CONSTITUTIONAL AMENDMENT AND STATUTE..YES
000074 ,1,1,023 045 124 125 185 186 226 237,PROP_54,YES,324,520,196,2,~  3JCFR,PROPOSITION 54 LEGISLAT,YES,324,520,0,0,0,0,166,0.00%,3JCFR.PROPOSITION 54 LEGISLATURE. LEGISLATION AND PROCEEDINGS. INITIATIVE CONSTITUTIONAL AMENDMENT AND.YES
000074 ,1,1,023 045 124 125 185 186 226 237,PROP_55,NO,132,520,388,0,~  3JCFR,PROPOSITION 55 TAX EXTE,NO,132,520,0,0,0,0,230,0.00%,3JCFR.PROPOSITION 55 TAX EXTENSION TO FUND EDUCATION AND HEALTHCARE. INITIATIVE CONSTITUTIONAL AMENDMENT..NO
000074 ,1,1,023 045 124 125 185 186 226 237,PROP_55,YES,362,520,158,0,~  3JCFR,PROPOSITION 55 TAX EXTE,YES,362,520,0,0,0,0,230,0.00%,3JCFR.PROPOSITION 55 TAX EXTENSION TO FUND EDUCATION AND HEALTHCARE. INITIATIVE CONSTITUTIONAL AMENDMENT..YES
000074 ,1,2,023 045 124 125 185 186 226 237,PROP_57,NO,97,520,423,0,~  3JCFR,PROPOSITION 57 CRIMINAL,NO,97,520,0,0,0,0,294,0.00%,3JCFR.PROPOSITION 57 CRIMINAL SENTENCES. PAROLE. JUVENILE CRIMINAL PROCEEDINGS AND SENTENCING. INITIATIVE.NO
000074 ,1,2,023 045 124 125 185 186 226 237,PROP_58,NO,70,520,450,1,~  3JCFR,PROPOSITION 58 ENGLISH ,NO,70,520,0,0,0,0,352,0.00%,3JCFR.PROPOSITION 58 ENGLISH PROFICIENCY. MULTILINGUAL EDUCATION. INITIATIVE STATUTE..NO
000074 ,1,2,023 045 124 125 185 186 226 237,PROP_59,NO,147,520,373,0,~  3JCFR,PROPOSITION 59 CORPORAT,NO,147,520,0,0,0,0,185,0.00%,3JCFR.PROPOSITION 59 CORPORATIONS. POLITICAL SPENDING. FEDERAL CONSTITUTIONAL PROTECTIONS..NO
000074 ,1,2,023 045 124 125 185 186 226 237,PROP_59,YES,332,520,188,0,~  3JCFR,PROPOSITION 59 CORPORAT,YES,332,520,0,0,0,0,185,0.00%,3JCFR.PROPOSITION 59 CORPORATIONS. POLITICAL SPENDING. FEDERAL CONSTITUTIONAL PROTECTIONS..YES
000074 ,1,2,023 045 124 125 185 186 226 237,PROP_60,NO,320,520,200,4,~  3JCFR,PROPOSITION 60 ADULT FI,NO,320,520,0,0,0,0,164,0.00%,3JCFR.PROPOSITION 60 ADULT FILMS. CONDOMS. HEALTH REQUIREMENTS. INITIATIVE STATUTE..NO
000074 ,1,2,023 045 124 125 185 186 226 237,PROP_62,NO,155,520,365,0,~  3JCFR,PROPOSITION 62 DEATH PE,NO,155,520,0,0,0,0,180,0.00%,3JCFR.PROPOSITION 62 DEATH PENALTY. INITIATIVE STATUTE..NO
000074 ,1,2,023 045 124 125 185 186 226 237,PROP_62,YES,335,520,185,0,~  3JCFR,PROPOSITION 62 DEATH PE,YES,335,520,0,0,0,0,180,0.00%,3JCFR.PROPOSITION 62 DEATH PENALTY. INITIATIVE STATUTE..YES
000074 ,1,2,023 045 124 125 185 186 226 237,PROP_63,NO,177,520,343,0,~  3JCFR,PROPOSITION 63 FIREARMS,NO,177,520,0,0,0,0,147,0.00%,3JCFR.PROPOSITION 63 FIREARMS. AMMUNITION SALES. INITIATIVE STATUTE..NO
000074 ,1,2,023 045 124 125 185 186 226 237,PROP_63,YES,324,520,196,0,~  3JCFR,PROPOSITION 63 FIREARMS,YES,324,520,0,0,0,0,147,0.00%,3JCFR.PROPOSITION 63 FIREARMS. AMMUNITION SALES. INITIATIVE STATUTE..YES
000074 ,2,3,023 045 125 185 186 226 237,PROP_65,NO,324,523,199,3,~  3JCFR,PROPOSITION 65 CARRYOUT,NO,324,520,0,3,0,3,150,0.00%,3JCFR.PROPOSITION 65 CARRYOUT BAGS. CHARGES. INITIATIVE STATUTE..NO
000074 ,2,3,023 045 125 185 186 226 237,PROP_66,NO,318,523,205,0,~  3JCFR,PROPOSITION 66 DEATH PE,NO,318,520,0,3,0,3,174,0.00%,3JCFR.PROPOSITION 66 DEATH PENALTY. PROCEDURES. INITIATIVE STATUTE..NO
000074 ,2,3,023 045 125 185 186 226 237,PROP_66,YES,144,523,379,0,~  3JCFR,PROPOSITION 66 DEATH PE,YES,144,520,0,3,0,3,174,0.00%,3JCFR.PROPOSITION 66 DEATH PENALTY. PROCEDURES. INITIATIVE STATUTE..YES
000074 ,2,3,023 045 125 185 186 226 237,PROP_67,NO,128,523,395,0,~  3JCFR,PROPOSITION 67 BAN ON S,NO,128,520,0,3,0,3,248,0.00%,3JCFR.PROPOSITION 67 BAN ON SINGLE-USE PLASTIC BAGS. REFERENDUM..NO
000074 ,2,3,023 045 125 185 186 226 237,PROP_67,YES,376,523,147,0,~  3JCFR,PROPOSITION 67 BAN ON S,YES,376,520,0,3,0,3,248,0.00%,3JCFR.PROPOSITION 67 BAN ON SINGLE-USE PLASTIC BAGS. REFERENDUM..YES
000074 ,1,1,023 045 124 125 185 186 226 237,STATEASS2,JIM_WOOD,349,520,171,0,~  3JCFR,"STATE ASSEMBLY, DISTRIC",JIM WOOD,349,520,0,0,0,0,253,0.00%,"3JCFR.STATE ASSEMBLY, DISTRICT 2.JIM WOOD"
000074 ,1,1,023 045 124 125 185 186 226 237,STATEASS2,KEN_ANTON,96,520,424,0,~  3JCFR,"STATE ASSEMBLY, DISTRIC",KEN ANTON,96,520,0,0,0,0,253,0.00%,"3JCFR.STATE ASSEMBLY, DISTRICT 2.KEN ANTON"
000074 ,1,1,023 045 124 125 185 186 226 237,USREP,JARED_W_HUFFMAN,391,520,129,1,~  3JCFR,US REPRESENTATIVE IN CO,JARED W. HUFFMAN,391,520,0,0,0,0,293,0.00%,"3JCFR.US REPRESENTATIVE IN CONGRESS, DISTRICT 2.JARED W. HUFFMAN"
000074 ,1,1,023 045 124 125 185 186 226 237,USSEN,KAMALA_D_HARRIS,315,520,205,0,~  3JCFR,US SENATOR,KAMALA D. HARRIS,315,520,0,0,0,0,204,0.00%,3JCFR.US SENATOR.KAMALA D. HARRIS
000074 ,1,1,023 045 124 125 185 186 226 237,USSEN,LORETTA_L_SANCHEZ,111,520,409,0,~  3JCFR,US SENATOR,LORETTA L. SANCHEZ,111,520,0,0,0,0,204,0.00%,3JCFR.US SENATOR.LORETTA L. SANCHEZ
000075 ,2,3,024 045 126 127 185 191 192 226 237,MEAS_K,BONDS_NO,314,650,336,0,~  3JCWR,MEASURE K JACOBY CREEK ,BONDS NO,314,653,0,-3,0,3,12,0.00%,3JCWR.MEASURE K JACOBY CREEK SCHOOL BOND MEASURE..BONDS NO
000075 ,2,3,024 045 126 127 185 191 192 226 237,MEAS_R,NO,318,650,332,2,~  3JCWR,MEASURE R HUMBOLDT COUN,NO,318,653,0,-3,0,3,86,0.00%,3JCWR.MEASURE R HUMBOLDT COUNTY FINANCE DEPARTMENT ELECTIVE OFFICE MEASURE..NO
000075 ,2,3,024 045 126 127 185 191 192 226 237,MEAS_R,YES,232,650,418,2,~  3JCWR,MEASURE R HUMBOLDT COUN,YES,232,653,0,-3,0,3,86,0.00%,3JCWR.MEASURE R HUMBOLDT COUNTY FINANCE DEPARTMENT ELECTIVE OFFICE MEASURE..YES
000075 ,2,3,024 045 126 127 185 191 192 226 237,MEAS_U,NO,277,650,373,0,~  3JCWR,MEASURE U LOCAL TRANSPO,NO,277,653,0,-3,0,3,34,0.00%,3JCWR.MEASURE U LOCAL TRANSPORTATION AUTHORITY RETAIL TRANSACTIONS AND USE TAX..NO
000075 ,2,3,024 045 126 127 185 191 192 226 237,MEAS_V,NO,249,650,401,1,~  3JCWR,MEASURE V MOBILE HOME P,NO,249,653,0,-3,0,3,92,0.00%,3JCWR.MEASURE V MOBILE HOME PARK SPACE RENT STABILIZATION..NO
000075 ,2,3,024 045 126 127 185 191 192 226 237,MEAS_V,YES,341,650,309,1,~  3JCWR,MEASURE V MOBILE HOME P,YES,341,653,0,-3,0,3,92,0.00%,3JCWR.MEASURE V MOBILE HOME PARK SPACE RENT STABILIZATION..YES
000075 ,1,1,024 045 126 185 191 192 226 229 237,PRES,DONALD_J_TRUMP,125,654,529,0,~  3JCWR,PRESIDENT AND VICE PRES,DONALD J. TRUMP      ,125,653,0,1,0,1,312,0.00%,3JCWR.PRESIDENT AND VICE PRESIDENT.DONALD J. TRUMP      and MICHAEL R. PENCE
000075 ,1,1,024 045 126 185 191 192 226 229 237,PRES,GARY_JOHNSON,23,654,631,0,~  3JCWR,PRESIDENT AND VICE PRES,GARY JOHNSON      and,23,653,0,1,0,1,312,0.00%,3JCWR.PRESIDENT AND VICE PRESIDENT.GARY JOHNSON      and BILL WELD
000075 ,1,1,024 045 126 185 191 192 226 229 237,PRES,GLORIA_ESTELA_LA_RIVA,1,654,653,0,~  3JCWR,PRESIDENT AND VICE PRES,GLORIA ESTELA LA RIVA,1,653,0,1,0,1,312,0.00%,3JCWR.PRESIDENT AND VICE PRESIDENT.GLORIA ESTELA LA RIVA      and DENNIS J. BANKS
000075 ,1,1,024 045 126 185 191 192 226 229 237,PRES,JILL_STEIN,42,654,612,0,~  3JCWR,PRESIDENT AND VICE PRES,JILL STEIN      and A,42,653,0,1,0,1,312,0.00%,3JCWR.PRESIDENT AND VICE PRESIDENT.JILL STEIN      and AJAMU BARAKA
000075 ,1,1,024 045 126 185 191 192 226 229 237,PRES,Write_in,12,654,642,0,~  3JCWR,PRESIDENT AND VICE PRES,Write_in,12,653,0,1,0,1,312,0.00%,3JCWR.PRESIDENT AND VICE PRESIDENT.Write_in
000075 ,1,1,024 045 126 185 191 192 226 229 237,PROP_54,NO,234,654,420,1,~  3JCWR,PROPOSITION 54 LEGISLAT,NO,234,653,0,1,0,1,137,0.00%,3JCWR.PROPOSITION 54 LEGISLATURE. LEGISLATION AND PROCEEDINGS. INITIATIVE CONSTITUTIONAL AMENDMENT AND.NO
000075 ,1,1,024 045 126 185 191 192 226 229 237,PROP_55,NO,188,654,466,2,~  3JCWR,PROPOSITION 55 TAX EXTE,NO,188,653,0,1,0,1,250,0.00%,3JCWR.PROPOSITION 55 TAX EXTENSION TO FUND EDUCATION AND HEALTHCARE. INITIATIVE CONSTITUTIONAL AMENDMENT..NO
000075 ,1,2,024 045 126 185 191 192 226 229 237,PROP_57,NO,160,654,494,1,~  3JCWR,PROPOSITION 57 CRIMINAL,NO,160,653,0,1,0,1,297,0.00%,3JCWR.PROPOSITION 57 CRIMINAL SENTENCES. PAROLE. JUVENILE CRIMINAL PROCEEDINGS AND SENTENCING. INITIATIVE.NO
000075 ,1,2,024 045 126 185 191 192 226 229 237,PROP_58,YES,508,654,146,2,~  3JCWR,PROPOSITION 58 ENGLISH ,YES,508,653,0,1,0,1,400,0.00%,3JCWR.PROPOSITION 58 ENGLISH PROFICIENCY. MULTILINGUAL EDUCATION. INITIATIVE STATUTE..YES
000075 ,1,2,024 045 126 185 191 192 226 229 237,PROP_59,NO,184,654,470,0,~  3JCWR,PROPOSITION 59 CORPORAT,NO,184,653,0,1,0,1,216,0.00%,3JCWR.PROPOSITION 59 CORPORATIONS. POLITICAL SPENDING. FEDERAL CONSTITUTIONAL PROTECTIONS..NO
000075 ,1,2,024 045 126 185 191 192 226 229 237,PROP_60,YES,177,654,477,0,~  3JCWR,PROPOSITION 60 ADULT FI,YES,177,653,0,1,0,1,248,0.00%,3JCWR.PROPOSITION 60 ADULT FILMS. CONDOMS. HEALTH REQUIREMENTS. INITIATIVE STATUTE..YES
000075 ,1,2,024 045 126 185 191 192 226 229 237,PROP_63,NO,220,654,434,1,~  3JCWR,PROPOSITION 63 FIREARMS,NO,220,653,0,1,0,1,188,0.00%,3JCWR.PROPOSITION 63 FIREARMS. AMMUNITION SALES. INITIATIVE STATUTE..NO
000075 ,2,3,024 045 126 127 185 191 192 226 237,PROP_64,NO,222,650,428,4,~  3JCWR,PROPOSITION 64 MARIJUAN,NO,222,653,0,-3,0,3,199,0.00%,3JCWR.PROPOSITION 64 MARIJUANA LEGALIZATION. INITIATIVE STATUTE..NO
000075 ,2,3,024 045 126 127 185 191 192 226 237,PROP_66,YES,197,650,453,0,~  3JCWR,PROPOSITION 66 DEATH PE,YES,197,653,0,-3,0,3,188,0.00%,3JCWR.PROPOSITION 66 DEATH PENALTY. PROCEDURES. INITIATIVE STATUTE..YES
000075 ,1,1,024 045 126 185 191 192 226 229 237,STATEASS2,KEN_ANTON,133,654,521,0,~  3JCWR,"STATE ASSEMBLY, DISTRIC",KEN ANTON,133,653,0,1,0,1,310,0.00%,"3JCWR.STATE ASSEMBLY, DISTRICT 2.KEN ANTON"
000075 ,1,1,024 045 126 185 191 192 226 229 237,USREP,DALE_K_MENSING,125,654,529,0,~  3JCWR,US REPRESENTATIVE IN CO,DALE K. MENSING,125,653,0,1,0,1,365,0.00%,"3JCWR.US REPRESENTATIVE IN CONGRESS, DISTRICT 2.DALE K. MENSING"
000075 ,1,1,024 045 126 185 191 192 226 229 237,USSEN,LORETTA_L_SANCHEZ,145,654,509,1,~  3JCWR,US SENATOR,LORETTA L. SANCHEZ,145,653,0,1,0,1,250,0.00%,3JCWR.US SENATOR.LORETTA L. SANCHEZ
000076 ,2,3,036 218 219 223 243,MEAS_Q,NO,19,51,32,0,~  3KL,MEASURE Q HUMBOLDT COUN,NO,19,52,0,-1,0,1,1,0.00%,3KL.MEASURE Q HUMBOLDT COUNTY CREATION OF FINANCE DEPARTMENT MEASURE..NO
000076 ,2,3,036 218 219 223 243,MEAS_Q,YES,20,51,31,0,~  3KL,MEASURE Q HUMBOLDT COUN,YES,20,52,0,-1,0,1,1,0.00%,3KL.MEASURE Q HUMBOLDT COUNTY CREATION OF FINANCE DEPARTMENT MEASURE..YES
000076 ,2,3,036 218 219 223 243,MEAS_R,NO,19,51,32,0,~  3KL,MEASURE R HUMBOLDT COUN,NO,19,52,0,-1,0,1,0,--,3KL.MEASURE R HUMBOLDT COUNTY FINANCE DEPARTMENT ELECTIVE OFFICE MEASURE..NO
000076 ,2,3,036 218 219 223 243,MEAS_R,YES,19,51,32,0,~  3KL,MEASURE R HUMBOLDT COUN,YES,19,52,0,-1,0,1,0,--,3KL.MEASURE R HUMBOLDT COUNTY FINANCE DEPARTMENT ELECTIVE OFFICE MEASURE..YES
000076 ,2,3,036 218 219 223 243,MEAS_S,NO,17,51,34,0,~  3KL,MEASURE S HUMBOLDT COUN,NO,17,52,0,-1,0,1,15,0.00%,3KL.MEASURE S HUMBOLDT COUNTY COMMERCIAL MARIJUANA CULTIVATION MEASURE..NO
000076 ,2,3,036 218 219 223 243,MEAS_S,YES,32,51,19,0,~  3KL,MEASURE S HUMBOLDT COUN,YES,32,52,0,-1,0,1,15,0.00%,3KL.MEASURE S HUMBOLDT COUNTY COMMERCIAL MARIJUANA CULTIVATION MEASURE..YES
000076 ,2,3,036 218 219 223 243,MEAS_U,NO,21,51,30,0,~  3KL,MEASURE U LOCAL TRANSPO,NO,21,52,0,-1,0,1,5,0.00%,3KL.MEASURE U LOCAL TRANSPORTATION AUTHORITY RETAIL TRANSACTIONS AND USE TAX..NO
000076 ,2,3,036 218 219 223 243,MEAS_U,YES,26,51,25,0,~  3KL,MEASURE U LOCAL TRANSPO,YES,26,52,0,-1,0,1,5,0.00%,3KL.MEASURE U LOCAL TRANSPORTATION AUTHORITY RETAIL TRANSACTIONS AND USE TAX..YES
000076 ,2,3,036 218 219 223 243,MEAS_V,NO,28,51,23,0,~  3KL,MEASURE V MOBILE HOME P,NO,28,52,0,-1,0,1,11,0.00%,3KL.MEASURE V MOBILE HOME PARK SPACE RENT STABILIZATION..NO
000076 ,2,3,036 218 219 223 243,MEAS_V,YES,17,51,34,0,~  3KL,MEASURE V MOBILE HOME P,YES,17,52,0,-1,0,1,11,0.00%,3KL.MEASURE V MOBILE HOME PARK SPACE RENT STABILIZATION..YES
000076 ,1,1,036 218 219 223 229 243,PRES,DONALD_J_TRUMP,17,52,35,0,~  3KL,PRESIDENT AND VICE PRES,DONALD J. TRUMP      ,17,52,0,0,0,0,9,0.00%,3KL.PRESIDENT AND VICE PRESIDENT.DONALD J. TRUMP      and MICHAEL R. PENCE
000076 ,1,1,036 218 219 223 229 243,PRES,GARY_JOHNSON,2,52,50,0,~  3KL,PRESIDENT AND VICE PRES,GARY JOHNSON      and,2,52,0,0,0,0,9,0.00%,3KL.PRESIDENT AND VICE PRESIDENT.GARY JOHNSON      and BILL WELD
000076 ,1,1,036 218 219 223 229 243,PRES,GLORIA_ESTELA_LA_RIVA,0,52,52,0,~  3KL,PRESIDENT AND VICE PRES,GLORIA ESTELA LA RIVA,0,52,0,0,0,0,9,0.00%,3KL.PRESIDENT AND VICE PRESIDENT.GLORIA ESTELA LA RIVA      and DENNIS J. BANKS
000076 ,1,1,036 218 219 223 229 243,PRES,HILLARY_CLINTON,26,52,26,0,~  3KL,PRESIDENT AND VICE PRES,HILLARY CLINTON      ,26,52,0,0,0,0,9,0.00%,3KL.PRESIDENT AND VICE PRESIDENT.HILLARY CLINTON      and TIM KAINE
000076 ,1,1,036 218 219 223 229 243,PRES,JILL_STEIN,6,52,46,0,~  3KL,PRESIDENT AND VICE PRES,JILL STEIN      and A,6,52,0,0,0,0,9,0.00%,3KL.PRESIDENT AND VICE PRESIDENT.JILL STEIN      and AJAMU BARAKA
000076 ,1,1,036 218 219 223 229 243,PRES,Write_in,1,52,51,0,~  3KL,PRESIDENT AND VICE PRES,Write_in,1,52,0,0,0,0,9,0.00%,3KL.PRESIDENT AND VICE PRESIDENT.Write_in
000076 ,1,1,036 218 219 223 229 243,PROP_51,NO,24,52,28,0,~  3KL,PROPOSITION 51 SCHOOL B,NO,24,52,0,0,0,0,1,0.00%,3KL.PROPOSITION 51 SCHOOL BONDS. FUNDING FOR K-12 SCHOOL AND COMMUNITY COLLEGE FACILITIES. INITIATIVE.NO
000076 ,1,1,036 218 219 223 229 243,PROP_51,YES,25,52,27,0,~  3KL,PROPOSITION 51 SCHOOL B,YES,25,52,0,0,0,0,1,0.00%,3KL.PROPOSITION 51 SCHOOL BONDS. FUNDING FOR K-12 SCHOOL AND COMMUNITY COLLEGE FACILITIES. INITIATIVE.YES
000076 ,1,1,036 218 219 223 229 243,PROP_52,NO,19,52,33,1,~  3KL,PROPOSITION 52 MEDI-CAL,NO,19,52,0,0,0,0,9,0.00%,3KL.PROPOSITION 52 MEDI-CAL HOSPITAL FEE PROGRAM. INITIATIVE CONSTITUTIONAL AMENDMENT AND STATUTE..NO
000076 ,1,1,036 218 219 223 229 243,PROP_53,NO,28,52,24,1,~  3KL,PROPOSITION 53 REVENUE ,NO,28,52,0,0,0,0,10,0.00%,3KL.PROPOSITION 53 REVENUE BONDS. STATEWIDE VOTER APPROVAL. INITIATIVE CONSTITUTIONAL AMENDMENT..NO
000076 ,1,1,036 218 219 223 229 243,PROP_54,NO,18,52,34,0,~  3KL,PROPOSITION 54 LEGISLAT,NO,18,52,0,0,0,0,11,0.00%,3KL.PROPOSITION 54 LEGISLATURE. LEGISLATION AND PROCEEDINGS. INITIATIVE CONSTITUTIONAL AMENDMENT AND.NO
000076 ,1,1,036 218 219 223 229 243,PROP_54,YES,29,52,23,0,~  3KL,PROPOSITION 54 LEGISLAT,YES,29,52,0,0,0,0,11,0.00%,3KL.PROPOSITION 54 LEGISLATURE. LEGISLATION AND PROCEEDINGS. INITIATIVE CONSTITUTIONAL AMENDMENT AND.YES
000076 ,1,1,036 218 219 223 229 243,PROP_55,NO,22,52,30,0,~  3KL,PROPOSITION 55 TAX EXTE,NO,22,52,0,0,0,0,3,0.00%,3KL.PROPOSITION 55 TAX EXTENSION TO FUND EDUCATION AND HEALTHCARE. INITIATIVE CONSTITUTIONAL AMENDMENT..NO
000076 ,1,1,036 218 219 223 229 243,PROP_55,YES,25,52,27,0,~  3KL,PROPOSITION 55 TAX EXTE,YES,25,52,0,0,0,0,3,0.00%,3KL.PROPOSITION 55 TAX EXTENSION TO FUND EDUCATION AND HEALTHCARE. INITIATIVE CONSTITUTIONAL AMENDMENT..YES
000076 ,1,2,036 218 219 223 229 243,PROP_56,NO,18,52,34,0,~  3KL,PROPOSITION 56 CIGARETT,NO,18,52,0,0,0,0,13,0.00%,"3KL.PROPOSITION 56 CIGARETTE TAX TO FUND HEALTHCARE, TOBACCO USE PREVENTION, RESEARCH, AND.NO"
000076 ,1,2,036 218 219 223 229 243,PROP_56,YES,31,52,21,0,~  3KL,PROPOSITION 56 CIGARETT,YES,31,52,0,0,0,0,13,0.00%,"3KL.PROPOSITION 56 CIGARETTE TAX TO FUND HEALTHCARE, TOBACCO USE PREVENTION, RESEARCH, AND.YES"
000076 ,1,2,036 218 219 223 229 243,PROP_57,NO,15,52,37,1,~  3KL,PROPOSITION 57 CRIMINAL,NO,15,52,0,0,0,0,16,0.00%,3KL.PROPOSITION 57 CRIMINAL SENTENCES. PAROLE. JUVENILE CRIMINAL PROCEEDINGS AND SENTENCING. INITIATIVE.NO
000076 ,1,2,036 218 219 223 229 243,PROP_58,NO,11,52,41,1,~  3KL,PROPOSITION 58 ENGLISH ,NO,11,52,0,0,0,0,22,0.00%,3KL.PROPOSITION 58 ENGLISH PROFICIENCY. MULTILINGUAL EDUCATION. INITIATIVE STATUTE..NO
000076 ,1,2,036 218 219 223 229 243,PROP_59,NO,18,52,34,0,~  3KL,PROPOSITION 59 CORPORAT,NO,18,52,0,0,0,0,8,0.00%,3KL.PROPOSITION 59 CORPORATIONS. POLITICAL SPENDING. FEDERAL CONSTITUTIONAL PROTECTIONS..NO
000076 ,1,2,036 218 219 223 229 243,PROP_59,YES,26,52,26,0,~  3KL,PROPOSITION 59 CORPORAT,YES,26,52,0,0,0,0,8,0.00%,3KL.PROPOSITION 59 CORPORATIONS. POLITICAL SPENDING. FEDERAL CONSTITUTIONAL PROTECTIONS..YES
000076 ,1,2,036 218 219 223 229 243,PROP_60,NO,35,52,17,0,~  3KL,PROPOSITION 60 ADULT FI,NO,35,52,0,0,0,0,24,0.00%,3KL.PROPOSITION 60 ADULT FILMS. CONDOMS. HEALTH REQUIREMENTS. INITIATIVE STATUTE..NO
000076 ,1,2,036 218 219 223 229 243,PROP_60,YES,11,52,41,0,~  3KL,PROPOSITION 60 ADULT FI,YES,11,52,0,0,0,0,24,0.00%,3KL.PROPOSITION 60 ADULT FILMS. CONDOMS. HEALTH REQUIREMENTS. INITIATIVE STATUTE..YES
000076 ,1,2,036 218 219 223 229 243,PROP_61,NO,19,52,33,0,~  3KL,PROPOSITION 61 STATE PR,NO,19,52,0,0,0,0,8,0.00%,3KL.PROPOSITION 61 STATE PRESCRIPTION DRUG PURCHASES. PRICING STANDARDS. INITIATIVE STATUTE..NO
000076 ,1,2,036 218 219 223 229 243,PROP_61,YES,27,52,25,0,~  3KL,PROPOSITION 61 STATE PR,YES,27,52,0,0,0,0,8,0.00%,3KL.PROPOSITION 61 STATE PRESCRIPTION DRUG PURCHASES. PRICING STANDARDS. INITIATIVE STATUTE..YES
000076 ,1,2,036 218 219 223 229 243,PROP_62,NO,22,52,30,0,~  3KL,PROPOSITION 62 DEATH PE,NO,22,52,0,0,0,0,3,0.00%,3KL.PROPOSITION 62 DEATH PENALTY. INITIATIVE STATUTE..NO
000076 ,1,2,036 218 219 223 229 243,PROP_62,YES,25,52,27,0,~  3KL,PROPOSITION 62 DEATH PE,YES,25,52,0,0,0,0,3,0.00%,3KL.PROPOSITION 62 DEATH PENALTY. INITIATIVE STATUTE..YES
000076 ,1,2,036 218 219 223 229 243,PROP_63,NO,37,52,15,0,~  3KL,PROPOSITION 63 FIREARMS,NO,37,52,0,0,0,0,25,0.00%,3KL.PROPOSITION 63 FIREARMS. AMMUNITION SALES. INITIATIVE STATUTE..NO
000076 ,1,2,036 218 219 223 229 243,PROP_63,YES,12,52,40,0,~  3KL,PROPOSITION 63 FIREARMS,YES,12,52,0,0,0,0,25,0.00%,3KL.PROPOSITION 63 FIREARMS. AMMUNITION SALES. INITIATIVE STATUTE..YES
000076 ,2,3,036 218 219 223 243,PROP_64,NO,13,51,38,0,~  3KL,PROPOSITION 64 MARIJUAN,NO,13,52,0,-1,0,1,24,0.00%,3KL.PROPOSITION 64 MARIJUANA LEGALIZATION. INITIATIVE STATUTE..NO
000076 ,2,3,036 218 219 223 243,PROP_64,YES,37,51,14,0,~  3KL,PROPOSITION 64 MARIJUAN,YES,37,52,0,-1,0,1,24,0.00%,3KL.PROPOSITION 64 MARIJUANA LEGALIZATION. INITIATIVE STATUTE..YES
000076 ,2,3,036 218 219 223 243,PROP_66,NO,22,51,29,1,~  3KL,PROPOSITION 66 DEATH PE,NO,22,52,0,-1,0,1,5,0.00%,3KL.PROPOSITION 66 DEATH PENALTY. PROCEDURES. INITIATIVE STATUTE..NO
000076 ,2,3,036 218 219 223 243,PROP_67,NO,15,51,36,0,~  3KL,PROPOSITION 67 BAN ON S,NO,15,52,0,-1,0,1,17,0.00%,3KL.PROPOSITION 67 BAN ON SINGLE-USE PLASTIC BAGS. REFERENDUM..NO
000076 ,2,3,036 218 219 223 243,PROP_67,YES,32,51,19,0,~  3KL,PROPOSITION 67 BAN ON S,YES,32,52,0,-1,0,1,17,0.00%,3KL.PROPOSITION 67 BAN ON SINGLE-USE PLASTIC BAGS. REFERENDUM..YES
000076 ,1,1,036 218 219 223 229 243,STATEASS2,JIM_WOOD,32,52,20,0,~  3KL,"STATE ASSEMBLY, DISTRIC",JIM WOOD,32,52,0,0,0,0,21,0.00%,"3KL.STATE ASSEMBLY, DISTRICT 2.JIM WOOD"
000076 ,1,1,036 218 219 223 229 243,STATEASS2,KEN_ANTON,11,52,41,0,~  3KL,"STATE ASSEMBLY, DISTRIC",KEN ANTON,11,52,0,0,0,0,21,0.00%,"3KL.STATE ASSEMBLY, DISTRICT 2.KEN ANTON"
000076 ,1,1,036 218 219 223 229 243,USREP,DALE_K_MENSING,14,52,38,0,~  3KL,US REPRESENTATIVE IN CO,DALE K. MENSING,14,52,0,0,0,0,19,0.00%,"3KL.US REPRESENTATIVE IN CONGRESS, DISTRICT 2.DALE K. MENSING"
000076 ,1,1,036 218 219 223 229 243,USREP,JARED_W_HUFFMAN,33,52,19,0,~  3KL,US REPRESENTATIVE IN CO,JARED W. HUFFMAN,33,52,0,0,0,0,19,0.00%,"3KL.US REPRESENTATIVE IN CONGRESS, DISTRICT 2.JARED W. HUFFMAN"
000076 ,1,1,036 218 219 223 229 243,USSEN,KAMALA_D_HARRIS,25,52,27,0,~  3KL,US SENATOR,KAMALA D. HARRIS,25,52,0,0,0,0,12,0.00%,3KL.US SENATOR.KAMALA D. HARRIS
000076 ,1,1,036 218 219 223 229 243,USSEN,LORETTA_L_SANCHEZ,13,52,39,0,~  3KL,US SENATOR,LORETTA L. SANCHEZ,13,52,0,0,0,0,12,0.00%,3KL.US SENATOR.LORETTA L. SANCHEZ
000077 ,2,3,036 221 223,MEAS_R,NO,85,167,82,0,~  3KL-1,MEASURE R HUMBOLDT COUN,NO,85,170,0,-3,0,3,27,0.00%,3KL-1.MEASURE R HUMBOLDT COUNTY FINANCE DEPARTMENT ELECTIVE OFFICE MEASURE..NO
000077 ,2,3,036 221 223,MEAS_R,YES,58,167,109,0,~  3KL-1,MEASURE R HUMBOLDT COUN,YES,58,170,0,-3,0,3,27,0.00%,3KL-1.MEASURE R HUMBOLDT COUNTY FINANCE DEPARTMENT ELECTIVE OFFICE MEASURE..YES
000077 ,2,3,036 221 223,MEAS_S,NO,57,167,110,1,~  3KL-1,MEASURE S HUMBOLDT COUN,NO,57,170,0,-3,0,3,47,0.00%,3KL-1.MEASURE S HUMBOLDT COUNTY COMMERCIAL MARIJUANA CULTIVATION MEASURE..NO
000077 ,2,3,036 221 223,MEAS_U,YES,66,167,101,0,~  3KL-1,MEASURE U LOCAL TRANSPO,YES,66,170,0,-3,0,3,29,0.00%,3KL-1.MEASURE U LOCAL TRANSPORTATION AUTHORITY RETAIL TRANSACTIONS AND USE TAX..YES
000077 ,2,3,036 221 223,MEAS_V,NO,90,167,77,0,~  3KL-1,MEASURE V MOBILE HOME P,NO,90,170,0,-3,0,3,25,0.00%,3KL-1.MEASURE V MOBILE HOME PARK SPACE RENT STABILIZATION..NO
000077 ,2,3,036 221 223,MEAS_V,YES,65,167,102,0,~  3KL-1,MEASURE V MOBILE HOME P,YES,65,170,0,-3,0,3,25,0.00%,3KL-1.MEASURE V MOBILE HOME PARK SPACE RENT STABILIZATION..YES
000077 ,1,1,036 221 223 229,PRES,DONALD_J_TRUMP,77,169,92,0,~  3KL-1,PRESIDENT AND VICE PRES,DONALD J. TRUMP      ,77,170,0,-1,0,1,4,0.00%,3KL-1.PRESIDENT AND VICE PRESIDENT.DONALD J. TRUMP      and MICHAEL R. PENCE
000077 ,1,1,036 221 223 229,PRES,GARY_JOHNSON,9,169,160,0,~  3KL-1,PRESIDENT AND VICE PRES,GARY JOHNSON      and,9,170,0,-1,0,1,4,0.00%,3KL-1.PRESIDENT AND VICE PRESIDENT.GARY JOHNSON      and BILL WELD
000077 ,1,1,036 221 223 229,PRES,GLORIA_ESTELA_LA_RIVA,1,169,168,0,~  3KL-1,PRESIDENT AND VICE PRES,GLORIA ESTELA LA RIVA,1,170,0,-1,0,1,4,0.00%,3KL-1.PRESIDENT AND VICE PRESIDENT.GLORIA ESTELA LA RIVA      and DENNIS J. BANKS
000077 ,1,1,036 221 223 229,PRES,HILLARY_CLINTON,73,169,96,1,~  3KL-1,PRESIDENT AND VICE PRES,HILLARY CLINTON      ,73,170,0,-1,0,1,4,0.00%,3KL-1.PRESIDENT AND VICE PRESIDENT.HILLARY CLINTON      and TIM KAINE
000077 ,1,1,036 221 223 229,PRES,Write_in,6,169,163,0,~  3KL-1,PRESIDENT AND VICE PRES,Write_in,6,170,0,-1,0,1,4,0.00%,3KL-1.PRESIDENT AND VICE PRESIDENT.Write_in
000077 ,1,1,036 221 223 229,PROP_51,YES,62,169,107,2,~  3KL-1,PROPOSITION 51 SCHOOL B,YES,62,170,0,-1,0,1,39,0.00%,3KL-1.PROPOSITION 51 SCHOOL BONDS. FUNDING FOR K-12 SCHOOL AND COMMUNITY COLLEGE FACILITIES. INITIATIVE.YES
000077 ,1,1,036 221 223 229,PROP_52,YES,92,169,77,1,~  3KL-1,PROPOSITION 52 MEDI-CAL,YES,92,170,0,-1,0,1,26,0.00%,3KL-1.PROPOSITION 52 MEDI-CAL HOSPITAL FEE PROGRAM. INITIATIVE CONSTITUTIONAL AMENDMENT AND STATUTE..YES
000077 ,1,1,036 221 223 229,PROP_54,NO,57,169,112,1,~  3KL-1,PROPOSITION 54 LEGISLAT,NO,57,170,0,-1,0,1,49,0.00%,3KL-1.PROPOSITION 54 LEGISLATURE. LEGISLATION AND PROCEEDINGS. INITIATIVE CONSTITUTIONAL AMENDMENT AND.NO
000077 ,1,1,036 221 223 229,PROP_54,YES,106,169,63,1,~  3KL-1,PROPOSITION 54 LEGISLAT,YES,106,170,0,-1,0,1,49,0.00%,3KL-1.PROPOSITION 54 LEGISLATURE. LEGISLATION AND PROCEEDINGS. INITIATIVE CONSTITUTIONAL AMENDMENT AND.YES
000077 ,1,2,036 221 223 229,PROP_56,NO,81,169,88,0,~  3KL-1,PROPOSITION 56 CIGARETT,NO,81,170,0,-1,0,1,0,--,"3KL-1.PROPOSITION 56 CIGARETTE TAX TO FUND HEALTHCARE, TOBACCO USE PREVENTION, RESEARCH, AND.NO"
000077 ,1,2,036 221 223 229,PROP_57,NO,68,169,101,0,~  3KL-1,PROPOSITION 57 CRIMINAL,NO,68,170,0,-1,0,1,23,0.00%,3KL-1.PROPOSITION 57 CRIMINAL SENTENCES. PAROLE. JUVENILE CRIMINAL PROCEEDINGS AND SENTENCING. INITIATIVE.NO
000077 ,1,2,036 221 223 229,PROP_58,NO,39,169,130,0,~  3KL-1,PROPOSITION 58 ENGLISH ,NO,39,170,0,-1,0,1,79,0.00%,3KL-1.PROPOSITION 58 ENGLISH PROFICIENCY. MULTILINGUAL EDUCATION. INITIATIVE STATUTE..NO
000077 ,1,2,036 221 223 229,PROP_59,NO,67,169,102,0,~  3KL-1,PROPOSITION 59 CORPORAT,NO,67,170,0,-1,0,1,20,0.00%,3KL-1.PROPOSITION 59 CORPORATIONS. POLITICAL SPENDING. FEDERAL CONSTITUTIONAL PROTECTIONS..NO
000077 ,1,2,036 221 223 229,PROP_60,NO,106,169,63,0,~  3KL-1,PROPOSITION 60 ADULT FI,NO,106,170,0,-1,0,1,57,0.00%,3KL-1.PROPOSITION 60 ADULT FILMS. CONDOMS. HEALTH REQUIREMENTS. INITIATIVE STATUTE..NO
000077 ,1,2,036 221 223 229,PROP_61,NO,74,169,95,1,~  3KL-1,PROPOSITION 61 STATE PR,NO,74,170,0,-1,0,1,3,0.00%,3KL-1.PROPOSITION 61 STATE PRESCRIPTION DRUG PURCHASES. PRICING STANDARDS. INITIATIVE STATUTE..NO
000077 ,1,2,036 221 223 229,PROP_61,YES,77,169,92,1,~  3KL-1,PROPOSITION 61 STATE PR,YES,77,170,0,-1,0,1,3,0.00%,3KL-1.PROPOSITION 61 STATE PRESCRIPTION DRUG PURCHASES. PRICING STANDARDS. INITIATIVE STATUTE..YES
000077 ,1,2,036 221 223 229,PROP_63,NO,105,169,64,0,~  3KL-1,PROPOSITION 63 FIREARMS,NO,105,170,0,-1,0,1,50,0.00%,3KL-1.PROPOSITION 63 FIREARMS. AMMUNITION SALES. INITIATIVE STATUTE..NO
000077 ,2,3,036 221 223,PROP_64,NO,62,167,105,0,~  3KL-1,PROPOSITION 64 MARIJUAN,NO,62,170,0,-3,0,3,42,0.00%,3KL-1.PROPOSITION 64 MARIJUANA LEGALIZATION. INITIATIVE STATUTE..NO
000077 ,2,3,036 221 223,PROP_64,YES,104,167,63,0,~  3KL-1,PROPOSITION 64 MARIJUAN,YES,104,170,0,-3,0,3,42,0.00%,3KL-1.PROPOSITION 64 MARIJUANA LEGALIZATION. INITIATIVE STATUTE..YES
000077 ,2,3,036 221 223,PROP_65,NO,104,167,63,2,~  3KL-1,PROPOSITION 65 CARRYOUT,NO,104,170,0,-3,0,3,46,0.00%,3KL-1.PROPOSITION 65 CARRYOUT BAGS. CHARGES. INITIATIVE STATUTE..NO
000077 ,2,3,036 221 223,PROP_66,NO,89,167,78,0,~  3KL-1,PROPOSITION 66 DEATH PE,NO,89,170,0,-3,0,3,19,0.00%,3KL-1.PROPOSITION 66 DEATH PENALTY. PROCEDURES. INITIATIVE STATUTE..NO
000077 ,2,3,036 221 223,PROP_66,YES,70,167,97,0,~  3KL-1,PROPOSITION 66 DEATH PE,YES,70,170,0,-3,0,3,19,0.00%,3KL-1.PROPOSITION 66 DEATH PENALTY. PROCEDURES. INITIATIVE STATUTE..YES
000077 ,2,3,036 221 223,PROP_67,NO,86,167,81,0,~  3KL-1,PROPOSITION 67 BAN ON S,NO,86,170,0,-3,0,3,7,0.00%,3KL-1.PROPOSITION 67 BAN ON SINGLE-USE PLASTIC BAGS. REFERENDUM..NO
000077 ,2,3,036 221 223,PROP_67,YES,79,167,88,0,~  3KL-1,PROPOSITION 67 BAN ON S,YES,79,170,0,-3,0,3,7,0.00%,3KL-1.PROPOSITION 67 BAN ON SINGLE-USE PLASTIC BAGS. REFERENDUM..YES
000077 ,1,1,036 221 223 229,USREP,DALE_K_MENSING,76,169,93,0,~  3KL-1,US REPRESENTATIVE IN CO,DALE K. MENSING,76,170,0,-1,0,1,12,0.00%,"3KL-1.US REPRESENTATIVE IN CONGRESS, DISTRICT 2.DALE K. MENSING"
000078 ,2,3,024 053 125 126 191 226 237,MEAS_H,NO,129,384,255,0,~  3MA-1,MEASURE H ARCATA SCHOOL,NO,129,385,0,-1,0,1,81,0.00%,3MA-1.MEASURE H ARCATA SCHOOL DISTRICT PARCEL TAX..NO
000078 ,2,3,024 053 125 126 191 226 237,MEAS_H,YES,210,384,174,0,~  3MA-1,MEASURE H ARCATA SCHOOL,YES,210,385,0,-1,0,1,81,0.00%,3MA-1.MEASURE H ARCATA SCHOOL DISTRICT PARCEL TAX..YES
000078 ,2,3,024 053 125 126 191 226 237,MEAS_I,BONDS_NO,131,384,253,0,~  3MA-1,MEASURE I ARCATA SCHOOL,BONDS NO,131,385,0,-1,0,1,73,0.00%,3MA-1.MEASURE I ARCATA SCHOOL DISTRICT BOND MEASURE..BONDS NO
000078 ,2,3,024 053 125 126 191 226 237,MEAS_I,BONDS_YES,204,384,180,0,~  3MA-1,MEASURE I ARCATA SCHOOL,BONDS YES,204,385,0,-1,0,1,73,0.00%,3MA-1.MEASURE I ARCATA SCHOOL DISTRICT BOND MEASURE..BONDS YES
000078 ,2,3,024 053 125 126 191 226 237,MEAS_Q,NO,170,384,214,0,~  3MA-1,MEASURE Q HUMBOLDT COUN,NO,170,385,0,-1,0,1,28,0.00%,3MA-1.MEASURE Q HUMBOLDT COUNTY CREATION OF FINANCE DEPARTMENT MEASURE..NO
000078 ,2,4,024 053 125 126 191 226 237,MEAS_V,NO,122,384,262,1,~  3MA-1,MEASURE V MOBILE HOME P,NO,122,385,0,-1,0,1,100,0.00%,3MA-1.MEASURE V MOBILE HOME PARK SPACE RENT STABILIZATION..NO
000078 ,1,1,024 053 125 191 226 229 237 243,PRES,DONALD_J_TRUMP,74,385,311,0,~  3MA-1,PRESIDENT AND VICE PRES,DONALD J. TRUMP      ,74,385,0,0,0,0,177,0.00%,3MA-1.PRESIDENT AND VICE PRESIDENT.DONALD J. TRUMP      and MICHAEL R. PENCE
000078 ,1,1,024 053 125 191 226 229 237 243,PRES,GARY_JOHNSON,8,385,377,0,~  3MA-1,PRESIDENT AND VICE PRES,GARY JOHNSON      and,8,385,0,0,0,0,177,0.00%,3MA-1.PRESIDENT AND VICE PRESIDENT.GARY JOHNSON      and BILL WELD
000078 ,1,1,024 053 125 191 226 229 237 243,PRES,GLORIA_ESTELA_LA_RIVA,4,385,381,0,~  3MA-1,PRESIDENT AND VICE PRES,GLORIA ESTELA LA RIVA,4,385,0,0,0,0,177,0.00%,3MA-1.PRESIDENT AND VICE PRESIDENT.GLORIA ESTELA LA RIVA      and DENNIS J. BANKS
000078 ,1,1,024 053 125 191 226 229 237 243,PRES,JILL_STEIN,38,385,347,0,~  3MA-1,PRESIDENT AND VICE PRES,JILL STEIN      and A,38,385,0,0,0,0,177,0.00%,3MA-1.PRESIDENT AND VICE PRESIDENT.JILL STEIN      and AJAMU BARAKA
000078 ,1,1,024 053 125 191 226 229 237 243,PROP_51,NO,179,385,206,0,~  3MA-1,PROPOSITION 51 SCHOOL B,NO,179,385,0,0,0,0,6,0.00%,3MA-1.PROPOSITION 51 SCHOOL BONDS. FUNDING FOR K-12 SCHOOL AND COMMUNITY COLLEGE FACILITIES. INITIATIVE.NO
000078 ,1,1,024 053 125 191 226 229 237 243,PROP_51,YES,185,385,200,0,~  3MA-1,PROPOSITION 51 SCHOOL B,YES,185,385,0,0,0,0,6,0.00%,3MA-1.PROPOSITION 51 SCHOOL BONDS. FUNDING FOR K-12 SCHOOL AND COMMUNITY COLLEGE FACILITIES. INITIATIVE.YES
000078 ,1,1,024 053 125 191 226 229 237 243,PROP_53,YES,146,385,239,0,~  3MA-1,PROPOSITION 53 REVENUE ,YES,146,385,0,0,0,0,59,0.00%,3MA-1.PROPOSITION 53 REVENUE BONDS. STATEWIDE VOTER APPROVAL. INITIATIVE CONSTITUTIONAL AMENDMENT..YES
000078 ,1,1,024 053 125 191 226 229 237 243,PROP_54,NO,133,385,252,0,~  3MA-1,PROPOSITION 54 LEGISLAT,NO,133,385,0,0,0,0,86,0.00%,3MA-1.PROPOSITION 54 LEGISLATURE. LEGISLATION AND PROCEEDINGS. INITIATIVE CONSTITUTIONAL AMENDMENT AND.NO
000078 ,1,1,024 053 125 191 226 229 237 243,PROP_54,YES,219,385,166,0,~  3MA-1,PROPOSITION 54 LEGISLAT,YES,219,385,0,0,0,0,86,0.00%,3MA-1.PROPOSITION 54 LEGISLATURE. LEGISLATION AND PROCEEDINGS. INITIATIVE CONSTITUTIONAL AMENDMENT AND.YES
000078 ,1,1,024 053 125 191 226 229 237 243,PROP_55,NO,88,385,297,0,~  3MA-1,PROPOSITION 55 TAX EXTE,NO,88,385,0,0,0,0,193,0.00%,3MA-1.PROPOSITION 55 TAX EXTENSION TO FUND EDUCATION AND HEALTHCARE. INITIATIVE CONSTITUTIONAL AMENDMENT..NO
000078 ,1,2,024 053 125 191 226 229 237 243,PROP_56,NO,153,385,232,0,~  3MA-1,PROPOSITION 56 CIGARETT,NO,153,385,0,0,0,0,67,0.00%,"3MA-1.PROPOSITION 56 CIGARETTE TAX TO FUND HEALTHCARE, TOBACCO USE PREVENTION, RESEARCH, AND.NO"
000078 ,1,2,024 053 125 191 226 229 237 243,PROP_56,YES,220,385,165,0,~  3MA-1,PROPOSITION 56 CIGARETT,YES,220,385,0,0,0,0,67,0.00%,"3MA-1.PROPOSITION 56 CIGARETTE TAX TO FUND HEALTHCARE, TOBACCO USE PREVENTION, RESEARCH, AND.YES"
000078 ,1,2,024 053 125 191 226 229 237 243,PROP_57,NO,89,385,296,0,~  3MA-1,PROPOSITION 57 CRIMINAL,NO,89,385,0,0,0,0,186,0.00%,3MA-1.PROPOSITION 57 CRIMINAL SENTENCES. PAROLE. JUVENILE CRIMINAL PROCEEDINGS AND SENTENCING. INITIATIVE.NO
000078 ,1,2,024 053 125 191 226 229 237 243,PROP_57,YES,275,385,110,0,~  3MA-1,PROPOSITION 57 CRIMINAL,YES,275,385,0,0,0,0,186,0.00%,3MA-1.PROPOSITION 57 CRIMINAL SENTENCES. PAROLE. JUVENILE CRIMINAL PROCEEDINGS AND SENTENCING. INITIATIVE.YES
000078 ,1,2,024 053 125 191 226 229 237 243,PROP_58,YES,292,385,93,2,~  3MA-1,PROPOSITION 58 ENGLISH ,YES,292,385,0,0,0,0,229,0.00%,3MA-1.PROPOSITION 58 ENGLISH PROFICIENCY. MULTILINGUAL EDUCATION. INITIATIVE STATUTE..YES
000078 ,1,2,024 053 125 191 226 229 237 243,PROP_59,NO,104,385,281,0,~  3MA-1,PROPOSITION 59 CORPORAT,NO,104,385,0,0,0,0,145,0.00%,3MA-1.PROPOSITION 59 CORPORATIONS. POLITICAL SPENDING. FEDERAL CONSTITUTIONAL PROTECTIONS..NO
000078 ,1,2,024 053 125 191 226 229 237 243,PROP_59,YES,249,385,136,0,~  3MA-1,PROPOSITION 59 CORPORAT,YES,249,385,0,0,0,0,145,0.00%,3MA-1.PROPOSITION 59 CORPORATIONS. POLITICAL SPENDING. FEDERAL CONSTITUTIONAL PROTECTIONS..YES
000078 ,1,2,024 053 125 191 226 229 237 243,PROP_60,NO,220,385,165,0,~  3MA-1,PROPOSITION 60 ADULT FI,NO,220,385,0,0,0,0,94,0.00%,3MA-1.PROPOSITION 60 ADULT FILMS. CONDOMS. HEALTH REQUIREMENTS. INITIATIVE STATUTE..NO
000078 ,1,2,024 053 125 191 226 229 237 243,PROP_61,NO,129,385,256,0,~  3MA-1,PROPOSITION 61 STATE PR,NO,129,385,0,0,0,0,88,0.00%,3MA-1.PROPOSITION 61 STATE PRESCRIPTION DRUG PURCHASES. PRICING STANDARDS. INITIATIVE STATUTE..NO
000078 ,1,2,024 053 125 191 226 229 237 243,PROP_61,YES,217,385,168,0,~  3MA-1,PROPOSITION 61 STATE PR,YES,217,385,0,0,0,0,88,0.00%,3MA-1.PROPOSITION 61 STATE PRESCRIPTION DRUG PURCHASES. PRICING STANDARDS. INITIATIVE STATUTE..YES
000078 ,1,2,024 053 125 191 226 229 237 243,PROP_62,NO,133,385,252,0,~  3MA-1,PROPOSITION 62 DEATH PE,NO,133,385,0,0,0,0,96,0.00%,3MA-1.PROPOSITION 62 DEATH PENALTY. INITIATIVE STATUTE..NO
000078 ,1,2,024 053 125 191 226 229 237 243,PROP_62,YES,229,385,156,0,~  3MA-1,PROPOSITION 62 DEATH PE,YES,229,385,0,0,0,0,96,0.00%,3MA-1.PROPOSITION 62 DEATH PENALTY. INITIATIVE STATUTE..YES
000078 ,2,3,024 053 125 126 191 226 237,PROP_64,NO,122,384,262,0,~  3MA-1,PROPOSITION 64 MARIJUAN,NO,122,385,0,-1,0,1,135,0.00%,3MA-1.PROPOSITION 64 MARIJUANA LEGALIZATION. INITIATIVE STATUTE..NO
000078 ,2,3,024 053 125 126 191 226 237,PROP_64,YES,257,384,127,0,~  3MA-1,PROPOSITION 64 MARIJUAN,YES,257,385,0,-1,0,1,135,0.00%,3MA-1.PROPOSITION 64 MARIJUANA LEGALIZATION. INITIATIVE STATUTE..YES
000078 ,2,3,024 053 125 126 191 226 237,PROP_65,NO,192,384,192,1,~  3MA-1,PROPOSITION 65 CARRYOUT,NO,192,385,0,-1,0,1,15,0.00%,3MA-1.PROPOSITION 65 CARRYOUT BAGS. CHARGES. INITIATIVE STATUTE..NO
000078 ,2,3,024 053 125 126 191 226 237,PROP_66,NO,221,384,163,0,~  3MA-1,PROPOSITION 66 DEATH PE,NO,221,385,0,-1,0,1,109,0.00%,3MA-1.PROPOSITION 66 DEATH PENALTY. PROCEDURES. INITIATIVE STATUTE..NO
000078 ,2,3,024 053 125 126 191 226 237,PROP_67,NO,100,384,284,0,~  3MA-1,PROPOSITION 67 BAN ON S,NO,100,385,0,-1,0,1,174,0.00%,3MA-1.PROPOSITION 67 BAN ON SINGLE-USE PLASTIC BAGS. REFERENDUM..NO
000078 ,2,3,024 053 125 126 191 226 237,PROP_67,YES,274,384,110,0,~  3MA-1,PROPOSITION 67 BAN ON S,YES,274,385,0,-1,0,1,174,0.00%,3MA-1.PROPOSITION 67 BAN ON SINGLE-USE PLASTIC BAGS. REFERENDUM..YES
000078 ,1,1,024 053 125 191 226 229 237 243,STATEASS2,JIM_WOOD,265,385,120,0,~  3MA-1,"STATE ASSEMBLY, DISTRIC",JIM WOOD,265,385,0,0,0,0,188,0.00%,"3MA-1.STATE ASSEMBLY, DISTRICT 2.JIM WOOD"
000078 ,1,1,024 053 125 191 226 229 237 243,STATEASS2,KEN_ANTON,77,385,308,0,~  3MA-1,"STATE ASSEMBLY, DISTRIC",KEN ANTON,77,385,0,0,0,0,188,0.00%,"3MA-1.STATE ASSEMBLY, DISTRICT 2.KEN ANTON"
000078 ,1,1,024 053 125 191 226 229 237 243,USREP,DALE_K_MENSING,66,385,319,0,~  3MA-1,US REPRESENTATIVE IN CO,DALE K. MENSING,66,385,0,0,0,0,227,0.00%,"3MA-1.US REPRESENTATIVE IN CONGRESS, DISTRICT 2.DALE K. MENSING"
000078 ,1,1,024 053 125 191 226 229 237 243,USREP,JARED_W_HUFFMAN,293,385,92,0,~  3MA-1,US REPRESENTATIVE IN CO,JARED W. HUFFMAN,293,385,0,0,0,0,227,0.00%,"3MA-1.US REPRESENTATIVE IN CONGRESS, DISTRICT 2.JARED W. HUFFMAN"
000079 ,1,1,023 024 053 123 124 132 188 190 191 226 229 237,PRES,GLORIA_ESTELA_LA_RIVA,1,678,677,0,~  3PA-1,PRESIDENT AND VICE PRES,GLORIA ESTELA LA RIVA,1,669,0,9,0,9,226,0.00%,3PA-1.PRESIDENT AND VICE PRESIDENT.GLORIA ESTELA LA RIVA      and DENNIS J. BANKS
000079 ,1,1,023 024 053 123 124 132 188 190 191 226 229 237,PRES,Write_in,23,678,655,0,~  3PA-1,PRESIDENT AND VICE PRES,Write_in,23,669,0,9,0,9,226,0.00%,3PA-1.PRESIDENT AND VICE PRESIDENT.Write_in
000080 ,2,3,036 221,MEAS_Q,NO,2,12,10,0,~  3PESF,MEASURE Q HUMBOLDT COUN,NO,2,12,0,0,0,0,3,0.00%,3PESF.MEASURE Q HUMBOLDT COUNTY CREATION OF FINANCE DEPARTMENT MEASURE..NO
000080 ,2,3,036 221,MEAS_Q,YES,5,12,7,0,~  3PESF,MEASURE Q HUMBOLDT COUN,YES,5,12,0,0,0,0,3,0.00%,3PESF.MEASURE Q HUMBOLDT COUNTY CREATION OF FINANCE DEPARTMENT MEASURE..YES
000080 ,2,3,036 221,MEAS_R,NO,2,12,10,0,~  3PESF,MEASURE R HUMBOLDT COUN,NO,2,12,0,0,0,0,1,0.00%,3PESF.MEASURE R HUMBOLDT COUNTY FINANCE DEPARTMENT ELECTIVE OFFICE MEASURE..NO
000080 ,2,3,036 221,MEAS_R,YES,3,12,9,0,~  3PESF,MEASURE R HUMBOLDT COUN,YES,3,12,0,0,0,0,1,0.00%,3PESF.MEASURE R HUMBOLDT COUNTY FINANCE DEPARTMENT ELECTIVE OFFICE MEASURE..YES
000080 ,2,3,036 221,MEAS_S,NO,4,12,8,0,~  3PESF,MEASURE S HUMBOLDT COUN,NO,4,12,0,0,0,0,3,0.00%,3PESF.MEASURE S HUMBOLDT COUNTY COMMERCIAL MARIJUANA CULTIVATION MEASURE..NO
000080 ,2,3,036 221,MEAS_S,YES,7,12,5,0,~  3PESF,MEASURE S HUMBOLDT COUN,YES,7,12,0,0,0,0,3,0.00%,3PESF.MEASURE S HUMBOLDT COUNTY COMMERCIAL MARIJUANA CULTIVATION MEASURE..YES
000080 ,2,3,036 221,MEAS_U,NO,6,12,6,0,~  3PESF,MEASURE U LOCAL TRANSPO,NO,6,12,0,0,0,0,1,0.00%,3PESF.MEASURE U LOCAL TRANSPORTATION AUTHORITY RETAIL TRANSACTIONS AND USE TAX..NO
000080 ,2,3,036 221,MEAS_U,YES,5,12,7,0,~  3PESF,MEASURE U LOCAL TRANSPO,YES,5,12,0,0,0,0,1,0.00%,3PESF.MEASURE U LOCAL TRANSPORTATION AUTHORITY RETAIL TRANSACTIONS AND USE TAX..YES
000080 ,2,3,036 221,MEAS_V,NO,5,12,7,0,~  3PESF,MEASURE V MOBILE HOME P,NO,5,12,0,0,0,0,2,0.00%,3PESF.MEASURE V MOBILE HOME PARK SPACE RENT STABILIZATION..NO
000080 ,2,3,036 221,MEAS_V,YES,7,12,5,0,~  3PESF,MEASURE V MOBILE HOME P,YES,7,12,0,0,0,0,2,0.00%,3PESF.MEASURE V MOBILE HOME PARK SPACE RENT STABILIZATION..YES
000080 ,1,1,036 221,PRES,DONALD_J_TRUMP,6,12,6,0,~  3PESF,PRESIDENT AND VICE PRES,DONALD J. TRUMP      ,6,12,0,0,0,0,0,--,3PESF.PRESIDENT AND VICE PRESIDENT.DONALD J. TRUMP      and MICHAEL R. PENCE
000080 ,1,1,036 221,PRES,GARY_JOHNSON,0,12,12,0,~  3PESF,PRESIDENT AND VICE PRES,GARY JOHNSON      and,0,12,0,0,0,0,0,--,3PESF.PRESIDENT AND VICE PRESIDENT.GARY JOHNSON      and BILL WELD
000080 ,1,1,036 221,PRES,GLORIA_ESTELA_LA_RIVA,0,12,12,0,~  3PESF,PRESIDENT AND VICE PRES,GLORIA ESTELA LA RIVA,0,12,0,0,0,0,0,--,3PESF.PRESIDENT AND VICE PRESIDENT.GLORIA ESTELA LA RIVA      and DENNIS J. BANKS
000080 ,1,1,036 221,PRES,HILLARY_CLINTON,6,12,6,0,~  3PESF,PRESIDENT AND VICE PRES,HILLARY CLINTON      ,6,12,0,0,0,0,0,--,3PESF.PRESIDENT AND VICE PRESIDENT.HILLARY CLINTON      and TIM KAINE
000080 ,1,1,036 221,PRES,JILL_STEIN,0,12,12,0,~  3PESF,PRESIDENT AND VICE PRES,JILL STEIN      and A,0,12,0,0,0,0,0,--,3PESF.PRESIDENT AND VICE PRESIDENT.JILL STEIN      and AJAMU BARAKA
000080 ,1,1,036 221,PRES,Write_in,0,12,12,0,~  3PESF,PRESIDENT AND VICE PRES,Write_in,0,12,0,0,0,0,0,--,3PESF.PRESIDENT AND VICE PRESIDENT.Write_in
000080 ,1,1,036 221,PROP_51,NO,7,12,5,1,~  3PESF,PROPOSITION 51 SCHOOL B,NO,7,12,0,0,0,0,3,0.00%,3PESF.PROPOSITION 51 SCHOOL BONDS. FUNDING FOR K-12 SCHOOL AND COMMUNITY COLLEGE FACILITIES. INITIATIVE.NO
000080 ,1,1,036 221,PROP_52,NO,2,12,10,0,~  3PESF,PROPOSITION 52 MEDI-CAL,NO,2,12,0,0,0,0,6,0.00%,3PESF.PROPOSITION 52 MEDI-CAL HOSPITAL FEE PROGRAM. INITIATIVE CONSTITUTIONAL AMENDMENT AND STATUTE..NO
000080 ,1,1,036 221,PROP_52,YES,8,12,4,0,~  3PESF,PROPOSITION 52 MEDI-CAL,YES,8,12,0,0,0,0,6,0.00%,3PESF.PROPOSITION 52 MEDI-CAL HOSPITAL FEE PROGRAM. INITIATIVE CONSTITUTIONAL AMENDMENT AND STATUTE..YES
000080 ,1,1,036 221,PROP_53,NO,5,12,7,0,~  3PESF,PROPOSITION 53 REVENUE ,NO,5,12,0,0,0,0,0,--,3PESF.PROPOSITION 53 REVENUE BONDS. STATEWIDE VOTER APPROVAL. INITIATIVE CONSTITUTIONAL AMENDMENT..NO
000080 ,1,1,036 221,PROP_53,YES,5,12,7,0,~  3PESF,PROPOSITION 53 REVENUE ,YES,5,12,0,0,0,0,0,--,3PESF.PROPOSITION 53 REVENUE BONDS. STATEWIDE VOTER APPROVAL. INITIATIVE CONSTITUTIONAL AMENDMENT..YES
000080 ,1,1,036 221,PROP_54,NO,3,12,9,0,~  3PESF,PROPOSITION 54 LEGISLAT,NO,3,12,0,0,0,0,4,0.00%,3PESF.PROPOSITION 54 LEGISLATURE. LEGISLATION AND PROCEEDINGS. INITIATIVE CONSTITUTIONAL AMENDMENT AND.NO
000080 ,1,1,036 221,PROP_54,YES,7,12,5,0,~  3PESF,PROPOSITION 54 LEGISLAT,YES,7,12,0,0,0,0,4,0.00%,3PESF.PROPOSITION 54 LEGISLATURE. LEGISLATION AND PROCEEDINGS. INITIATIVE CONSTITUTIONAL AMENDMENT AND.YES
000080 ,1,1,036 221,PROP_55,NO,2,12,10,0,~  3PESF,PROPOSITION 55 TAX EXTE,NO,2,12,0,0,0,0,8,0.00%,3PESF.PROPOSITION 55 TAX EXTENSION TO FUND EDUCATION AND HEALTHCARE. INITIATIVE CONSTITUTIONAL AMENDMENT..NO
000080 ,1,1,036 221,PROP_55,YES,10,12,2,0,~  3PESF,PROPOSITION 55 TAX EXTE,YES,10,12,0,0,0,0,8,0.00%,3PESF.PROPOSITION 55 TAX EXTENSION TO FUND EDUCATION AND HEALTHCARE. INITIATIVE CONSTITUTIONAL AMENDMENT..YES
000080 ,1,2,036 221,PROP_56,NO,4,12,8,0,~  3PESF,PROPOSITION 56 CIGARETT,NO,4,12,0,0,0,0,3,0.00%,"3PESF.PROPOSITION 56 CIGARETTE TAX TO FUND HEALTHCARE, TOBACCO USE PREVENTION, RESEARCH, AND.NO"
000080 ,1,2,036 221,PROP_56,YES,7,12,5,0,~  3PESF,PROPOSITION 56 CIGARETT,YES,7,12,0,0,0,0,3,0.00%,"3PESF.PROPOSITION 56 CIGARETTE TAX TO FUND HEALTHCARE, TOBACCO USE PREVENTION, RESEARCH, AND.YES"
000080 ,1,2,036 221,PROP_57,NO,3,12,9,0,~  3PESF,PROPOSITION 57 CRIMINAL,NO,3,12,0,0,0,0,4,0.00%,3PESF.PROPOSITION 57 CRIMINAL SENTENCES. PAROLE. JUVENILE CRIMINAL PROCEEDINGS AND SENTENCING. INITIATIVE.NO
000080 ,1,2,036 221,PROP_57,YES,7,12,5,0,~  3PESF,PROPOSITION 57 CRIMINAL,YES,7,12,0,0,0,0,4,0.00%,3PESF.PROPOSITION 57 CRIMINAL SENTENCES. PAROLE. JUVENILE CRIMINAL PROCEEDINGS AND SENTENCING. INITIATIVE.YES
000080 ,1,2,036 221,PROP_58,NO,3,12,9,0,~  3PESF,PROPOSITION 58 ENGLISH ,NO,3,12,0,0,0,0,6,0.00%,3PESF.PROPOSITION 58 ENGLISH PROFICIENCY. MULTILINGUAL EDUCATION. INITIATIVE STATUTE..NO
000080 ,1,2,036 221,PROP_58,YES,9,12,3,0,~  3PESF,PROPOSITION 58 ENGLISH ,YES,9,12,0,0,0,0,6,0.00%,3PESF.PROPOSITION 58 ENGLISH PROFICIENCY. MULTILINGUAL EDUCATION. INITIATIVE STATUTE..YES
000080 ,1,2,036 221,PROP_59,NO,1,12,11,0,~  3PESF,PROPOSITION 59 CORPORAT,NO,1,12,0,0,0,0,6,0.00%,3PESF.PROPOSITION 59 CORPORATIONS. POLITICAL SPENDING. FEDERAL CONSTITUTIONAL PROTECTIONS..NO
000080 ,1,2,036 221,PROP_59,YES,7,12,5,0,~  3PESF,PROPOSITION 59 CORPORAT,YES,7,12,0,0,0,0,6,0.00%,3PESF.PROPOSITION 59 CORPORATIONS. POLITICAL SPENDING. FEDERAL CONSTITUTIONAL PROTECTIONS..YES
000080 ,1,2,036 221,PROP_60,NO,8,12,4,0,~  3PESF,PROPOSITION 60 ADULT FI,NO,8,12,0,0,0,0,4,0.00%,3PESF.PROPOSITION 60 ADULT FILMS. CONDOMS. HEALTH REQUIREMENTS. INITIATIVE STATUTE..NO
000080 ,1,2,036 221,PROP_60,YES,4,12,8,0,~  3PESF,PROPOSITION 60 ADULT FI,YES,4,12,0,0,0,0,4,0.00%,3PESF.PROPOSITION 60 ADULT FILMS. CONDOMS. HEALTH REQUIREMENTS. INITIATIVE STATUTE..YES
000080 ,1,2,036 221,PROP_61,NO,7,12,5,0,~  3PESF,PROPOSITION 61 STATE PR,NO,7,12,0,0,0,0,2,0.00%,3PESF.PROPOSITION 61 STATE PRESCRIPTION DRUG PURCHASES. PRICING STANDARDS. INITIATIVE STATUTE..NO
000080 ,1,2,036 221,PROP_61,YES,5,12,7,0,~  3PESF,PROPOSITION 61 STATE PR,YES,5,12,0,0,0,0,2,0.00%,3PESF.PROPOSITION 61 STATE PRESCRIPTION DRUG PURCHASES. PRICING STANDARDS. INITIATIVE STATUTE..YES
000080 ,1,2,036 221,PROP_62,NO,6,12,6,0,~  3PESF,PROPOSITION 62 DEATH PE,NO,6,12,0,0,0,0,1,0.00%,3PESF.PROPOSITION 62 DEATH PENALTY. INITIATIVE STATUTE..NO
000080 ,1,2,036 221,PROP_62,YES,5,12,7,0,~  3PESF,PROPOSITION 62 DEATH PE,YES,5,12,0,0,0,0,1,0.00%,3PESF.PROPOSITION 62 DEATH PENALTY. INITIATIVE STATUTE..YES
000080 ,1,2,036 221,PROP_63,NO,7,12,5,0,~  3PESF,PROPOSITION 63 FIREARMS,NO,7,12,0,0,0,0,2,0.00%,3PESF.PROPOSITION 63 FIREARMS. AMMUNITION SALES. INITIATIVE STATUTE..NO
000080 ,1,2,036 221,PROP_63,YES,5,12,7,0,~  3PESF,PROPOSITION 63 FIREARMS,YES,5,12,0,0,0,0,2,0.00%,3PESF.PROPOSITION 63 FIREARMS. AMMUNITION SALES. INITIATIVE STATUTE..YES
000080 ,2,3,036 221,PROP_64,NO,3,12,9,0,~  3PESF,PROPOSITION 64 MARIJUAN,NO,3,12,0,0,0,0,6,0.00%,3PESF.PROPOSITION 64 MARIJUANA LEGALIZATION. INITIATIVE STATUTE..NO
000080 ,2,3,036 221,PROP_64,YES,9,12,3,0,~  3PESF,PROPOSITION 64 MARIJUAN,YES,9,12,0,0,0,0,6,0.00%,3PESF.PROPOSITION 64 MARIJUANA LEGALIZATION. INITIATIVE STATUTE..YES
000080 ,2,3,036 221,PROP_65,NO,9,12,3,0,~  3PESF,PROPOSITION 65 CARRYOUT,NO,9,12,0,0,0,0,7,0.00%,3PESF.PROPOSITION 65 CARRYOUT BAGS. CHARGES. INITIATIVE STATUTE..NO
000080 ,2,3,036 221,PROP_65,YES,2,12,10,0,~  3PESF,PROPOSITION 65 CARRYOUT,YES,2,12,0,0,0,0,7,0.00%,3PESF.PROPOSITION 65 CARRYOUT BAGS. CHARGES. INITIATIVE STATUTE..YES
000080 ,2,3,036 221,PROP_66,NO,5,12,7,0,~  3PESF,PROPOSITION 66 DEATH PE,NO,5,12,0,0,0,0,2,0.00%,3PESF.PROPOSITION 66 DEATH PENALTY. PROCEDURES. INITIATIVE STATUTE..NO
000080 ,2,3,036 221,PROP_66,YES,3,12,9,0,~  3PESF,PROPOSITION 66 DEATH PE,YES,3,12,0,0,0,0,2,0.00%,3PESF.PROPOSITION 66 DEATH PENALTY. PROCEDURES. INITIATIVE STATUTE..YES
000080 ,2,3,036 221,PROP_67,NO,7,12,5,0,~  3PESF,PROPOSITION 67 BAN ON S,NO,7,12,0,0,0,0,3,0.00%,3PESF.PROPOSITION 67 BAN ON SINGLE-USE PLASTIC BAGS. REFERENDUM..NO
000080 ,2,3,036 221,PROP_67,YES,4,12,8,0,~  3PESF,PROPOSITION 67 BAN ON S,YES,4,12,0,0,0,0,3,0.00%,3PESF.PROPOSITION 67 BAN ON SINGLE-USE PLASTIC BAGS. REFERENDUM..YES
000080 ,1,1,036 221,STATEASS2,JIM_WOOD,8,12,4,0,~  3PESF,"STATE ASSEMBLY, DISTRIC",JIM WOOD,8,12,0,0,0,0,5,0.00%,"3PESF.STATE ASSEMBLY, DISTRICT 2.JIM WOOD"
000080 ,1,1,036 221,STATEASS2,KEN_ANTON,3,12,9,0,~  3PESF,"STATE ASSEMBLY, DISTRIC",KEN ANTON,3,12,0,0,0,0,5,0.00%,"3PESF.STATE ASSEMBLY, DISTRICT 2.KEN ANTON"
000080 ,1,1,036 221,USREP,DALE_K_MENSING,4,12,8,0,~  3PESF,US REPRESENTATIVE IN CO,DALE K. MENSING,4,12,0,0,0,0,3,0.00%,"3PESF.US REPRESENTATIVE IN CONGRESS, DISTRICT 2.DALE K. MENSING"
000080 ,1,1,036 221,USREP,JARED_W_HUFFMAN,7,12,5,0,~  3PESF,US REPRESENTATIVE IN CO,JARED W. HUFFMAN,7,12,0,0,0,0,3,0.00%,"3PESF.US REPRESENTATIVE IN CONGRESS, DISTRICT 2.JARED W. HUFFMAN"
000080 ,1,1,036 221,USSEN,KAMALA_D_HARRIS,5,12,7,0,~  3PESF,US SENATOR,KAMALA D. HARRIS,5,12,0,0,0,0,1,0.00%,3PESF.US SENATOR.KAMALA D. HARRIS
000080 ,1,1,036 221,USSEN,LORETTA_L_SANCHEZ,4,12,8,0,~  3PESF,US SENATOR,LORETTA L. SANCHEZ,4,12,0,0,0,0,1,0.00%,3PESF.US SENATOR.LORETTA L. SANCHEZ
000081 ,1,1,025 053 120 121 187 188 226 229 237 242 243,EKA_CC,JOHN_B_FULLERTON,190,564,374,0,~  4E-11,EUREKA CITY COUNCILMEMB,JOHN B. FULLERTON,190,565,0,-1,0,1,39,0.00%,4E-11.EUREKA CITY COUNCILMEMBER.JOHN B. FULLERTON
000081 ,2,4,025 053 120 187 188 226 229 237 242 243,MEAS_O,NO,174,561,387,1,~  4E-11,MEASURE O CITY OF EUREK,NO,174,565,0,-4,0,4,133,0.00%,4E-11.MEASURE O CITY OF EUREKA LOW INCOME HOUSING UNITS..NO
000081 ,2,4,025 053 120 187 188 226 229 237 242 243,MEAS_P,YES,332,561,229,1,~  4E-11,MEASURE P CITY OF EUREK,YES,332,565,0,-4,0,4,184,0.00%,4E-11.MEASURE P CITY OF EUREKA CHARTER AMENDMENT MEASURE..YES
000081 ,2,3,025 053 120 187 188 226 229 237 242 243,MEAS_Q,NO,219,561,342,1,~  4E-11,MEASURE Q HUMBOLDT COUN,NO,219,565,0,-4,0,4,25,0.00%,4E-11.MEASURE Q HUMBOLDT COUNTY CREATION OF FINANCE DEPARTMENT MEASURE..NO
000081 ,2,3,025 053 120 187 188 226 229 237 242 243,MEAS_Q,YES,244,561,317,1,~  4E-11,MEASURE Q HUMBOLDT COUN,YES,244,565,0,-4,0,4,25,0.00%,4E-11.MEASURE Q HUMBOLDT COUNTY CREATION OF FINANCE DEPARTMENT MEASURE..YES
000081 ,2,3,025 053 120 187 188 226 229 237 242 243,MEAS_R,NO,185,561,376,0,~  4E-11,MEASURE R HUMBOLDT COUN,NO,185,565,0,-4,0,4,88,0.00%,4E-11.MEASURE R HUMBOLDT COUNTY FINANCE DEPARTMENT ELECTIVE OFFICE MEASURE..NO
000081 ,2,3,025 053 120 187 188 226 229 237 242 243,MEAS_S,YES,367,561,194,2,~  4E-11,MEASURE S HUMBOLDT COUN,YES,367,565,0,-4,0,4,215,0.00%,4E-11.MEASURE S HUMBOLDT COUNTY COMMERCIAL MARIJUANA CULTIVATION MEASURE..YES
000081 ,2,3,025 053 120 187 188 226 229 237 242 243,MEAS_U,NO,207,561,354,0,~  4E-11,MEASURE U LOCAL TRANSPO,NO,207,565,0,-4,0,4,101,0.00%,4E-11.MEASURE U LOCAL TRANSPORTATION AUTHORITY RETAIL TRANSACTIONS AND USE TAX..NO
000081 ,2,3,025 053 120 187 188 226 229 237 242 243,MEAS_U,YES,308,561,253,0,~  4E-11,MEASURE U LOCAL TRANSPO,YES,308,565,0,-4,0,4,101,0.00%,4E-11.MEASURE U LOCAL TRANSPORTATION AUTHORITY RETAIL TRANSACTIONS AND USE TAX..YES
000081 ,2,4,025 053 120 187 188 226 229 237 242 243,MEAS_V,NO,151,561,410,0,~  4E-11,MEASURE V MOBILE HOME P,NO,151,565,0,-4,0,4,204,0.00%,4E-11.MEASURE V MOBILE HOME PARK SPACE RENT STABILIZATION..NO
000081 ,1,1,025 053 120 121 187 188 226 229 237 242 243,PRES,DONALD_J_TRUMP,113,564,451,0,~  4E-11,PRESIDENT AND VICE PRES,DONALD J. TRUMP      ,113,565,0,-1,0,1,250,0.00%,4E-11.PRESIDENT AND VICE PRESIDENT.DONALD J. TRUMP      and MICHAEL R. PENCE
000081 ,1,1,025 053 120 121 187 188 226 229 237 242 243,PRES,GARY_JOHNSON,11,564,553,0,~  4E-11,PRESIDENT AND VICE PRES,GARY JOHNSON      and,11,565,0,-1,0,1,250,0.00%,4E-11.PRESIDENT AND VICE PRESIDENT.GARY JOHNSON      and BILL WELD
000081 ,1,1,025 053 120 121 187 188 226 229 237 242 243,PRES,GLORIA_ESTELA_LA_RIVA,9,564,555,0,~  4E-11,PRESIDENT AND VICE PRES,GLORIA ESTELA LA RIVA,9,565,0,-1,0,1,250,0.00%,4E-11.PRESIDENT AND VICE PRESIDENT.GLORIA ESTELA LA RIVA      and DENNIS J. BANKS
000081 ,1,1,025 053 120 121 187 188 226 229 237 242 243,PRES,Write_in,28,564,536,0,~  4E-11,PRESIDENT AND VICE PRES,Write_in,28,565,0,-1,0,1,250,0.00%,4E-11.PRESIDENT AND VICE PRESIDENT.Write_in
000081 ,1,1,025 053 120 121 187 188 226 229 237 242 243,PROP_51,NO,181,564,383,0,~  4E-11,PROPOSITION 51 SCHOOL B,NO,181,565,0,-1,0,1,169,0.00%,4E-11.PROPOSITION 51 SCHOOL BONDS. FUNDING FOR K-12 SCHOOL AND COMMUNITY COLLEGE FACILITIES. INITIATIVE.NO
000081 ,1,1,025 053 120 121 187 188 226 229 237 242 243,PROP_51,YES,350,564,214,0,~  4E-11,PROPOSITION 51 SCHOOL B,YES,350,565,0,-1,0,1,169,0.00%,4E-11.PROPOSITION 51 SCHOOL BONDS. FUNDING FOR K-12 SCHOOL AND COMMUNITY COLLEGE FACILITIES. INITIATIVE.YES
000081 ,1,1,025 053 120 121 187 188 226 229 237 242 243,PROP_52,NO,103,564,461,0,~  4E-11,PROPOSITION 52 MEDI-CAL,NO,103,565,0,-1,0,1,324,0.00%,4E-11.PROPOSITION 52 MEDI-CAL HOSPITAL FEE PROGRAM. INITIATIVE CONSTITUTIONAL AMENDMENT AND STATUTE..NO
000081 ,1,1,025 053 120 121 187 188 226 229 237 242 243,PROP_52,YES,427,564,137,0,~  4E-11,PROPOSITION 52 MEDI-CAL,YES,427,565,0,-1,0,1,324,0.00%,4E-11.PROPOSITION 52 MEDI-CAL HOSPITAL FEE PROGRAM. INITIATIVE CONSTITUTIONAL AMENDMENT AND STATUTE..YES
000081 ,1,2,025 053 120 121 187 188 226 229 237 242 243,PROP_56,NO,214,564,350,1,~  4E-11,PROPOSITION 56 CIGARETT,NO,214,565,0,-1,0,1,109,0.00%,"4E-11.PROPOSITION 56 CIGARETTE TAX TO FUND HEALTHCARE, TOBACCO USE PREVENTION, RESEARCH, AND.NO"
000081 ,1,2,025 053 120 121 187 188 226 229 237 242 243,PROP_57,NO,101,564,463,1,~  4E-11,PROPOSITION 57 CRIMINAL,NO,101,565,0,-1,0,1,327,0.00%,4E-11.PROPOSITION 57 CRIMINAL SENTENCES. PAROLE. JUVENILE CRIMINAL PROCEEDINGS AND SENTENCING. INITIATIVE.NO
000081 ,1,2,025 053 120 121 187 188 226 229 237 242 243,PROP_58,YES,445,564,119,2,~  4E-11,PROPOSITION 58 ENGLISH ,YES,445,565,0,-1,0,1,371,0.00%,4E-11.PROPOSITION 58 ENGLISH PROFICIENCY. MULTILINGUAL EDUCATION. INITIATIVE STATUTE..YES
000081 ,1,2,025 053 120 121 187 188 226 229 237 242 243,PROP_60,YES,211,564,353,1,~  4E-11,PROPOSITION 60 ADULT FI,YES,211,565,0,-1,0,1,95,0.00%,4E-11.PROPOSITION 60 ADULT FILMS. CONDOMS. HEALTH REQUIREMENTS. INITIATIVE STATUTE..YES
000081 ,2,3,025 053 120 187 188 226 229 237 242 243,PROP_64,YES,400,561,161,0,~  4E-11,PROPOSITION 64 MARIJUAN,YES,400,565,0,-4,0,4,254,0.00%,4E-11.PROPOSITION 64 MARIJUANA LEGALIZATION. INITIATIVE STATUTE..YES
000081 ,2,3,025 053 120 187 188 226 229 237 242 243,PROP_65,NO,205,561,356,1,~  4E-11,PROPOSITION 65 CARRYOUT,NO,205,565,0,-4,0,4,115,0.00%,4E-11.PROPOSITION 65 CARRYOUT BAGS. CHARGES. INITIATIVE STATUTE..NO
000081 ,2,3,025 053 120 187 188 226 229 237 242 243,PROP_66,NO,285,561,276,1,~  4E-11,PROPOSITION 66 DEATH PE,NO,285,565,0,-4,0,4,74,0.00%,4E-11.PROPOSITION 66 DEATH PENALTY. PROCEDURES. INITIATIVE STATUTE..NO
000081 ,2,3,025 053 120 187 188 226 229 237 242 243,PROP_66,YES,211,561,350,1,~  4E-11,PROPOSITION 66 DEATH PE,YES,211,565,0,-4,0,4,74,0.00%,4E-11.PROPOSITION 66 DEATH PENALTY. PROCEDURES. INITIATIVE STATUTE..YES
000081 ,2,3,025 053 120 187 188 226 229 237 242 243,PROP_67,NO,161,561,400,0,~  4E-11,PROPOSITION 67 BAN ON S,NO,161,565,0,-4,0,4,213,0.00%,4E-11.PROPOSITION 67 BAN ON SINGLE-USE PLASTIC BAGS. REFERENDUM..NO
000081 ,1,1,025 053 120 121 187 188 226 229 237 242 243,STATEASS2,KEN_ANTON,124,564,440,1,~  4E-11,"STATE ASSEMBLY, DISTRIC",KEN ANTON,124,565,0,-1,0,1,256,0.00%,"4E-11.STATE ASSEMBLY, DISTRICT 2.KEN ANTON"
000081 ,1,1,025 053 120 121 187 188 226 229 237 242 243,USREP,DALE_K_MENSING,112,564,452,0,~  4E-11,US REPRESENTATIVE IN CO,DALE K. MENSING,112,565,0,-1,0,1,306,0.00%,"4E-11.US REPRESENTATIVE IN CONGRESS, DISTRICT 2.DALE K. MENSING"
000081 ,1,1,025 053 120 121 187 188 226 229 237 242 243,USREP,JARED_W_HUFFMAN,418,564,146,0,~  4E-11,US REPRESENTATIVE IN CO,JARED W. HUFFMAN,418,565,0,-1,0,1,306,0.00%,"4E-11.US REPRESENTATIVE IN CONGRESS, DISTRICT 2.JARED W. HUFFMAN"
000081 ,1,1,025 053 120 121 187 188 226 229 237 242 243,USSEN,KAMALA_D_HARRIS,309,564,255,1,~  4E-11,US SENATOR,KAMALA D. HARRIS,309,565,0,-1,0,1,141,0.00%,4E-11.US SENATOR.KAMALA D. HARRIS
000081 ,1,1,025 053 120 121 187 188 226 229 237 242 243,USSEN,LORETTA_L_SANCHEZ,168,564,396,1,~  4E-11,US SENATOR,LORETTA L. SANCHEZ,168,565,0,-1,0,1,141,0.00%,4E-11.US SENATOR.LORETTA L. SANCHEZ
000082 ,1,1,025 053 121 122 187 190 226 229 237 238,EKA_CC,AUSTIN_ALLISON,231,469,238,1,~  4E-12,EUREKA CITY COUNCILMEMB,AUSTIN ALLISON,231,469,0,0,0,0,64,0.00%,4E-12.EUREKA CITY COUNCILMEMBER.AUSTIN ALLISON
000082 ,1,1,025 053 121 122 187 190 226 229 237 238,EKA_CC,HEIDI_S_MESSNER,295,469,174,0,~  4E-12,EUREKA CITY COUNCILMEMB,HEIDI S. MESSNER,295,469,0,0,0,0,64,0.00%,4E-12.EUREKA CITY COUNCILMEMBER.HEIDI S. MESSNER
000082 ,1,1,025 053 121 122 187 190 226 229 237 238,EKA_CC,Write_in,40,938,898,0,~  4E-12,EUREKA CITY COUNCILMEMB,Write_in,40,469,0,469,0,469,64,0.00%,4E-12.EUREKA CITY COUNCILMEMBER.Write_in
000082 ,2,3,025 053 121 187 190 226 237 238,MEAS_Q,NO,183,466,283,0,~  4E-12,MEASURE Q HUMBOLDT COUN,NO,183,469,0,-3,0,3,45,0.00%,4E-12.MEASURE Q HUMBOLDT COUNTY CREATION OF FINANCE DEPARTMENT MEASURE..NO
000082 ,2,3,025 053 121 187 190 226 237 238,MEAS_R,YES,218,466,248,1,~  4E-12,MEASURE R HUMBOLDT COUN,YES,218,469,0,-3,0,3,29,0.00%,4E-12.MEASURE R HUMBOLDT COUNTY FINANCE DEPARTMENT ELECTIVE OFFICE MEASURE..YES
000082 ,2,3,025 053 121 187 190 226 237 238,MEAS_S,NO,145,466,321,0,~  4E-12,MEASURE S HUMBOLDT COUN,NO,145,469,0,-3,0,3,143,0.00%,4E-12.MEASURE S HUMBOLDT COUNTY COMMERCIAL MARIJUANA CULTIVATION MEASURE..NO
000082 ,2,3,025 053 121 187 190 226 237 238,MEAS_S,YES,288,466,178,0,~  4E-12,MEASURE S HUMBOLDT COUN,YES,288,469,0,-3,0,3,143,0.00%,4E-12.MEASURE S HUMBOLDT COUNTY COMMERCIAL MARIJUANA CULTIVATION MEASURE..YES
000082 ,2,3,025 053 121 187 190 226 237 238,MEAS_U,NO,204,466,262,0,~  4E-12,MEASURE U LOCAL TRANSPO,NO,204,469,0,-3,0,3,32,0.00%,4E-12.MEASURE U LOCAL TRANSPORTATION AUTHORITY RETAIL TRANSACTIONS AND USE TAX..NO
000082 ,2,3,025 053 121 187 190 226 237 238,MEAS_U,YES,236,466,230,0,~  4E-12,MEASURE U LOCAL TRANSPO,YES,236,469,0,-3,0,3,32,0.00%,4E-12.MEASURE U LOCAL TRANSPORTATION AUTHORITY RETAIL TRANSACTIONS AND USE TAX..YES
000082 ,1,1,025 053 121 122 187 190 226 229 237 238,PRES,DONALD_J_TRUMP,110,469,359,0,~  4E-12,PRESIDENT AND VICE PRES,DONALD J. TRUMP      ,110,469,0,0,0,0,150,0.00%,4E-12.PRESIDENT AND VICE PRESIDENT.DONALD J. TRUMP      and MICHAEL R. PENCE
000082 ,1,1,025 053 121 122 187 190 226 229 237 238,PRES,GARY_JOHNSON,22,469,447,0,~  4E-12,PRESIDENT AND VICE PRES,GARY JOHNSON      and,22,469,0,0,0,0,150,0.00%,4E-12.PRESIDENT AND VICE PRESIDENT.GARY JOHNSON      and BILL WELD
000082 ,1,1,025 053 121 122 187 190 226 229 237 238,PRES,GLORIA_ESTELA_LA_RIVA,5,469,464,0,~  4E-12,PRESIDENT AND VICE PRES,GLORIA ESTELA LA RIVA,5,469,0,0,0,0,150,0.00%,4E-12.PRESIDENT AND VICE PRESIDENT.GLORIA ESTELA LA RIVA      and DENNIS J. BANKS
000082 ,1,1,025 053 121 122 187 190 226 229 237 238,PRES,HILLARY_CLINTON,260,469,209,0,~  4E-12,PRESIDENT AND VICE PRES,HILLARY CLINTON      ,260,469,0,0,0,0,150,0.00%,4E-12.PRESIDENT AND VICE PRESIDENT.HILLARY CLINTON      and TIM KAINE
000082 ,1,1,025 053 121 122 187 190 226 229 237 238,PRES,JILL_STEIN,45,469,424,0,~  4E-12,PRESIDENT AND VICE PRES,JILL STEIN      and A,45,469,0,0,0,0,150,0.00%,4E-12.PRESIDENT AND VICE PRESIDENT.JILL STEIN      and AJAMU BARAKA
000082 ,1,1,025 053 121 122 187 190 226 229 237 238,PRES,Write_in,22,469,447,0,~  4E-12,PRESIDENT AND VICE PRES,Write_in,22,469,0,0,0,0,150,0.00%,4E-12.PRESIDENT AND VICE PRESIDENT.Write_in
000082 ,1,1,025 053 121 122 187 190 226 229 237 238,PROP_51,YES,270,469,199,2,~  4E-12,PROPOSITION 51 SCHOOL B,YES,270,469,0,0,0,0,98,0.00%,4E-12.PROPOSITION 51 SCHOOL BONDS. FUNDING FOR K-12 SCHOOL AND COMMUNITY COLLEGE FACILITIES. INITIATIVE.YES
000082 ,1,1,025 053 121 122 187 190 226 229 237 238,PROP_52,YES,321,469,148,1,~  4E-12,PROPOSITION 52 MEDI-CAL,YES,321,469,0,0,0,0,199,0.00%,4E-12.PROPOSITION 52 MEDI-CAL HOSPITAL FEE PROGRAM. INITIATIVE CONSTITUTIONAL AMENDMENT AND STATUTE..YES
000082 ,1,1,025 053 121 122 187 190 226 229 237 238,PROP_53,NO,201,469,268,1,~  4E-12,PROPOSITION 53 REVENUE ,NO,201,469,0,0,0,0,28,0.00%,4E-12.PROPOSITION 53 REVENUE BONDS. STATEWIDE VOTER APPROVAL. INITIATIVE CONSTITUTIONAL AMENDMENT..NO
000082 ,1,1,025 053 121 122 187 190 226 229 237 238,PROP_54,NO,161,469,308,0,~  4E-12,PROPOSITION 54 LEGISLAT,NO,161,469,0,0,0,0,112,0.00%,4E-12.PROPOSITION 54 LEGISLATURE. LEGISLATION AND PROCEEDINGS. INITIATIVE CONSTITUTIONAL AMENDMENT AND.NO
000082 ,1,1,025 053 121 122 187 190 226 229 237 238,PROP_54,YES,273,469,196,0,~  4E-12,PROPOSITION 54 LEGISLAT,YES,273,469,0,0,0,0,112,0.00%,4E-12.PROPOSITION 54 LEGISLATURE. LEGISLATION AND PROCEEDINGS. INITIATIVE CONSTITUTIONAL AMENDMENT AND.YES
000082 ,1,2,025 053 121 122 187 190 226 229 237 238,PROP_55,NO,109,469,360,1,~  4E-12,PROPOSITION 55 TAX EXTE,NO,109,469,0,0,0,0,223,0.00%,4E-12.PROPOSITION 55 TAX EXTENSION TO FUND EDUCATION AND HEALTHCARE. INITIATIVE CONSTITUTIONAL AMENDMENT..NO
000082 ,1,2,025 053 121 122 187 190 226 229 237 238,PROP_57,NO,125,469,344,1,~  4E-12,PROPOSITION 57 CRIMINAL,NO,125,469,0,0,0,0,189,0.00%,4E-12.PROPOSITION 57 CRIMINAL SENTENCES. PAROLE. JUVENILE CRIMINAL PROCEEDINGS AND SENTENCING. INITIATIVE.NO
000082 ,1,2,025 053 121 122 187 190 226 229 237 238,PROP_58,NO,90,469,379,0,~  4E-12,PROPOSITION 58 ENGLISH ,NO,90,469,0,0,0,0,265,0.00%,4E-12.PROPOSITION 58 ENGLISH PROFICIENCY. MULTILINGUAL EDUCATION. INITIATIVE STATUTE..NO
000082 ,1,2,025 053 121 122 187 190 226 229 237 238,PROP_58,YES,355,469,114,0,~  4E-12,PROPOSITION 58 ENGLISH ,YES,355,469,0,0,0,0,265,0.00%,4E-12.PROPOSITION 58 ENGLISH PROFICIENCY. MULTILINGUAL EDUCATION. INITIATIVE STATUTE..YES
000082 ,1,2,025 053 121 122 187 190 226 229 237 238,PROP_60,NO,256,469,213,0,~  4E-12,PROPOSITION 60 ADULT FI,NO,256,469,0,0,0,0,81,0.00%,4E-12.PROPOSITION 60 ADULT FILMS. CONDOMS. HEALTH REQUIREMENTS. INITIATIVE STATUTE..NO
000082 ,1,2,025 053 121 122 187 190 226 229 237 238,PROP_60,YES,175,469,294,0,~  4E-12,PROPOSITION 60 ADULT FI,YES,175,469,0,0,0,0,81,0.00%,4E-12.PROPOSITION 60 ADULT FILMS. CONDOMS. HEALTH REQUIREMENTS. INITIATIVE STATUTE..YES
000082 ,1,2,025 053 121 122 187 190 226 229 237 238,PROP_61,NO,175,469,294,0,~  4E-12,PROPOSITION 61 STATE PR,NO,175,469,0,0,0,0,73,0.00%,4E-12.PROPOSITION 61 STATE PRESCRIPTION DRUG PURCHASES. PRICING STANDARDS. INITIATIVE STATUTE..NO
000082 ,1,2,025 053 121 122 187 190 226 229 237 238,PROP_61,YES,248,469,221,0,~  4E-12,PROPOSITION 61 STATE PR,YES,248,469,0,0,0,0,73,0.00%,4E-12.PROPOSITION 61 STATE PRESCRIPTION DRUG PURCHASES. PRICING STANDARDS. INITIATIVE STATUTE..YES
000082 ,1,2,025 053 121 122 187 190 226 229 237 238,PROP_62,NO,224,469,245,1,~  4E-12,PROPOSITION 62 DEATH PE,NO,224,469,0,0,0,0,3,0.00%,4E-12.PROPOSITION 62 DEATH PENALTY. INITIATIVE STATUTE..NO
000082 ,2,3,025 053 121 187 190 226 237 238,PROP_65,YES,218,466,248,1,~  4E-12,PROPOSITION 65 CARRYOUT,YES,218,469,0,-3,0,3,5,0.00%,4E-12.PROPOSITION 65 CARRYOUT BAGS. CHARGES. INITIATIVE STATUTE..YES
000082 ,1,1,025 053 121 122 187 190 226 229 237 238,STATEASS2,JIM_WOOD,282,469,187,0,~  4E-12,"STATE ASSEMBLY, DISTRIC",JIM WOOD,282,469,0,0,0,0,151,0.00%,"4E-12.STATE ASSEMBLY, DISTRICT 2.JIM WOOD"
000082 ,1,1,025 053 121 122 187 190 226 229 237 238,STATEASS2,KEN_ANTON,131,469,338,0,~  4E-12,"STATE ASSEMBLY, DISTRIC",KEN ANTON,131,469,0,0,0,0,151,0.00%,"4E-12.STATE ASSEMBLY, DISTRICT 2.KEN ANTON"
000082 ,1,1,025 053 121 122 187 190 226 229 237 238,USREP,DALE_K_MENSING,109,469,360,0,~  4E-12,US REPRESENTATIVE IN CO,DALE K. MENSING,109,469,0,0,0,0,222,0.00%,"4E-12.US REPRESENTATIVE IN CONGRESS, DISTRICT 2.DALE K. MENSING"
000082 ,1,1,025 053 121 122 187 190 226 229 237 238,USREP,JARED_W_HUFFMAN,331,469,138,0,~  4E-12,US REPRESENTATIVE IN CO,JARED W. HUFFMAN,331,469,0,0,0,0,222,0.00%,"4E-12.US REPRESENTATIVE IN CONGRESS, DISTRICT 2.JARED W. HUFFMAN"
000082 ,1,1,025 053 121 122 187 190 226 229 237 238,USSEN,KAMALA_D_HARRIS,244,469,225,0,~  4E-12,US SENATOR,KAMALA D. HARRIS,244,469,0,0,0,0,77,0.00%,4E-12.US SENATOR.KAMALA D. HARRIS
000082 ,1,1,025 053 121 122 187 190 226 229 237 238,USSEN,LORETTA_L_SANCHEZ,167,469,302,0,~  4E-12,US SENATOR,LORETTA L. SANCHEZ,167,469,0,0,0,0,77,0.00%,4E-12.US SENATOR.LORETTA L. SANCHEZ
000083 ,1,1,024 025 053 122 178 192 226 229 238,EKA_CC,JOHN_B_FULLERTON,132,432,300,0,~  4E-13,EUREKA CITY COUNCILMEMB,JOHN B. FULLERTON,132,432,0,0,0,0,20,0.00%,4E-13.EUREKA CITY COUNCILMEMBER.JOHN B. FULLERTON
000083 ,2,4,024 025 053 122 178 192 226 238,MEAS_O,NO,143,432,289,0,~  4E-13,MEASURE O CITY OF EUREK,NO,143,432,0,0,0,0,94,0.00%,4E-13.MEASURE O CITY OF EUREKA LOW INCOME HOUSING UNITS..NO
000083 ,2,4,024 025 053 122 178 192 226 238,MEAS_P,YES,249,432,183,2,~  4E-13,MEASURE P CITY OF EUREK,YES,249,432,0,0,0,0,117,0.00%,4E-13.MEASURE P CITY OF EUREKA CHARTER AMENDMENT MEASURE..YES
000083 ,2,3,024 025 053 122 178 192 226 238,MEAS_Q,NO,164,432,268,1,~  4E-13,MEASURE Q HUMBOLDT COUN,NO,164,432,0,0,0,0,33,0.00%,4E-13.MEASURE Q HUMBOLDT COUNTY CREATION OF FINANCE DEPARTMENT MEASURE..NO
000083 ,2,3,024 025 053 122 178 192 226 238,MEAS_R,NO,154,432,278,0,~  4E-13,MEASURE R HUMBOLDT COUN,NO,154,432,0,0,0,0,40,0.00%,4E-13.MEASURE R HUMBOLDT COUNTY FINANCE DEPARTMENT ELECTIVE OFFICE MEASURE..NO
000083 ,2,3,024 025 053 122 178 192 226 238,MEAS_R,YES,194,432,238,0,~  4E-13,MEASURE R HUMBOLDT COUN,YES,194,432,0,0,0,0,40,0.00%,4E-13.MEASURE R HUMBOLDT COUNTY FINANCE DEPARTMENT ELECTIVE OFFICE MEASURE..YES
000083 ,2,3,024 025 053 122 178 192 226 238,MEAS_S,NO,125,432,307,1,~  4E-13,MEASURE S HUMBOLDT COUN,NO,125,432,0,0,0,0,155,0.00%,4E-13.MEASURE S HUMBOLDT COUNTY COMMERCIAL MARIJUANA CULTIVATION MEASURE..NO
000083 ,2,3,024 025 053 122 178 192 226 238,MEAS_U,NO,174,432,258,0,~  4E-13,MEASURE U LOCAL TRANSPO,NO,174,432,0,0,0,0,46,0.00%,4E-13.MEASURE U LOCAL TRANSPORTATION AUTHORITY RETAIL TRANSACTIONS AND USE TAX..NO
000083 ,2,3,024 025 053 122 178 192 226 238,MEAS_U,YES,220,432,212,0,~  4E-13,MEASURE U LOCAL TRANSPO,YES,220,432,0,0,0,0,46,0.00%,4E-13.MEASURE U LOCAL TRANSPORTATION AUTHORITY RETAIL TRANSACTIONS AND USE TAX..YES
000083 ,2,4,024 025 053 122 178 192 226 238,MEAS_V,NO,144,432,288,0,~  4E-13,MEASURE V MOBILE HOME P,NO,144,432,0,0,0,0,101,0.00%,4E-13.MEASURE V MOBILE HOME PARK SPACE RENT STABILIZATION..NO
000083 ,1,1,024 025 053 122 178 192 226 229 238,PRES,DONALD_J_TRUMP,82,432,350,0,~  4E-13,PRESIDENT AND VICE PRES,DONALD J. TRUMP      ,82,432,0,0,0,0,187,0.00%,4E-13.PRESIDENT AND VICE PRESIDENT.DONALD J. TRUMP      and MICHAEL R. PENCE
000083 ,1,1,024 025 053 122 178 192 226 229 238,PRES,GARY_JOHNSON,9,432,423,0,~  4E-13,PRESIDENT AND VICE PRES,GARY JOHNSON      and,9,432,0,0,0,0,187,0.00%,4E-13.PRESIDENT AND VICE PRESIDENT.GARY JOHNSON      and BILL WELD
000083 ,1,1,024 025 053 122 178 192 226 229 238,PRES,GLORIA_ESTELA_LA_RIVA,7,432,425,0,~  4E-13,PRESIDENT AND VICE PRES,GLORIA ESTELA LA RIVA,7,432,0,0,0,0,187,0.00%,4E-13.PRESIDENT AND VICE PRESIDENT.GLORIA ESTELA LA RIVA      and DENNIS J. BANKS
000083 ,1,1,024 025 053 122 178 192 226 229 238,PRES,Write_in,20,432,412,1,~  4E-13,PRESIDENT AND VICE PRES,Write_in,20,432,0,0,0,0,187,0.00%,4E-13.PRESIDENT AND VICE PRESIDENT.Write_in
000083 ,1,1,024 025 053 122 178 192 226 229 238,PROP_51,YES,260,432,172,0,~  4E-13,PROPOSITION 51 SCHOOL B,YES,260,432,0,0,0,0,116,0.00%,4E-13.PROPOSITION 51 SCHOOL BONDS. FUNDING FOR K-12 SCHOOL AND COMMUNITY COLLEGE FACILITIES. INITIATIVE.YES
000083 ,1,1,024 025 053 122 178 192 226 229 238,PROP_52,NO,96,432,336,3,~  4E-13,PROPOSITION 52 MEDI-CAL,NO,96,432,0,0,0,0,212,0.00%,4E-13.PROPOSITION 52 MEDI-CAL HOSPITAL FEE PROGRAM. INITIATIVE CONSTITUTIONAL AMENDMENT AND STATUTE..NO
000083 ,1,1,024 025 053 122 178 192 226 229 238,PROP_54,NO,115,432,317,0,~  4E-13,PROPOSITION 54 LEGISLAT,NO,115,432,0,0,0,0,168,0.00%,4E-13.PROPOSITION 54 LEGISLATURE. LEGISLATION AND PROCEEDINGS. INITIATIVE CONSTITUTIONAL AMENDMENT AND.NO
000083 ,1,2,024 025 053 122 178 192 226 229 238,PROP_55,NO,88,432,344,0,~  4E-13,PROPOSITION 55 TAX EXTE,NO,88,432,0,0,0,0,224,0.00%,4E-13.PROPOSITION 55 TAX EXTENSION TO FUND EDUCATION AND HEALTHCARE. INITIATIVE CONSTITUTIONAL AMENDMENT..NO
000083 ,1,2,024 025 053 122 178 192 226 229 238,PROP_55,YES,312,432,120,0,~  4E-13,PROPOSITION 55 TAX EXTE,YES,312,432,0,0,0,0,224,0.00%,4E-13.PROPOSITION 55 TAX EXTENSION TO FUND EDUCATION AND HEALTHCARE. INITIATIVE CONSTITUTIONAL AMENDMENT..YES
000083 ,1,2,024 025 053 122 178 192 226 229 238,PROP_56,NO,165,432,267,0,~  4E-13,PROPOSITION 56 CIGARETT,NO,165,432,0,0,0,0,86,0.00%,"4E-13.PROPOSITION 56 CIGARETTE TAX TO FUND HEALTHCARE, TOBACCO USE PREVENTION, RESEARCH, AND.NO"
000083 ,1,2,024 025 053 122 178 192 226 229 238,PROP_57,NO,79,432,353,0,~  4E-13,PROPOSITION 57 CRIMINAL,NO,79,432,0,0,0,0,249,0.00%,4E-13.PROPOSITION 57 CRIMINAL SENTENCES. PAROLE. JUVENILE CRIMINAL PROCEEDINGS AND SENTENCING. INITIATIVE.NO
000083 ,1,2,024 025 053 122 178 192 226 229 238,PROP_57,YES,328,432,104,0,~  4E-13,PROPOSITION 57 CRIMINAL,YES,328,432,0,0,0,0,249,0.00%,4E-13.PROPOSITION 57 CRIMINAL SENTENCES. PAROLE. JUVENILE CRIMINAL PROCEEDINGS AND SENTENCING. INITIATIVE.YES
000083 ,1,2,024 025 053 122 178 192 226 229 238,PROP_58,NO,74,432,358,2,~  4E-13,PROPOSITION 58 ENGLISH ,NO,74,432,0,0,0,0,256,0.00%,4E-13.PROPOSITION 58 ENGLISH PROFICIENCY. MULTILINGUAL EDUCATION. INITIATIVE STATUTE..NO
000083 ,1,2,024 025 053 122 178 192 226 229 238,PROP_58,YES,330,432,102,2,~  4E-13,PROPOSITION 58 ENGLISH ,YES,330,432,0,0,0,0,256,0.00%,4E-13.PROPOSITION 58 ENGLISH PROFICIENCY. MULTILINGUAL EDUCATION. INITIATIVE STATUTE..YES
000083 ,1,2,024 025 053 122 178 192 226 229 238,PROP_59,NO,111,432,321,0,~  4E-13,PROPOSITION 59 CORPORAT,NO,111,432,0,0,0,0,161,0.00%,4E-13.PROPOSITION 59 CORPORATIONS. POLITICAL SPENDING. FEDERAL CONSTITUTIONAL PROTECTIONS..NO
000083 ,1,2,024 025 053 122 178 192 226 229 238,PROP_59,YES,272,432,160,0,~  4E-13,PROPOSITION 59 CORPORAT,YES,272,432,0,0,0,0,161,0.00%,4E-13.PROPOSITION 59 CORPORATIONS. POLITICAL SPENDING. FEDERAL CONSTITUTIONAL PROTECTIONS..YES
000083 ,1,2,024 025 053 122 178 192 226 229 238,PROP_60,NO,226,432,206,0,~  4E-13,PROPOSITION 60 ADULT FI,NO,226,432,0,0,0,0,53,0.00%,4E-13.PROPOSITION 60 ADULT FILMS. CONDOMS. HEALTH REQUIREMENTS. INITIATIVE STATUTE..NO
000083 ,1,2,024 025 053 122 178 192 226 229 238,PROP_61,YES,255,432,177,2,~  4E-13,PROPOSITION 61 STATE PR,YES,255,432,0,0,0,0,118,0.00%,4E-13.PROPOSITION 61 STATE PRESCRIPTION DRUG PURCHASES. PRICING STANDARDS. INITIATIVE STATUTE..YES
000083 ,1,2,024 025 053 122 178 192 226 229 238,PROP_62,YES,232,432,200,1,~  4E-13,PROPOSITION 62 DEATH PE,YES,232,432,0,0,0,0,60,0.00%,4E-13.PROPOSITION 62 DEATH PENALTY. INITIATIVE STATUTE..YES
000083 ,2,3,024 025 053 122 178 192 226 238,PROP_63,NO,153,432,279,0,~  4E-13,PROPOSITION 63 FIREARMS,NO,153,432,0,0,0,0,102,0.00%,4E-13.PROPOSITION 63 FIREARMS. AMMUNITION SALES. INITIATIVE STATUTE..NO
000083 ,2,3,024 025 053 122 178 192 226 238,PROP_63,YES,255,432,177,0,~  4E-13,PROPOSITION 63 FIREARMS,YES,255,432,0,0,0,0,102,0.00%,4E-13.PROPOSITION 63 FIREARMS. AMMUNITION SALES. INITIATIVE STATUTE..YES
000083 ,2,3,024 025 053 122 178 192 226 238,PROP_64,NO,129,432,303,0,~  4E-13,PROPOSITION 64 MARIJUAN,NO,129,432,0,0,0,0,166,0.00%,4E-13.PROPOSITION 64 MARIJUANA LEGALIZATION. INITIATIVE STATUTE..NO
000083 ,2,3,024 025 053 122 178 192 226 238,PROP_66,YES,140,432,292,2,~  4E-13,PROPOSITION 66 DEATH PE,YES,140,432,0,0,0,0,99,0.00%,4E-13.PROPOSITION 66 DEATH PENALTY. PROCEDURES. INITIATIVE STATUTE..YES
000083 ,2,3,024 025 053 122 178 192 226 238,PROP_67,NO,140,432,292,0,~  4E-13,PROPOSITION 67 BAN ON S,NO,140,432,0,0,0,0,134,0.00%,4E-13.PROPOSITION 67 BAN ON SINGLE-USE PLASTIC BAGS. REFERENDUM..NO
000083 ,2,3,024 025 053 122 178 192 226 238,PROP_67,YES,274,432,158,0,~  4E-13,PROPOSITION 67 BAN ON S,YES,274,432,0,0,0,0,134,0.00%,4E-13.PROPOSITION 67 BAN ON SINGLE-USE PLASTIC BAGS. REFERENDUM..YES
000083 ,1,1,024 025 053 122 178 192 226 229 238,STATEASS2,KEN_ANTON,90,432,342,0,~  4E-13,"STATE ASSEMBLY, DISTRIC",KEN ANTON,90,432,0,0,0,0,195,0.00%,"4E-13.STATE ASSEMBLY, DISTRICT 2.KEN ANTON"
000083 ,1,1,024 025 053 122 178 192 226 229 238,USREP,DALE_K_MENSING,75,432,357,0,~  4E-13,US REPRESENTATIVE IN CO,DALE K. MENSING,75,432,0,0,0,0,247,0.00%,"4E-13.US REPRESENTATIVE IN CONGRESS, DISTRICT 2.DALE K. MENSING"
000083 ,1,1,024 025 053 122 178 192 226 229 238,USREP,JARED_W_HUFFMAN,322,432,110,0,~  4E-13,US REPRESENTATIVE IN CO,JARED W. HUFFMAN,322,432,0,0,0,0,247,0.00%,"4E-13.US REPRESENTATIVE IN CONGRESS, DISTRICT 2.JARED W. HUFFMAN"
000083 ,1,1,024 025 053 122 178 192 226 229 238,USSEN,LORETTA_L_SANCHEZ,134,432,298,1,~  4E-13,US SENATOR,LORETTA L. SANCHEZ,134,432,0,0,0,0,103,0.00%,4E-13.US SENATOR.LORETTA L. SANCHEZ
000084 ,1,1,026 053 122 123 192 193 226 229 238,EKA_CC,JOHN_B_FULLERTON,240,678,438,0,~  4E-14,EUREKA CITY COUNCILMEMB,JOHN B. FULLERTON,240,679,0,-1,0,1,70,0.00%,4E-14.EUREKA CITY COUNCILMEMBER.JOHN B. FULLERTON
000084 ,1,1,026 053 122 123 192 193 226 229 238,EKA_CC,Write_in,32,1356,1324,0,~  4E-14,EUREKA CITY COUNCILMEMB,Write_in,32,679,0,677,0,677,70,0.00%,4E-14.EUREKA CITY COUNCILMEMBER.Write_in
000084 ,2,4,026 053 123 192 193 226 229 238,MEAS_O,NO,249,676,427,1,~  4E-14,MEASURE O CITY OF EUREK,NO,249,679,0,-3,0,3,116,0.00%,4E-14.MEASURE O CITY OF EUREKA LOW INCOME HOUSING UNITS..NO
000084 ,2,4,026 053 123 192 193 226 229 238,MEAS_O,YES,365,676,311,1,~  4E-14,MEASURE O CITY OF EUREK,YES,365,679,0,-3,0,3,116,0.00%,4E-14.MEASURE O CITY OF EUREKA LOW INCOME HOUSING UNITS..YES
000084 ,2,4,026 053 123 192 193 226 229 238,MEAS_P,NO,259,676,417,0,~  4E-14,MEASURE P CITY OF EUREK,NO,259,679,0,-3,0,3,94,0.00%,4E-14.MEASURE P CITY OF EUREKA CHARTER AMENDMENT MEASURE..NO
000084 ,2,4,026 053 123 192 193 226 229 238,MEAS_V,NO,274,676,402,1,~  4E-14,MEASURE V MOBILE HOME P,NO,274,679,0,-3,0,3,84,0.00%,4E-14.MEASURE V MOBILE HOME PARK SPACE RENT STABILIZATION..NO
000084 ,2,4,026 053 123 192 193 226 229 238,MEAS_V,YES,358,676,318,1,~  4E-14,MEASURE V MOBILE HOME P,YES,358,679,0,-3,0,3,84,0.00%,4E-14.MEASURE V MOBILE HOME PARK SPACE RENT STABILIZATION..YES
000084 ,1,1,026 053 122 123 192 193 226 229 238,PRES,DONALD_J_TRUMP,184,678,494,0,~  4E-14,PRESIDENT AND VICE PRES,DONALD J. TRUMP      ,184,679,0,-1,0,1,207,0.00%,4E-14.PRESIDENT AND VICE PRESIDENT.DONALD J. TRUMP      and MICHAEL R. PENCE
000084 ,1,1,026 053 122 123 192 193 226 229 238,PRES,GARY_JOHNSON,27,678,651,0,~  4E-14,PRESIDENT AND VICE PRES,GARY JOHNSON      and,27,679,0,-1,0,1,207,0.00%,4E-14.PRESIDENT AND VICE PRESIDENT.GARY JOHNSON      and BILL WELD
000084 ,1,1,026 053 122 123 192 193 226 229 238,PRES,JILL_STEIN,47,678,631,0,~  4E-14,PRESIDENT AND VICE PRES,JILL STEIN      and A,47,679,0,-1,0,1,207,0.00%,4E-14.PRESIDENT AND VICE PRESIDENT.JILL STEIN      and AJAMU BARAKA
000084 ,1,1,026 053 122 123 192 193 226 229 238,PRES,Write_in,15,678,663,0,~  4E-14,PRESIDENT AND VICE PRES,Write_in,15,679,0,-1,0,1,207,0.00%,4E-14.PRESIDENT AND VICE PRESIDENT.Write_in
000084 ,1,2,026 053 122 123 192 193 226 229 238,PROP_57,NO,207,677,470,0,~  4E-14,PROPOSITION 57 CRIMINAL,NO,207,679,0,-2,0,2,239,0.00%,4E-14.PROPOSITION 57 CRIMINAL SENTENCES. PAROLE. JUVENILE CRIMINAL PROCEEDINGS AND SENTENCING. INITIATIVE.NO
000084 ,1,2,026 053 122 123 192 193 226 229 238,PROP_57,YES,446,677,231,0,~  4E-14,PROPOSITION 57 CRIMINAL,YES,446,679,0,-2,0,2,239,0.00%,4E-14.PROPOSITION 57 CRIMINAL SENTENCES. PAROLE. JUVENILE CRIMINAL PROCEEDINGS AND SENTENCING. INITIATIVE.YES
000084 ,1,2,026 053 122 123 192 193 226 229 238,PROP_58,NO,131,677,546,0,~  4E-14,PROPOSITION 58 ENGLISH ,NO,131,679,0,-2,0,2,384,0.00%,4E-14.PROPOSITION 58 ENGLISH PROFICIENCY. MULTILINGUAL EDUCATION. INITIATIVE STATUTE..NO
000084 ,1,2,026 053 122 123 192 193 226 229 238,PROP_59,YES,397,677,280,2,~  4E-14,PROPOSITION 59 CORPORAT,YES,397,679,0,-2,0,2,177,0.00%,4E-14.PROPOSITION 59 CORPORATIONS. POLITICAL SPENDING. FEDERAL CONSTITUTIONAL PROTECTIONS..YES
000084 ,2,3,026 053 123 192 193 226 229 238,PROP_64,NO,232,677,445,1,~  4E-14,PROPOSITION 64 MARIJUAN,NO,232,679,0,-2,0,2,200,0.00%,4E-14.PROPOSITION 64 MARIJUANA LEGALIZATION. INITIATIVE STATUTE..NO
000084 ,2,3,026 053 123 192 193 226 229 238,PROP_65,NO,361,677,316,1,~  4E-14,PROPOSITION 65 CARRYOUT,NO,361,679,0,-2,0,2,82,0.00%,4E-14.PROPOSITION 65 CARRYOUT BAGS. CHARGES. INITIATIVE STATUTE..NO
000084 ,2,3,026 053 123 192 193 226 229 238,PROP_66,NO,343,677,334,0,~  4E-14,PROPOSITION 66 DEATH PE,NO,343,679,0,-2,0,2,69,0.00%,4E-14.PROPOSITION 66 DEATH PENALTY. PROCEDURES. INITIATIVE STATUTE..NO
000084 ,2,3,026 053 123 192 193 226 229 238,PROP_66,YES,274,677,403,0,~  4E-14,PROPOSITION 66 DEATH PE,YES,274,679,0,-2,0,2,69,0.00%,4E-14.PROPOSITION 66 DEATH PENALTY. PROCEDURES. INITIATIVE STATUTE..YES
000084 ,1,1,026 053 122 123 192 193 226 229 238,STATEASS2,KEN_ANTON,153,678,525,2,~  4E-14,"STATE ASSEMBLY, DISTRIC",KEN ANTON,153,679,0,-1,0,1,285,0.00%,"4E-14.STATE ASSEMBLY, DISTRICT 2.KEN ANTON"
000084 ,1,1,026 053 122 123 192 193 226 229 238,USREP,JARED_W_HUFFMAN,479,678,199,1,~  4E-14,US REPRESENTATIVE IN CO,JARED W. HUFFMAN,479,679,0,-1,0,1,317,0.00%,"4E-14.US REPRESENTATIVE IN CONGRESS, DISTRICT 2.JARED W. HUFFMAN"
000084 ,1,1,026 053 122 123 192 193 226 229 238,USSEN,KAMALA_D_HARRIS,388,678,290,2,~  4E-14,US SENATOR,KAMALA D. HARRIS,388,679,0,-1,0,1,219,0.00%,4E-14.US SENATOR.KAMALA D. HARRIS
000084 ,1,1,026 053 122 123 192 193 226 229 238,USSEN,LORETTA_L_SANCHEZ,169,678,509,2,~  4E-14,US SENATOR,LORETTA L. SANCHEZ,169,679,0,-1,0,1,219,0.00%,4E-14.US SENATOR.LORETTA L. SANCHEZ
000085 ,1,1,025 026 053 119 190 226 238,EKA_CC,AUSTIN_ALLISON,239,471,232,0,~  4E-21,EUREKA CITY COUNCILMEMB,AUSTIN ALLISON,239,468,0,3,0,3,52,0.00%,4E-21.EUREKA CITY COUNCILMEMBER.AUSTIN ALLISON
000085 ,2,3,025 026 053 119 120 190 226 238,MEAS_S,NO,152,471,319,0,~  4E-21,MEASURE S HUMBOLDT COUN,NO,152,468,0,3,0,3,137,0.00%,4E-21.MEASURE S HUMBOLDT COUNTY COMMERCIAL MARIJUANA CULTIVATION MEASURE..NO
000085 ,2,3,025 026 053 119 120 190 226 238,MEAS_U,NO,198,471,273,0,~  4E-21,MEASURE U LOCAL TRANSPO,NO,198,468,0,3,0,3,38,0.00%,4E-21.MEASURE U LOCAL TRANSPORTATION AUTHORITY RETAIL TRANSACTIONS AND USE TAX..NO
000085 ,1,1,025 026 053 119 190 226 238,PRES,GARY_JOHNSON,20,471,451,0,~  4E-21,PRESIDENT AND VICE PRES,GARY JOHNSON      and,20,468,0,3,0,3,182,0.00%,4E-21.PRESIDENT AND VICE PRESIDENT.GARY JOHNSON      and BILL WELD
000085 ,1,1,025 026 053 119 190 226 238,PRES,GLORIA_ESTELA_LA_RIVA,3,471,468,0,~  4E-21,PRESIDENT AND VICE PRES,GLORIA ESTELA LA RIVA,3,468,0,3,0,3,182,0.00%,4E-21.PRESIDENT AND VICE PRESIDENT.GLORIA ESTELA LA RIVA      and DENNIS J. BANKS
000085 ,1,1,025 026 053 119 190 226 238,PRES,JILL_STEIN,46,471,425,0,~  4E-21,PRESIDENT AND VICE PRES,JILL STEIN      and A,46,468,0,3,0,3,182,0.00%,4E-21.PRESIDENT AND VICE PRESIDENT.JILL STEIN      and AJAMU BARAKA
000085 ,1,1,025 026 053 119 190 226 238,PROP_51,NO,179,471,292,1,~  4E-21,PROPOSITION 51 SCHOOL B,NO,179,468,0,3,0,3,82,0.00%,4E-21.PROPOSITION 51 SCHOOL BONDS. FUNDING FOR K-12 SCHOOL AND COMMUNITY COLLEGE FACILITIES. INITIATIVE.NO
000085 ,1,1,025 026 053 119 190 226 238,PROP_52,YES,321,471,150,1,~  4E-21,PROPOSITION 52 MEDI-CAL,YES,321,468,0,3,0,3,202,0.00%,4E-21.PROPOSITION 52 MEDI-CAL HOSPITAL FEE PROGRAM. INITIATIVE CONSTITUTIONAL AMENDMENT AND STATUTE..YES
000085 ,1,1,025 026 053 119 190 226 238,PROP_53,YES,215,471,256,2,~  4E-21,PROPOSITION 53 REVENUE ,YES,215,468,0,3,0,3,2,0.00%,4E-21.PROPOSITION 53 REVENUE BONDS. STATEWIDE VOTER APPROVAL. INITIATIVE CONSTITUTIONAL AMENDMENT..YES
000085 ,1,1,025 026 053 119 190 226 238,PROP_54,NO,147,471,324,1,~  4E-21,PROPOSITION 54 LEGISLAT,NO,147,468,0,3,0,3,136,0.00%,4E-21.PROPOSITION 54 LEGISLATURE. LEGISLATION AND PROCEEDINGS. INITIATIVE CONSTITUTIONAL AMENDMENT AND.NO
000085 ,1,2,025 026 053 119 190 226 238,PROP_55,YES,332,471,139,0,~  4E-21,PROPOSITION 55 TAX EXTE,YES,332,468,0,3,0,3,220,0.00%,4E-21.PROPOSITION 55 TAX EXTENSION TO FUND EDUCATION AND HEALTHCARE. INITIATIVE CONSTITUTIONAL AMENDMENT..YES
000085 ,1,2,025 026 053 119 190 226 238,PROP_61,YES,265,471,206,1,~  4E-21,PROPOSITION 61 STATE PR,YES,265,468,0,3,0,3,109,0.00%,4E-21.PROPOSITION 61 STATE PRESCRIPTION DRUG PURCHASES. PRICING STANDARDS. INITIATIVE STATUTE..YES
000085 ,2,3,025 026 053 119 120 190 226 238,PROP_64,NO,144,471,327,1,~  4E-21,PROPOSITION 64 MARIJUAN,NO,144,468,0,3,0,3,167,0.00%,4E-21.PROPOSITION 64 MARIJUANA LEGALIZATION. INITIATIVE STATUTE..NO
000085 ,2,3,025 026 053 119 120 190 226 238,PROP_65,NO,227,471,244,1,~  4E-21,PROPOSITION 65 CARRYOUT,NO,227,468,0,3,0,3,10,0.00%,4E-21.PROPOSITION 65 CARRYOUT BAGS. CHARGES. INITIATIVE STATUTE..NO
000085 ,1,1,025 026 053 119 190 226 238,USSEN,KAMALA_D_HARRIS,271,471,200,1,~  4E-21,US SENATOR,KAMALA D. HARRIS,271,468,0,3,0,3,127,0.00%,4E-21.US SENATOR.KAMALA D. HARRIS
000086 ,1,1,027 053 054 114 189 190 195 226 229 238,EKA_CC,AUSTIN_ALLISON,254,533,279,1,~  4E-22,EUREKA CITY COUNCILMEMB,AUSTIN ALLISON,254,533,0,0,0,0,92,0.00%,4E-22.EUREKA CITY COUNCILMEMBER.AUSTIN ALLISON
000086 ,1,1,027 053 054 114 189 190 195 226 229 238,EKA_CC,HEIDI_S_MESSNER,346,533,187,0,~  4E-22,EUREKA CITY COUNCILMEMB,HEIDI S. MESSNER,346,533,0,0,0,0,92,0.00%,4E-22.EUREKA CITY COUNCILMEMBER.HEIDI S. MESSNER
000086 ,1,1,027 053 054 114 189 190 195 226 229 238,EKA_CC,Write_in,18,1066,1048,0,~  4E-22,EUREKA CITY COUNCILMEMB,Write_in,18,533,0,533,0,533,92,0.00%,4E-22.EUREKA CITY COUNCILMEMBER.Write_in
000086 ,2,4,027 053 054 114 189 190 195 226 238,MEAS_P,YES,259,528,269,0,~  4E-22,MEASURE P CITY OF EUREK,YES,259,533,0,-5,0,5,55,0.00%,4E-22.MEASURE P CITY OF EUREKA CHARTER AMENDMENT MEASURE..YES
000086 ,2,3,027 053 054 114 189 190 195 226 238,MEAS_Q,NO,236,528,292,0,~  4E-22,MEASURE Q HUMBOLDT COUN,NO,236,533,0,-5,0,5,15,0.00%,4E-22.MEASURE Q HUMBOLDT COUNTY CREATION OF FINANCE DEPARTMENT MEASURE..NO
000086 ,2,3,027 053 054 114 189 190 195 226 238,MEAS_R,YES,245,528,283,0,~  4E-22,MEASURE R HUMBOLDT COUN,YES,245,533,0,-5,0,5,34,0.00%,4E-22.MEASURE R HUMBOLDT COUNTY FINANCE DEPARTMENT ELECTIVE OFFICE MEASURE..YES
000086 ,2,3,027 053 054 114 189 190 195 226 238,MEAS_S,YES,344,528,184,0,~  4E-22,MEASURE S HUMBOLDT COUN,YES,344,533,0,-5,0,5,198,0.00%,4E-22.MEASURE S HUMBOLDT COUNTY COMMERCIAL MARIJUANA CULTIVATION MEASURE..YES
000086 ,1,1,027 053 054 114 189 190 195 226 229 238,PRES,DONALD_J_TRUMP,149,533,384,0,~  4E-22,PRESIDENT AND VICE PRES,DONALD J. TRUMP      ,149,533,0,0,0,0,148,0.00%,4E-22.PRESIDENT AND VICE PRESIDENT.DONALD J. TRUMP      and MICHAEL R. PENCE
000086 ,1,1,027 053 054 114 189 190 195 226 229 238,PRES,GARY_JOHNSON,18,533,515,0,~  4E-22,PRESIDENT AND VICE PRES,GARY JOHNSON      and,18,533,0,0,0,0,148,0.00%,4E-22.PRESIDENT AND VICE PRESIDENT.GARY JOHNSON      and BILL WELD
000086 ,1,1,027 053 054 114 189 190 195 226 229 238,PRES,GLORIA_ESTELA_LA_RIVA,5,533,528,0,~  4E-22,PRESIDENT AND VICE PRES,GLORIA ESTELA LA RIVA,5,533,0,0,0,0,148,0.00%,4E-22.PRESIDENT AND VICE PRESIDENT.GLORIA ESTELA LA RIVA      and DENNIS J. BANKS
000086 ,1,1,027 053 054 114 189 190 195 226 229 238,PRES,Write_in,22,533,511,0,~  4E-22,PRESIDENT AND VICE PRES,Write_in,22,533,0,0,0,0,148,0.00%,4E-22.PRESIDENT AND VICE PRESIDENT.Write_in
000086 ,1,1,027 053 054 114 189 190 195 226 229 238,PROP_52,YES,369,533,164,0,~  4E-22,PROPOSITION 52 MEDI-CAL,YES,369,533,0,0,0,0,236,0.00%,4E-22.PROPOSITION 52 MEDI-CAL HOSPITAL FEE PROGRAM. INITIATIVE CONSTITUTIONAL AMENDMENT AND STATUTE..YES
000086 ,1,1,027 053 054 114 189 190 195 226 229 238,PROP_53,NO,285,533,248,0,~  4E-22,PROPOSITION 53 REVENUE ,NO,285,533,0,0,0,0,78,0.00%,4E-22.PROPOSITION 53 REVENUE BONDS. STATEWIDE VOTER APPROVAL. INITIATIVE CONSTITUTIONAL AMENDMENT..NO
000086 ,1,1,027 053 054 114 189 190 195 226 229 238,PROP_53,YES,207,533,326,0,~  4E-22,PROPOSITION 53 REVENUE ,YES,207,533,0,0,0,0,78,0.00%,4E-22.PROPOSITION 53 REVENUE BONDS. STATEWIDE VOTER APPROVAL. INITIATIVE CONSTITUTIONAL AMENDMENT..YES
000086 ,1,2,027 053 054 114 189 190 195 226 229 238,PROP_55,YES,378,532,154,0,~  4E-22,PROPOSITION 55 TAX EXTE,YES,378,533,0,-1,0,1,251,0.00%,4E-22.PROPOSITION 55 TAX EXTENSION TO FUND EDUCATION AND HEALTHCARE. INITIATIVE CONSTITUTIONAL AMENDMENT..YES
000086 ,1,2,027 053 054 114 189 190 195 226 229 238,PROP_56,YES,316,532,216,2,~  4E-22,PROPOSITION 56 CIGARETT,YES,316,533,0,-1,0,1,118,0.00%,"4E-22.PROPOSITION 56 CIGARETTE TAX TO FUND HEALTHCARE, TOBACCO USE PREVENTION, RESEARCH, AND.YES"
000086 ,1,2,027 053 054 114 189 190 195 226 229 238,PROP_57,NO,148,532,384,0,~  4E-22,PROPOSITION 57 CRIMINAL,NO,148,533,0,-1,0,1,206,0.00%,4E-22.PROPOSITION 57 CRIMINAL SENTENCES. PAROLE. JUVENILE CRIMINAL PROCEEDINGS AND SENTENCING. INITIATIVE.NO
000086 ,1,2,027 053 054 114 189 190 195 226 229 238,PROP_60,YES,219,532,313,1,~  4E-22,PROPOSITION 60 ADULT FI,YES,219,533,0,-1,0,1,55,0.00%,4E-22.PROPOSITION 60 ADULT FILMS. CONDOMS. HEALTH REQUIREMENTS. INITIATIVE STATUTE..YES
000086 ,1,2,027 053 054 114 189 190 195 226 229 238,PROP_62,NO,215,532,317,0,~  4E-22,PROPOSITION 62 DEATH PE,NO,215,533,0,-1,0,1,73,0.00%,4E-22.PROPOSITION 62 DEATH PENALTY. INITIATIVE STATUTE..NO
000086 ,2,3,027 053 054 114 189 190 195 226 238,PROP_65,YES,219,528,309,0,~  4E-22,PROPOSITION 65 CARRYOUT,YES,219,533,0,-5,0,5,61,0.00%,4E-22.PROPOSITION 65 CARRYOUT BAGS. CHARGES. INITIATIVE STATUTE..YES
000086 ,1,1,027 053 054 114 189 190 195 226 229 238,STATEASS2,KEN_ANTON,122,533,411,0,~  4E-22,"STATE ASSEMBLY, DISTRIC",KEN ANTON,122,533,0,0,0,0,230,0.00%,"4E-22.STATE ASSEMBLY, DISTRICT 2.KEN ANTON"
000086 ,1,1,027 053 054 114 189 190 195 226 229 238,USREP,JARED_W_HUFFMAN,380,533,153,0,~  4E-22,US REPRESENTATIVE IN CO,JARED W. HUFFMAN,380,533,0,0,0,0,249,0.00%,"4E-22.US REPRESENTATIVE IN CONGRESS, DISTRICT 2.JARED W. HUFFMAN"
000087 ,1,1,026 027 051 054 115 195 226 229 238 241,EKA_CC,AUSTIN_ALLISON,230,470,240,0,~  4E-23,EUREKA CITY COUNCILMEMB,AUSTIN ALLISON,230,470,0,0,0,0,62,0.00%,4E-23.EUREKA CITY COUNCILMEMBER.AUSTIN ALLISON
000087 ,1,1,026 027 051 054 115 195 226 229 238 241,EKA_CC,HEIDI_S_MESSNER,292,470,178,0,~  4E-23,EUREKA CITY COUNCILMEMB,HEIDI S. MESSNER,292,470,0,0,0,0,62,0.00%,4E-23.EUREKA CITY COUNCILMEMBER.HEIDI S. MESSNER
000087 ,1,1,026 027 051 054 115 195 226 229 238 241,EKA_CC,JOHN_B_FULLERTON,193,470,277,0,~  4E-23,EUREKA CITY COUNCILMEMB,JOHN B. FULLERTON,193,470,0,0,0,0,62,0.00%,4E-23.EUREKA CITY COUNCILMEMBER.JOHN B. FULLERTON
000087 ,2,4,026 027 051 054 114 115 195 226 238 241 243,MEAS_O,NO,179,468,289,0,~  4E-23,MEASURE O CITY OF EUREK,NO,179,470,0,-2,0,2,52,0.00%,4E-23.MEASURE O CITY OF EUREKA LOW INCOME HOUSING UNITS..NO
000087 ,2,4,026 027 051 054 114 115 195 226 238 241 243,MEAS_O,YES,231,468,237,0,~  4E-23,MEASURE O CITY OF EUREK,YES,231,470,0,-2,0,2,52,0.00%,4E-23.MEASURE O CITY OF EUREKA LOW INCOME HOUSING UNITS..YES
000087 ,2,4,026 027 051 054 114 115 195 226 238 241 243,MEAS_P,NO,177,468,291,0,~  4E-23,MEASURE P CITY OF EUREK,NO,177,470,0,-2,0,2,65,0.00%,4E-23.MEASURE P CITY OF EUREKA CHARTER AMENDMENT MEASURE..NO
000087 ,2,4,026 027 051 054 114 115 195 226 238 241 243,MEAS_P,YES,242,468,226,0,~  4E-23,MEASURE P CITY OF EUREK,YES,242,470,0,-2,0,2,65,0.00%,4E-23.MEASURE P CITY OF EUREKA CHARTER AMENDMENT MEASURE..YES
000087 ,2,3,026 027 051 054 114 115 195 226 238 241 243,MEAS_Q,NO,205,468,263,0,~  4E-23,MEASURE Q HUMBOLDT COUN,NO,205,470,0,-2,0,2,8,0.00%,4E-23.MEASURE Q HUMBOLDT COUNTY CREATION OF FINANCE DEPARTMENT MEASURE..NO
000087 ,2,3,026 027 051 054 114 115 195 226 238 241 243,MEAS_Q,YES,197,468,271,0,~  4E-23,MEASURE Q HUMBOLDT COUN,YES,197,470,0,-2,0,2,8,0.00%,4E-23.MEASURE Q HUMBOLDT COUNTY CREATION OF FINANCE DEPARTMENT MEASURE..YES
000087 ,2,3,026 027 051 054 114 115 195 226 238 241 243,MEAS_S,NO,123,468,345,0,~  4E-23,MEASURE S HUMBOLDT COUN,NO,123,470,0,-2,0,2,191,0.00%,4E-23.MEASURE S HUMBOLDT COUNTY COMMERCIAL MARIJUANA CULTIVATION MEASURE..NO
000087 ,2,3,026 027 051 054 114 115 195 226 238 241 243,MEAS_S,YES,314,468,154,0,~  4E-23,MEASURE S HUMBOLDT COUN,YES,314,470,0,-2,0,2,191,0.00%,4E-23.MEASURE S HUMBOLDT COUNTY COMMERCIAL MARIJUANA CULTIVATION MEASURE..YES
000087 ,2,3,026 027 051 054 114 115 195 226 238 241 243,MEAS_U,NO,216,468,252,0,~  4E-23,MEASURE U LOCAL TRANSPO,NO,216,470,0,-2,0,2,2,0.00%,4E-23.MEASURE U LOCAL TRANSPORTATION AUTHORITY RETAIL TRANSACTIONS AND USE TAX..NO
000087 ,2,3,026 027 051 054 114 115 195 226 238 241 243,MEAS_U,YES,218,468,250,0,~  4E-23,MEASURE U LOCAL TRANSPO,YES,218,470,0,-2,0,2,2,0.00%,4E-23.MEASURE U LOCAL TRANSPORTATION AUTHORITY RETAIL TRANSACTIONS AND USE TAX..YES
000087 ,2,4,026 027 051 054 114 115 195 226 238 241 243,MEAS_V,NO,183,468,285,0,~  4E-23,MEASURE V MOBILE HOME P,NO,183,470,0,-2,0,2,65,0.00%,4E-23.MEASURE V MOBILE HOME PARK SPACE RENT STABILIZATION..NO
000087 ,2,4,026 027 051 054 114 115 195 226 238 241 243,MEAS_V,YES,248,468,220,0,~  4E-23,MEASURE V MOBILE HOME P,YES,248,470,0,-2,0,2,65,0.00%,4E-23.MEASURE V MOBILE HOME PARK SPACE RENT STABILIZATION..YES
000087 ,1,1,026 027 051 054 115 195 226 229 238 241,PRES,DONALD_J_TRUMP,128,470,342,0,~  4E-23,PRESIDENT AND VICE PRES,DONALD J. TRUMP      ,128,470,0,0,0,0,139,0.00%,4E-23.PRESIDENT AND VICE PRESIDENT.DONALD J. TRUMP      and MICHAEL R. PENCE
000087 ,1,1,026 027 051 054 115 195 226 229 238 241,PRES,GARY_JOHNSON,22,470,448,0,~  4E-23,PRESIDENT AND VICE PRES,GARY JOHNSON      and,22,470,0,0,0,0,139,0.00%,4E-23.PRESIDENT AND VICE PRESIDENT.GARY JOHNSON      and BILL WELD
000087 ,1,1,026 027 051 054 115 195 226 229 238 241,PRES,JILL_STEIN,32,470,438,0,~  4E-23,PRESIDENT AND VICE PRES,JILL STEIN      and A,32,470,0,0,0,0,139,0.00%,4E-23.PRESIDENT AND VICE PRESIDENT.JILL STEIN      and AJAMU BARAKA
000087 ,1,1,026 027 051 054 115 195 226 229 238 241,PRES,Write_in,12,470,458,0,~  4E-23,PRESIDENT AND VICE PRES,Write_in,12,470,0,0,0,0,139,0.00%,4E-23.PRESIDENT AND VICE PRESIDENT.Write_in
000087 ,1,1,026 027 051 054 115 195 226 229 238 241,PROP_51,NO,210,470,260,0,~  4E-23,PROPOSITION 51 SCHOOL B,NO,210,470,0,0,0,0,29,0.00%,4E-23.PROPOSITION 51 SCHOOL BONDS. FUNDING FOR K-12 SCHOOL AND COMMUNITY COLLEGE FACILITIES. INITIATIVE.NO
000087 ,1,1,026 027 051 054 115 195 226 229 238 241,PROP_51,YES,239,470,231,0,~  4E-23,PROPOSITION 51 SCHOOL B,YES,239,470,0,0,0,0,29,0.00%,4E-23.PROPOSITION 51 SCHOOL BONDS. FUNDING FOR K-12 SCHOOL AND COMMUNITY COLLEGE FACILITIES. INITIATIVE.YES
000087 ,1,1,026 027 051 054 115 195 226 229 238 241,PROP_52,YES,300,470,170,2,~  4E-23,PROPOSITION 52 MEDI-CAL,YES,300,470,0,0,0,0,152,0.00%,4E-23.PROPOSITION 52 MEDI-CAL HOSPITAL FEE PROGRAM. INITIATIVE CONSTITUTIONAL AMENDMENT AND STATUTE..YES
000087 ,1,1,026 027 051 054 115 195 226 229 238 241,PROP_53,NO,266,470,204,1,~  4E-23,PROPOSITION 53 REVENUE ,NO,266,470,0,0,0,0,96,0.00%,4E-23.PROPOSITION 53 REVENUE BONDS. STATEWIDE VOTER APPROVAL. INITIATIVE CONSTITUTIONAL AMENDMENT..NO
000087 ,1,1,026 027 051 054 115 195 226 229 238 241,PROP_54,YES,255,470,215,1,~  4E-23,PROPOSITION 54 LEGISLAT,YES,255,470,0,0,0,0,79,0.00%,4E-23.PROPOSITION 54 LEGISLATURE. LEGISLATION AND PROCEEDINGS. INITIATIVE CONSTITUTIONAL AMENDMENT AND.YES
000087 ,1,2,026 027 051 054 115 195 226 229 238 241,PROP_55,NO,140,470,330,0,~  4E-23,PROPOSITION 55 TAX EXTE,NO,140,470,0,0,0,0,167,0.00%,4E-23.PROPOSITION 55 TAX EXTENSION TO FUND EDUCATION AND HEALTHCARE. INITIATIVE CONSTITUTIONAL AMENDMENT..NO
000087 ,1,2,026 027 051 054 115 195 226 229 238 241,PROP_55,YES,307,470,163,0,~  4E-23,PROPOSITION 55 TAX EXTE,YES,307,470,0,0,0,0,167,0.00%,4E-23.PROPOSITION 55 TAX EXTENSION TO FUND EDUCATION AND HEALTHCARE. INITIATIVE CONSTITUTIONAL AMENDMENT..YES
000087 ,1,2,026 027 051 054 115 195 226 229 238 241,PROP_56,NO,184,470,286,1,~  4E-23,PROPOSITION 56 CIGARETT,NO,184,470,0,0,0,0,86,0.00%,"4E-23.PROPOSITION 56 CIGARETTE TAX TO FUND HEALTHCARE, TOBACCO USE PREVENTION, RESEARCH, AND.NO"
000087 ,1,2,026 027 051 054 115 195 226 229 238 241,PROP_57,NO,165,470,305,0,~  4E-23,PROPOSITION 57 CRIMINAL,NO,165,470,0,0,0,0,109,0.00%,4E-23.PROPOSITION 57 CRIMINAL SENTENCES. PAROLE. JUVENILE CRIMINAL PROCEEDINGS AND SENTENCING. INITIATIVE.NO
000087 ,1,2,026 027 051 054 115 195 226 229 238 241,PROP_57,YES,274,470,196,0,~  4E-23,PROPOSITION 57 CRIMINAL,YES,274,470,0,0,0,0,109,0.00%,4E-23.PROPOSITION 57 CRIMINAL SENTENCES. PAROLE. JUVENILE CRIMINAL PROCEEDINGS AND SENTENCING. INITIATIVE.YES
000087 ,1,2,026 027 051 054 115 195 226 229 238 241,PROP_59,NO,172,470,298,0,~  4E-23,PROPOSITION 59 CORPORAT,NO,172,470,0,0,0,0,82,0.00%,4E-23.PROPOSITION 59 CORPORATIONS. POLITICAL SPENDING. FEDERAL CONSTITUTIONAL PROTECTIONS..NO
000087 ,1,2,026 027 051 054 115 195 226 229 238 241,PROP_59,YES,254,470,216,0,~  4E-23,PROPOSITION 59 CORPORAT,YES,254,470,0,0,0,0,82,0.00%,4E-23.PROPOSITION 59 CORPORATIONS. POLITICAL SPENDING. FEDERAL CONSTITUTIONAL PROTECTIONS..YES
000087 ,1,2,026 027 051 054 115 195 226 229 238 241,PROP_60,YES,156,470,314,0,~  4E-23,PROPOSITION 60 ADULT FI,YES,156,470,0,0,0,0,113,0.00%,4E-23.PROPOSITION 60 ADULT FILMS. CONDOMS. HEALTH REQUIREMENTS. INITIATIVE STATUTE..YES
000087 ,1,2,026 027 051 054 115 195 226 229 238 241,PROP_61,NO,203,470,267,1,~  4E-23,PROPOSITION 61 STATE PR,NO,203,470,0,0,0,0,17,0.00%,4E-23.PROPOSITION 61 STATE PRESCRIPTION DRUG PURCHASES. PRICING STANDARDS. INITIATIVE STATUTE..NO
000087 ,1,2,026 027 051 054 115 195 226 229 238 241,PROP_62,NO,211,470,259,0,~  4E-23,PROPOSITION 62 DEATH PE,NO,211,470,0,0,0,0,22,0.00%,4E-23.PROPOSITION 62 DEATH PENALTY. INITIATIVE STATUTE..NO
000087 ,1,2,026 027 051 054 115 195 226 229 238 241,PROP_62,YES,233,470,237,0,~  4E-23,PROPOSITION 62 DEATH PE,YES,233,470,0,0,0,0,22,0.00%,4E-23.PROPOSITION 62 DEATH PENALTY. INITIATIVE STATUTE..YES
000087 ,2,3,026 027 051 054 114 115 195 226 238 241 243,PROP_63,NO,214,468,254,0,~  4E-23,PROPOSITION 63 FIREARMS,NO,214,470,0,-2,0,2,21,0.00%,4E-23.PROPOSITION 63 FIREARMS. AMMUNITION SALES. INITIATIVE STATUTE..NO
000087 ,2,3,026 027 051 054 114 115 195 226 238 241 243,PROP_63,YES,235,468,233,0,~  4E-23,PROPOSITION 63 FIREARMS,YES,235,470,0,-2,0,2,21,0.00%,4E-23.PROPOSITION 63 FIREARMS. AMMUNITION SALES. INITIATIVE STATUTE..YES
000087 ,2,3,026 027 051 054 114 115 195 226 238 241 243,PROP_64,NO,167,468,301,1,~  4E-23,PROPOSITION 64 MARIJUAN,NO,167,470,0,-2,0,2,124,0.00%,4E-23.PROPOSITION 64 MARIJUANA LEGALIZATION. INITIATIVE STATUTE..NO
000087 ,2,3,026 027 051 054 114 115 195 226 238 241 243,PROP_66,NO,247,468,221,0,~  4E-23,PROPOSITION 66 DEATH PE,NO,247,470,0,-2,0,2,81,0.00%,4E-23.PROPOSITION 66 DEATH PENALTY. PROCEDURES. INITIATIVE STATUTE..NO
000087 ,2,3,026 027 051 054 114 115 195 226 238 241 243,PROP_66,YES,166,468,302,0,~  4E-23,PROPOSITION 66 DEATH PE,YES,166,470,0,-2,0,2,81,0.00%,4E-23.PROPOSITION 66 DEATH PENALTY. PROCEDURES. INITIATIVE STATUTE..YES
000087 ,2,3,026 027 051 054 114 115 195 226 238 241 243,PROP_67,NO,179,468,289,1,~  4E-23,PROPOSITION 67 BAN ON S,NO,179,470,0,-2,0,2,94,0.00%,4E-23.PROPOSITION 67 BAN ON SINGLE-USE PLASTIC BAGS. REFERENDUM..NO
000087 ,1,1,026 027 051 054 115 195 226 229 238 241,STATEASS2,JIM_WOOD,305,470,165,0,~  4E-23,"STATE ASSEMBLY, DISTRIC",JIM WOOD,305,470,0,0,0,0,190,0.00%,"4E-23.STATE ASSEMBLY, DISTRICT 2.JIM WOOD"
000087 ,1,1,026 027 051 054 115 195 226 229 238 241,STATEASS2,KEN_ANTON,115,470,355,0,~  4E-23,"STATE ASSEMBLY, DISTRIC",KEN ANTON,115,470,0,0,0,0,190,0.00%,"4E-23.STATE ASSEMBLY, DISTRICT 2.KEN ANTON"
000087 ,1,1,026 027 051 054 115 195 226 229 238 241,USREP,DALE_K_MENSING,123,470,347,0,~  4E-23,US REPRESENTATIVE IN CO,DALE K. MENSING,123,470,0,0,0,0,201,0.00%,"4E-23.US REPRESENTATIVE IN CONGRESS, DISTRICT 2.DALE K. MENSING"
000087 ,1,1,026 027 051 054 115 195 226 229 238 241,USREP,JARED_W_HUFFMAN,324,470,146,0,~  4E-23,US REPRESENTATIVE IN CO,JARED W. HUFFMAN,324,470,0,0,0,0,201,0.00%,"4E-23.US REPRESENTATIVE IN CONGRESS, DISTRICT 2.JARED W. HUFFMAN"
000087 ,1,1,026 027 051 054 115 195 226 229 238 241,USSEN,KAMALA_D_HARRIS,266,470,204,0,~  4E-23,US SENATOR,KAMALA D. HARRIS,266,470,0,0,0,0,141,0.00%,4E-23.US SENATOR.KAMALA D. HARRIS
000087 ,1,1,026 027 051 054 115 195 226 229 238 241,USSEN,LORETTA_L_SANCHEZ,125,470,345,0,~  4E-23,US SENATOR,LORETTA L. SANCHEZ,125,470,0,0,0,0,141,0.00%,4E-23.US SENATOR.LORETTA L. SANCHEZ
000088 ,1,1,028 051 115 116 189 195 196 226 229 238 241,EKA_CC,AUSTIN_ALLISON,253,482,229,0,~  4E-24,EUREKA CITY COUNCILMEMB,AUSTIN ALLISON,253,483,0,-1,0,1,70,0.00%,4E-24.EUREKA CITY COUNCILMEMBER.AUSTIN ALLISON
000088 ,1,1,028 051 115 116 189 195 196 226 229 238 241,EKA_CC,HEIDI_S_MESSNER,323,482,159,0,~  4E-24,EUREKA CITY COUNCILMEMB,HEIDI S. MESSNER,323,483,0,-1,0,1,70,0.00%,4E-24.EUREKA CITY COUNCILMEMBER.HEIDI S. MESSNER
000088 ,1,1,028 051 115 116 189 195 196 226 229 238 241,EKA_CC,JOHN_B_FULLERTON,188,482,294,0,~  4E-24,EUREKA CITY COUNCILMEMB,JOHN B. FULLERTON,188,483,0,-1,0,1,70,0.00%,4E-24.EUREKA CITY COUNCILMEMBER.JOHN B. FULLERTON
000088 ,1,1,028 051 115 116 189 195 196 226 229 238 241,EKA_CC,Write_in,9,964,955,0,~  4E-24,EUREKA CITY COUNCILMEMB,Write_in,9,483,0,481,0,481,70,0.00%,4E-24.EUREKA CITY COUNCILMEMBER.Write_in
000088 ,2,4,028 051 116 189 195 196 226 229 238 241 242 243,MEAS_O,NO,160,481,321,0,~  4E-24,MEASURE O CITY OF EUREK,NO,160,483,0,-2,0,2,106,0.00%,4E-24.MEASURE O CITY OF EUREKA LOW INCOME HOUSING UNITS..NO
000088 ,2,4,028 051 116 189 195 196 226 229 238 241 242 243,MEAS_O,YES,266,481,215,0,~  4E-24,MEASURE O CITY OF EUREK,YES,266,483,0,-2,0,2,106,0.00%,4E-24.MEASURE O CITY OF EUREKA LOW INCOME HOUSING UNITS..YES
000088 ,2,4,028 051 116 189 195 196 226 229 238 241 242 243,MEAS_P,YES,271,481,210,1,~  4E-24,MEASURE P CITY OF EUREK,YES,271,483,0,-2,0,2,109,0.00%,4E-24.MEASURE P CITY OF EUREKA CHARTER AMENDMENT MEASURE..YES
000088 ,2,3,028 051 116 189 195 196 226 229 238 241 242 243,MEAS_Q,NO,204,481,277,1,~  4E-24,MEASURE Q HUMBOLDT COUN,NO,204,483,0,-2,0,2,10,0.00%,4E-24.MEASURE Q HUMBOLDT COUNTY CREATION OF FINANCE DEPARTMENT MEASURE..NO
000088 ,2,3,028 051 116 189 195 196 226 229 238 241 242 243,MEAS_Q,YES,214,481,267,1,~  4E-24,MEASURE Q HUMBOLDT COUN,YES,214,483,0,-2,0,2,10,0.00%,4E-24.MEASURE Q HUMBOLDT COUNTY CREATION OF FINANCE DEPARTMENT MEASURE..YES
000088 ,2,3,028 051 116 189 195 196 226 229 238 241 242 243,MEAS_R,NO,204,481,277,0,~  4E-24,MEASURE R HUMBOLDT COUN,NO,204,483,0,-2,0,2,9,0.00%,4E-24.MEASURE R HUMBOLDT COUNTY FINANCE DEPARTMENT ELECTIVE OFFICE MEASURE..NO
000088 ,2,3,028 051 116 189 195 196 226 229 238 241 242 243,MEAS_S,YES,293,481,188,1,~  4E-24,MEASURE S HUMBOLDT COUN,YES,293,483,0,-2,0,2,136,0.00%,4E-24.MEASURE S HUMBOLDT COUNTY COMMERCIAL MARIJUANA CULTIVATION MEASURE..YES
000088 ,2,4,028 051 116 189 195 196 226 229 238 241 242 243,MEAS_V,NO,173,481,308,1,~  4E-24,MEASURE V MOBILE HOME P,NO,173,483,0,-2,0,2,92,0.00%,4E-24.MEASURE V MOBILE HOME PARK SPACE RENT STABILIZATION..NO
000088 ,1,1,028 051 115 116 189 195 196 226 229 238 241,PRES,DONALD_J_TRUMP,140,482,342,0,~  4E-24,PRESIDENT AND VICE PRES,DONALD J. TRUMP      ,140,483,0,-1,0,1,143,0.00%,4E-24.PRESIDENT AND VICE PRESIDENT.DONALD J. TRUMP      and MICHAEL R. PENCE
000088 ,1,1,028 051 115 116 189 195 196 226 229 238 241,PRES,GARY_JOHNSON,11,482,471,0,~  4E-24,PRESIDENT AND VICE PRES,GARY JOHNSON      and,11,483,0,-1,0,1,143,0.00%,4E-24.PRESIDENT AND VICE PRESIDENT.GARY JOHNSON      and BILL WELD
000088 ,1,1,028 051 115 116 189 195 196 226 229 238 241,PRES,GLORIA_ESTELA_LA_RIVA,3,482,479,0,~  4E-24,PRESIDENT AND VICE PRES,GLORIA ESTELA LA RIVA,3,483,0,-1,0,1,143,0.00%,4E-24.PRESIDENT AND VICE PRESIDENT.GLORIA ESTELA LA RIVA      and DENNIS J. BANKS
000088 ,1,1,028 051 115 116 189 195 196 226 229 238 241,PRES,Write_in,16,482,466,0,~  4E-24,PRESIDENT AND VICE PRES,Write_in,16,483,0,-1,0,1,143,0.00%,4E-24.PRESIDENT AND VICE PRESIDENT.Write_in
000088 ,1,1,028 051 115 116 189 195 196 226 229 238 241,PROP_51,NO,219,482,263,0,~  4E-24,PROPOSITION 51 SCHOOL B,NO,219,483,0,-1,0,1,20,0.00%,4E-24.PROPOSITION 51 SCHOOL BONDS. FUNDING FOR K-12 SCHOOL AND COMMUNITY COLLEGE FACILITIES. INITIATIVE.NO
000088 ,1,1,028 051 115 116 189 195 196 226 229 238 241,PROP_51,YES,239,482,243,0,~  4E-24,PROPOSITION 51 SCHOOL B,YES,239,483,0,-1,0,1,20,0.00%,4E-24.PROPOSITION 51 SCHOOL BONDS. FUNDING FOR K-12 SCHOOL AND COMMUNITY COLLEGE FACILITIES. INITIATIVE.YES
000088 ,1,1,028 051 115 116 189 195 196 226 229 238 241,PROP_52,NO,132,482,350,0,~  4E-24,PROPOSITION 52 MEDI-CAL,NO,132,483,0,-1,0,1,188,0.00%,4E-24.PROPOSITION 52 MEDI-CAL HOSPITAL FEE PROGRAM. INITIATIVE CONSTITUTIONAL AMENDMENT AND STATUTE..NO
000088 ,1,1,028 051 115 116 189 195 196 226 229 238 241,PROP_52,YES,320,482,162,0,~  4E-24,PROPOSITION 52 MEDI-CAL,YES,320,483,0,-1,0,1,188,0.00%,4E-24.PROPOSITION 52 MEDI-CAL HOSPITAL FEE PROGRAM. INITIATIVE CONSTITUTIONAL AMENDMENT AND STATUTE..YES
000088 ,1,1,028 051 115 116 189 195 196 226 229 238 241,PROP_54,NO,192,482,290,0,~  4E-24,PROPOSITION 54 LEGISLAT,NO,192,483,0,-1,0,1,64,0.00%,4E-24.PROPOSITION 54 LEGISLATURE. LEGISLATION AND PROCEEDINGS. INITIATIVE CONSTITUTIONAL AMENDMENT AND.NO
000088 ,1,1,028 051 115 116 189 195 196 226 229 238 241,PROP_54,YES,256,482,226,0,~  4E-24,PROPOSITION 54 LEGISLAT,YES,256,483,0,-1,0,1,64,0.00%,4E-24.PROPOSITION 54 LEGISLATURE. LEGISLATION AND PROCEEDINGS. INITIATIVE CONSTITUTIONAL AMENDMENT AND.YES
000088 ,1,2,028 051 115 116 189 195 196 226 229 238 241,PROP_55,NO,129,482,353,2,~  4E-24,PROPOSITION 55 TAX EXTE,NO,129,483,0,-1,0,1,199,0.00%,4E-24.PROPOSITION 55 TAX EXTENSION TO FUND EDUCATION AND HEALTHCARE. INITIATIVE CONSTITUTIONAL AMENDMENT..NO
000088 ,1,2,028 051 115 116 189 195 196 226 229 238 241,PROP_57,NO,151,482,331,0,~  4E-24,PROPOSITION 57 CRIMINAL,NO,151,483,0,-1,0,1,153,0.00%,4E-24.PROPOSITION 57 CRIMINAL SENTENCES. PAROLE. JUVENILE CRIMINAL PROCEEDINGS AND SENTENCING. INITIATIVE.NO
000088 ,1,2,028 051 115 116 189 195 196 226 229 238 241,PROP_57,YES,304,482,178,0,~  4E-24,PROPOSITION 57 CRIMINAL,YES,304,483,0,-1,0,1,153,0.00%,4E-24.PROPOSITION 57 CRIMINAL SENTENCES. PAROLE. JUVENILE CRIMINAL PROCEEDINGS AND SENTENCING. INITIATIVE.YES
000088 ,1,2,028 051 115 116 189 195 196 226 229 238 241,PROP_58,NO,100,482,382,0,~  4E-24,PROPOSITION 58 ENGLISH ,NO,100,483,0,-1,0,1,251,0.00%,4E-24.PROPOSITION 58 ENGLISH PROFICIENCY. MULTILINGUAL EDUCATION. INITIATIVE STATUTE..NO
000088 ,1,2,028 051 115 116 189 195 196 226 229 238 241,PROP_58,YES,351,482,131,0,~  4E-24,PROPOSITION 58 ENGLISH ,YES,351,483,0,-1,0,1,251,0.00%,4E-24.PROPOSITION 58 ENGLISH PROFICIENCY. MULTILINGUAL EDUCATION. INITIATIVE STATUTE..YES
000088 ,1,2,028 051 115 116 189 195 196 226 229 238 241,PROP_59,NO,161,482,321,0,~  4E-24,PROPOSITION 59 CORPORAT,NO,161,483,0,-1,0,1,113,0.00%,4E-24.PROPOSITION 59 CORPORATIONS. POLITICAL SPENDING. FEDERAL CONSTITUTIONAL PROTECTIONS..NO
000088 ,1,2,028 051 115 116 189 195 196 226 229 238 241,PROP_59,YES,274,482,208,0,~  4E-24,PROPOSITION 59 CORPORAT,YES,274,483,0,-1,0,1,113,0.00%,4E-24.PROPOSITION 59 CORPORATIONS. POLITICAL SPENDING. FEDERAL CONSTITUTIONAL PROTECTIONS..YES
000088 ,1,2,028 051 115 116 189 195 196 226 229 238 241,PROP_60,NO,295,482,187,0,~  4E-24,PROPOSITION 60 ADULT FI,NO,295,483,0,-1,0,1,153,0.00%,4E-24.PROPOSITION 60 ADULT FILMS. CONDOMS. HEALTH REQUIREMENTS. INITIATIVE STATUTE..NO
000088 ,1,2,028 051 115 116 189 195 196 226 229 238 241,PROP_60,YES,142,482,340,0,~  4E-24,PROPOSITION 60 ADULT FI,YES,142,483,0,-1,0,1,153,0.00%,4E-24.PROPOSITION 60 ADULT FILMS. CONDOMS. HEALTH REQUIREMENTS. INITIATIVE STATUTE..YES
000088 ,1,2,028 051 115 116 189 195 196 226 229 238 241,PROP_61,YES,261,482,221,1,~  4E-24,PROPOSITION 61 STATE PR,YES,261,483,0,-1,0,1,83,0.00%,4E-24.PROPOSITION 61 STATE PRESCRIPTION DRUG PURCHASES. PRICING STANDARDS. INITIATIVE STATUTE..YES
000088 ,1,2,028 051 115 116 189 195 196 226 229 238 241,PROP_62,NO,216,482,266,0,~  4E-24,PROPOSITION 62 DEATH PE,NO,216,483,0,-1,0,1,28,0.00%,4E-24.PROPOSITION 62 DEATH PENALTY. INITIATIVE STATUTE..NO
000088 ,1,2,028 051 115 116 189 195 196 226 229 238 241,PROP_62,YES,244,482,238,0,~  4E-24,PROPOSITION 62 DEATH PE,YES,244,483,0,-1,0,1,28,0.00%,4E-24.PROPOSITION 62 DEATH PENALTY. INITIATIVE STATUTE..YES
000088 ,2,3,028 051 116 189 195 196 226 229 238 241 242 243,PROP_63,NO,178,481,303,1,~  4E-24,PROPOSITION 63 FIREARMS,NO,178,483,0,-2,0,2,107,0.00%,4E-24.PROPOSITION 63 FIREARMS. AMMUNITION SALES. INITIATIVE STATUTE..NO
000088 ,2,3,028 051 116 189 195 196 226 229 238 241 242 243,PROP_64,NO,165,481,316,0,~  4E-24,PROPOSITION 64 MARIJUAN,NO,165,483,0,-2,0,2,134,0.00%,4E-24.PROPOSITION 64 MARIJUANA LEGALIZATION. INITIATIVE STATUTE..NO
000088 ,2,3,028 051 116 189 195 196 226 229 238 241 242 243,PROP_64,YES,299,481,182,0,~  4E-24,PROPOSITION 64 MARIJUAN,YES,299,483,0,-2,0,2,134,0.00%,4E-24.PROPOSITION 64 MARIJUANA LEGALIZATION. INITIATIVE STATUTE..YES
000088 ,2,3,028 051 116 189 195 196 226 229 238 241 242 243,PROP_65,NO,246,481,235,0,~  4E-24,PROPOSITION 65 CARRYOUT,NO,246,483,0,-2,0,2,36,0.00%,4E-24.PROPOSITION 65 CARRYOUT BAGS. CHARGES. INITIATIVE STATUTE..NO
000088 ,2,3,028 051 116 189 195 196 226 229 238 241 242 243,PROP_65,YES,210,481,271,0,~  4E-24,PROPOSITION 65 CARRYOUT,YES,210,483,0,-2,0,2,36,0.00%,4E-24.PROPOSITION 65 CARRYOUT BAGS. CHARGES. INITIATIVE STATUTE..YES
000088 ,2,3,028 051 116 189 195 196 226 229 238 241 242 243,PROP_66,NO,254,481,227,1,~  4E-24,PROPOSITION 66 DEATH PE,NO,254,483,0,-2,0,2,83,0.00%,4E-24.PROPOSITION 66 DEATH PENALTY. PROCEDURES. INITIATIVE STATUTE..NO
000088 ,2,3,028 051 116 189 195 196 226 229 238 241 242 243,PROP_67,NO,173,481,308,0,~  4E-24,PROPOSITION 67 BAN ON S,NO,173,483,0,-2,0,2,115,0.00%,4E-24.PROPOSITION 67 BAN ON SINGLE-USE PLASTIC BAGS. REFERENDUM..NO
000088 ,2,3,028 051 116 189 195 196 226 229 238 241 242 243,PROP_67,YES,288,481,193,0,~  4E-24,PROPOSITION 67 BAN ON S,YES,288,483,0,-2,0,2,115,0.00%,4E-24.PROPOSITION 67 BAN ON SINGLE-USE PLASTIC BAGS. REFERENDUM..YES
000088 ,1,1,028 051 115 116 189 195 196 226 229 238 241,STATEASS2,JIM_WOOD,316,482,166,0,~  4E-24,"STATE ASSEMBLY, DISTRIC",JIM WOOD,316,483,0,-1,0,1,199,0.00%,"4E-24.STATE ASSEMBLY, DISTRICT 2.JIM WOOD"
000088 ,1,1,028 051 115 116 189 195 196 226 229 238 241,STATEASS2,KEN_ANTON,117,482,365,0,~  4E-24,"STATE ASSEMBLY, DISTRIC",KEN ANTON,117,483,0,-1,0,1,199,0.00%,"4E-24.STATE ASSEMBLY, DISTRICT 2.KEN ANTON"
000088 ,1,1,028 051 115 116 189 195 196 226 229 238 241,USREP,DALE_K_MENSING,113,482,369,0,~  4E-24,US REPRESENTATIVE IN CO,DALE K. MENSING,113,483,0,-1,0,1,233,0.00%,"4E-24.US REPRESENTATIVE IN CONGRESS, DISTRICT 2.DALE K. MENSING"
000088 ,1,1,028 051 115 116 189 195 196 226 229 238 241,USREP,JARED_W_HUFFMAN,346,482,136,0,~  4E-24,US REPRESENTATIVE IN CO,JARED W. HUFFMAN,346,483,0,-1,0,1,233,0.00%,"4E-24.US REPRESENTATIVE IN CONGRESS, DISTRICT 2.JARED W. HUFFMAN"
000088 ,1,1,028 051 115 116 189 195 196 226 229 238 241,USSEN,KAMALA_D_HARRIS,280,482,202,0,~  4E-24,US SENATOR,KAMALA D. HARRIS,280,483,0,-1,0,1,153,0.00%,4E-24.US SENATOR.KAMALA D. HARRIS
000088 ,1,1,028 051 115 116 189 195 196 226 229 238 241,USSEN,LORETTA_L_SANCHEZ,127,482,355,0,~  4E-24,US SENATOR,LORETTA L. SANCHEZ,127,483,0,-1,0,1,153,0.00%,4E-24.US SENATOR.LORETTA L. SANCHEZ
000089 ,1,1,027 028 051 054 118 188 189 226 239 242 243,EKA_CC,HEIDI_S_MESSNER,448,699,251,0,~  4E-25,EUREKA CITY COUNCILMEMB,HEIDI S. MESSNER,448,700,0,-1,0,1,84,0.00%,4E-25.EUREKA CITY COUNCILMEMBER.HEIDI S. MESSNER
000089 ,1,1,027 028 051 054 118 188 189 226 239 242 243,EKA_CC,JOHN_B_FULLERTON,364,699,335,0,~  4E-25,EUREKA CITY COUNCILMEMB,JOHN B. FULLERTON,364,700,0,-1,0,1,84,0.00%,4E-25.EUREKA CITY COUNCILMEMBER.JOHN B. FULLERTON
000089 ,1,1,027 028 051 054 118 188 189 226 239 242 243,EKA_CC,Write_in,23,1398,1375,0,~  4E-25,EUREKA CITY COUNCILMEMB,Write_in,23,700,0,698,0,698,84,0.00%,4E-25.EUREKA CITY COUNCILMEMBER.Write_in
000089 ,2,4,027 028 051 054 117 118 188 189 226 239 242,MEAS_P,YES,329,699,370,2,~  4E-25,MEASURE P CITY OF EUREK,YES,329,700,0,-1,0,1,9,0.00%,4E-25.MEASURE P CITY OF EUREKA CHARTER AMENDMENT MEASURE..YES
000089 ,2,3,027 028 051 054 117 118 188 189 226 239 242,MEAS_Q,YES,297,699,402,0,~  4E-25,MEASURE Q HUMBOLDT COUN,YES,297,700,0,-1,0,1,20,0.00%,4E-25.MEASURE Q HUMBOLDT COUNTY CREATION OF FINANCE DEPARTMENT MEASURE..YES
000089 ,2,3,027 028 051 054 117 118 188 189 226 239 242,MEAS_R,NO,327,699,372,1,~  4E-25,MEASURE R HUMBOLDT COUN,NO,327,700,0,-1,0,1,46,0.00%,4E-25.MEASURE R HUMBOLDT COUNTY FINANCE DEPARTMENT ELECTIVE OFFICE MEASURE..NO
000089 ,2,3,027 028 051 054 117 118 188 189 226 239 242,MEAS_S,NO,183,699,516,1,~  4E-25,MEASURE S HUMBOLDT COUN,NO,183,700,0,-1,0,1,288,0.00%,4E-25.MEASURE S HUMBOLDT COUNTY COMMERCIAL MARIJUANA CULTIVATION MEASURE..NO
000089 ,2,3,027 028 051 054 117 118 188 189 226 239 242,MEAS_S,YES,471,699,228,1,~  4E-25,MEASURE S HUMBOLDT COUN,YES,471,700,0,-1,0,1,288,0.00%,4E-25.MEASURE S HUMBOLDT COUNTY COMMERCIAL MARIJUANA CULTIVATION MEASURE..YES
000089 ,2,4,027 028 051 054 117 118 188 189 226 239 242,MEAS_V,NO,326,699,373,3,~  4E-25,MEASURE V MOBILE HOME P,NO,326,700,0,-1,0,1,4,0.00%,4E-25.MEASURE V MOBILE HOME PARK SPACE RENT STABILIZATION..NO
000089 ,1,1,027 028 051 054 118 188 189 226 239 242 243,PRES,DONALD_J_TRUMP,247,699,452,0,~  4E-25,PRESIDENT AND VICE PRES,DONALD J. TRUMP      ,247,700,0,-1,0,1,127,0.00%,4E-25.PRESIDENT AND VICE PRESIDENT.DONALD J. TRUMP      and MICHAEL R. PENCE
000089 ,1,1,027 028 051 054 118 188 189 226 239 242 243,PRES,GARY_JOHNSON,20,699,679,0,~  4E-25,PRESIDENT AND VICE PRES,GARY JOHNSON      and,20,700,0,-1,0,1,127,0.00%,4E-25.PRESIDENT AND VICE PRESIDENT.GARY JOHNSON      and BILL WELD
000089 ,1,1,027 028 051 054 118 188 189 226 239 242 243,PRES,GLORIA_ESTELA_LA_RIVA,3,699,696,0,~  4E-25,PRESIDENT AND VICE PRES,GLORIA ESTELA LA RIVA,3,700,0,-1,0,1,127,0.00%,4E-25.PRESIDENT AND VICE PRESIDENT.GLORIA ESTELA LA RIVA      and DENNIS J. BANKS
000089 ,1,1,027 028 051 054 118 188 189 226 239 242 243,PRES,Write_in,24,699,675,1,~  4E-25,PRESIDENT AND VICE PRES,Write_in,24,700,0,-1,0,1,127,0.00%,4E-25.PRESIDENT AND VICE PRESIDENT.Write_in
000089 ,1,1,027 028 051 054 118 188 189 226 239 242 243,PROP_51,NO,362,699,337,0,~  4E-25,PROPOSITION 51 SCHOOL B,NO,362,700,0,-1,0,1,63,0.00%,4E-25.PROPOSITION 51 SCHOOL BONDS. FUNDING FOR K-12 SCHOOL AND COMMUNITY COLLEGE FACILITIES. INITIATIVE.NO
000089 ,1,1,027 028 051 054 118 188 189 226 239 242 243,PROP_51,YES,299,699,400,0,~  4E-25,PROPOSITION 51 SCHOOL B,YES,299,700,0,-1,0,1,63,0.00%,4E-25.PROPOSITION 51 SCHOOL BONDS. FUNDING FOR K-12 SCHOOL AND COMMUNITY COLLEGE FACILITIES. INITIATIVE.YES
000089 ,1,2,027 028 051 054 118 188 189 226 239 242 243,PROP_55,YES,413,698,285,0,~  4E-25,PROPOSITION 55 TAX EXTE,YES,413,700,0,-2,0,2,160,0.00%,4E-25.PROPOSITION 55 TAX EXTENSION TO FUND EDUCATION AND HEALTHCARE. INITIATIVE CONSTITUTIONAL AMENDMENT..YES
000089 ,1,2,027 028 051 054 118 188 189 226 239 242 243,PROP_56,NO,281,698,417,2,~  4E-25,PROPOSITION 56 CIGARETT,NO,281,700,0,-2,0,2,113,0.00%,"4E-25.PROPOSITION 56 CIGARETTE TAX TO FUND HEALTHCARE, TOBACCO USE PREVENTION, RESEARCH, AND.NO"
000089 ,1,2,027 028 051 054 118 188 189 226 239 242 243,PROP_58,NO,143,698,555,0,~  4E-25,PROPOSITION 58 ENGLISH ,NO,143,700,0,-2,0,2,376,0.00%,4E-25.PROPOSITION 58 ENGLISH PROFICIENCY. MULTILINGUAL EDUCATION. INITIATIVE STATUTE..NO
000089 ,1,2,027 028 051 054 118 188 189 226 239 242 243,PROP_61,NO,341,698,357,3,~  4E-25,PROPOSITION 61 STATE PR,NO,341,700,0,-2,0,2,40,0.00%,4E-25.PROPOSITION 61 STATE PRESCRIPTION DRUG PURCHASES. PRICING STANDARDS. INITIATIVE STATUTE..NO
000089 ,1,2,027 028 051 054 118 188 189 226 239 242 243,PROP_62,NO,330,698,368,1,~  4E-25,PROPOSITION 62 DEATH PE,NO,330,700,0,-2,0,2,11,0.00%,4E-25.PROPOSITION 62 DEATH PENALTY. INITIATIVE STATUTE..NO
000089 ,2,3,027 028 051 054 117 118 188 189 226 239 242,PROP_63,NO,330,699,369,2,~  4E-25,PROPOSITION 63 FIREARMS,NO,330,700,0,-1,0,1,15,0.00%,4E-25.PROPOSITION 63 FIREARMS. AMMUNITION SALES. INITIATIVE STATUTE..NO
000089 ,2,3,027 028 051 054 117 118 188 189 226 239 242,PROP_65,NO,422,699,277,1,~  4E-25,PROPOSITION 65 CARRYOUT,NO,422,700,0,-1,0,1,184,0.00%,4E-25.PROPOSITION 65 CARRYOUT BAGS. CHARGES. INITIATIVE STATUTE..NO
000089 ,2,3,027 028 051 054 117 118 188 189 226 239 242,PROP_65,YES,238,699,461,1,~  4E-25,PROPOSITION 65 CARRYOUT,YES,238,700,0,-1,0,1,184,0.00%,4E-25.PROPOSITION 65 CARRYOUT BAGS. CHARGES. INITIATIVE STATUTE..YES
000089 ,2,3,027 028 051 054 117 118 188 189 226 239 242,PROP_66,YES,286,699,413,0,~  4E-25,PROPOSITION 66 DEATH PE,YES,286,700,0,-1,0,1,61,0.00%,4E-25.PROPOSITION 66 DEATH PENALTY. PROCEDURES. INITIATIVE STATUTE..YES
000089 ,2,3,027 028 051 054 117 118 188 189 226 239 242,PROP_67,NO,287,699,412,0,~  4E-25,PROPOSITION 67 BAN ON S,NO,287,700,0,-1,0,1,101,0.00%,4E-25.PROPOSITION 67 BAN ON SINGLE-USE PLASTIC BAGS. REFERENDUM..NO
000089 ,1,1,027 028 051 054 118 188 189 226 239 242 243,STATEASS2,KEN_ANTON,197,699,502,0,~  4E-25,"STATE ASSEMBLY, DISTRIC",KEN ANTON,197,700,0,-1,0,1,227,0.00%,"4E-25.STATE ASSEMBLY, DISTRICT 2.KEN ANTON"
000089 ,1,1,027 028 051 054 118 188 189 226 239 242 243,USREP,DALE_K_MENSING,208,699,491,0,~  4E-25,US REPRESENTATIVE IN CO,DALE K. MENSING,208,700,0,-1,0,1,241,0.00%,"4E-25.US REPRESENTATIVE IN CONGRESS, DISTRICT 2.DALE K. MENSING"
000089 ,1,1,027 028 051 054 118 188 189 226 239 242 243,USSEN,KAMALA_D_HARRIS,370,699,329,0,~  4E-25,US SENATOR,KAMALA D. HARRIS,370,700,0,-1,0,1,207,0.00%,4E-25.US SENATOR.KAMALA D. HARRIS
000089 ,1,1,027 028 051 054 118 188 189 226 239 242 243,USSEN,LORETTA_L_SANCHEZ,163,699,536,0,~  4E-25,US SENATOR,LORETTA L. SANCHEZ,163,700,0,-1,0,1,207,0.00%,4E-25.US SENATOR.LORETTA L. SANCHEZ
000091 ,1,1,029 117 196 197 226 229 239,EKA_CC,AUSTIN_ALLISON,243,428,185,1,~  4E-31,EUREKA CITY COUNCILMEMB,AUSTIN ALLISON,243,429,0,-1,0,1,3,0.00%,4E-31.EUREKA CITY COUNCILMEMBER.AUSTIN ALLISON
000091 ,1,1,029 117 196 197 226 229 239,EKA_CC,Write_in,30,856,826,0,~  4E-31,EUREKA CITY COUNCILMEMB,Write_in,30,429,0,427,0,427,3,0.00%,4E-31.EUREKA CITY COUNCILMEMBER.Write_in
000091 ,2,4,029 117 196 197 226 229 239,MEAS_P,NO,135,428,293,1,~  4E-31,MEASURE P CITY OF EUREK,NO,135,429,0,-1,0,1,116,0.00%,4E-31.MEASURE P CITY OF EUREKA CHARTER AMENDMENT MEASURE..NO
000091 ,2,3,029 117 196 197 226 229 239,MEAS_Q,NO,162,428,266,0,~  4E-31,MEASURE Q HUMBOLDT COUN,NO,162,429,0,-1,0,1,47,0.00%,4E-31.MEASURE Q HUMBOLDT COUNTY CREATION OF FINANCE DEPARTMENT MEASURE..NO
000091 ,2,3,029 117 196 197 226 229 239,MEAS_R,YES,228,428,200,1,~  4E-31,MEASURE R HUMBOLDT COUN,YES,228,429,0,-1,0,1,90,0.00%,4E-31.MEASURE R HUMBOLDT COUNTY FINANCE DEPARTMENT ELECTIVE OFFICE MEASURE..YES
000091 ,2,3,029 117 196 197 226 229 239,MEAS_S,NO,126,428,302,0,~  4E-31,MEASURE S HUMBOLDT COUN,NO,126,429,0,-1,0,1,144,0.00%,4E-31.MEASURE S HUMBOLDT COUNTY COMMERCIAL MARIJUANA CULTIVATION MEASURE..NO
000091 ,2,3,029 117 196 197 226 229 239,MEAS_S,YES,270,428,158,0,~  4E-31,MEASURE S HUMBOLDT COUN,YES,270,429,0,-1,0,1,144,0.00%,4E-31.MEASURE S HUMBOLDT COUNTY COMMERCIAL MARIJUANA CULTIVATION MEASURE..YES
000091 ,2,3,029 117 196 197 226 229 239,MEAS_U,NO,160,428,268,0,~  4E-31,MEASURE U LOCAL TRANSPO,NO,160,429,0,-1,0,1,71,0.00%,4E-31.MEASURE U LOCAL TRANSPORTATION AUTHORITY RETAIL TRANSACTIONS AND USE TAX..NO
000091 ,2,3,029 117 196 197 226 229 239,MEAS_U,YES,231,428,197,0,~  4E-31,MEASURE U LOCAL TRANSPO,YES,231,429,0,-1,0,1,71,0.00%,4E-31.MEASURE U LOCAL TRANSPORTATION AUTHORITY RETAIL TRANSACTIONS AND USE TAX..YES
000091 ,2,4,029 117 196 197 226 229 239,MEAS_V,NO,140,428,288,0,~  4E-31,MEASURE V MOBILE HOME P,NO,140,429,0,-1,0,1,117,0.00%,4E-31.MEASURE V MOBILE HOME PARK SPACE RENT STABILIZATION..NO
000091 ,2,4,029 117 196 197 226 229 239,MEAS_V,YES,257,428,171,0,~  4E-31,MEASURE V MOBILE HOME P,YES,257,429,0,-1,0,1,117,0.00%,4E-31.MEASURE V MOBILE HOME PARK SPACE RENT STABILIZATION..YES
000091 ,1,1,029 117 196 197 226 229 239,PRES,GARY_JOHNSON,11,428,417,0,~  4E-31,PRESIDENT AND VICE PRES,GARY JOHNSON      and,11,429,0,-1,0,1,198,0.00%,4E-31.PRESIDENT AND VICE PRESIDENT.GARY JOHNSON      and BILL WELD
000091 ,1,1,029 117 196 197 226 229 239,PRES,GLORIA_ESTELA_LA_RIVA,6,428,422,0,~  4E-31,PRESIDENT AND VICE PRES,GLORIA ESTELA LA RIVA,6,429,0,-1,0,1,198,0.00%,4E-31.PRESIDENT AND VICE PRESIDENT.GLORIA ESTELA LA RIVA      and DENNIS J. BANKS
000091 ,1,1,029 117 196 197 226 229 239,PRES,HILLARY_CLINTON,277,428,151,1,~  4E-31,PRESIDENT AND VICE PRES,HILLARY CLINTON      ,277,429,0,-1,0,1,198,0.00%,4E-31.PRESIDENT AND VICE PRESIDENT.HILLARY CLINTON      and TIM KAINE
000091 ,1,1,029 117 196 197 226 229 239,PRES,Write_in,14,428,414,0,~  4E-31,PRESIDENT AND VICE PRES,Write_in,14,429,0,-1,0,1,198,0.00%,4E-31.PRESIDENT AND VICE PRESIDENT.Write_in
000091 ,1,1,029 117 196 197 226 229 239,PROP_52,NO,84,428,344,2,~  4E-31,PROPOSITION 52 MEDI-CAL,NO,84,429,0,-1,0,1,237,0.00%,4E-31.PROPOSITION 52 MEDI-CAL HOSPITAL FEE PROGRAM. INITIATIVE CONSTITUTIONAL AMENDMENT AND STATUTE..NO
000091 ,1,1,029 117 196 197 226 229 239,PROP_53,NO,195,428,233,0,~  4E-31,PROPOSITION 53 REVENUE ,NO,195,429,0,-1,0,1,3,0.00%,4E-31.PROPOSITION 53 REVENUE BONDS. STATEWIDE VOTER APPROVAL. INITIATIVE CONSTITUTIONAL AMENDMENT..NO
000091 ,1,1,029 117 196 197 226 229 239,PROP_53,YES,192,428,236,0,~  4E-31,PROPOSITION 53 REVENUE ,YES,192,429,0,-1,0,1,3,0.00%,4E-31.PROPOSITION 53 REVENUE BONDS. STATEWIDE VOTER APPROVAL. INITIATIVE CONSTITUTIONAL AMENDMENT..YES
000091 ,1,1,029 117 196 197 226 229 239,PROP_54,YES,254,428,174,1,~  4E-31,PROPOSITION 54 LEGISLAT,YES,254,429,0,-1,0,1,112,0.00%,4E-31.PROPOSITION 54 LEGISLATURE. LEGISLATION AND PROCEEDINGS. INITIATIVE CONSTITUTIONAL AMENDMENT AND.YES
000091 ,1,2,029 117 196 197 226 229 239,PROP_56,YES,264,427,163,0,~  4E-31,PROPOSITION 56 CIGARETT,YES,264,429,0,-2,0,2,115,0.00%,"4E-31.PROPOSITION 56 CIGARETTE TAX TO FUND HEALTHCARE, TOBACCO USE PREVENTION, RESEARCH, AND.YES"
000091 ,1,2,029 117 196 197 226 229 239,PROP_57,NO,88,427,339,1,~  4E-31,PROPOSITION 57 CRIMINAL,NO,88,429,0,-2,0,2,232,0.00%,4E-31.PROPOSITION 57 CRIMINAL SENTENCES. PAROLE. JUVENILE CRIMINAL PROCEEDINGS AND SENTENCING. INITIATIVE.NO
000091 ,1,2,029 117 196 197 226 229 239,PROP_58,NO,58,427,369,0,~  4E-31,PROPOSITION 58 ENGLISH ,NO,58,429,0,-2,0,2,287,0.00%,4E-31.PROPOSITION 58 ENGLISH PROFICIENCY. MULTILINGUAL EDUCATION. INITIATIVE STATUTE..NO
000091 ,1,2,029 117 196 197 226 229 239,PROP_59,NO,129,427,298,1,~  4E-31,PROPOSITION 59 CORPORAT,NO,129,429,0,-2,0,2,132,0.00%,4E-31.PROPOSITION 59 CORPORATIONS. POLITICAL SPENDING. FEDERAL CONSTITUTIONAL PROTECTIONS..NO
000091 ,1,2,029 117 196 197 226 229 239,PROP_59,YES,261,427,166,1,~  4E-31,PROPOSITION 59 CORPORAT,YES,261,429,0,-2,0,2,132,0.00%,4E-31.PROPOSITION 59 CORPORATIONS. POLITICAL SPENDING. FEDERAL CONSTITUTIONAL PROTECTIONS..YES
000091 ,1,2,029 117 196 197 226 229 239,PROP_61,NO,136,427,291,2,~  4E-31,PROPOSITION 61 STATE PR,NO,136,429,0,-2,0,2,114,0.00%,4E-31.PROPOSITION 61 STATE PRESCRIPTION DRUG PURCHASES. PRICING STANDARDS. INITIATIVE STATUTE..NO
000091 ,2,3,029 117 196 197 226 229 239,PROP_63,YES,262,428,166,2,~  4E-31,PROPOSITION 63 FIREARMS,YES,262,429,0,-1,0,1,111,0.00%,4E-31.PROPOSITION 63 FIREARMS. AMMUNITION SALES. INITIATIVE STATUTE..YES
000091 ,2,3,029 117 196 197 226 229 239,PROP_64,NO,117,428,311,0,~  4E-31,PROPOSITION 64 MARIJUAN,NO,117,429,0,-1,0,1,190,0.00%,4E-31.PROPOSITION 64 MARIJUANA LEGALIZATION. INITIATIVE STATUTE..NO
000091 ,2,3,029 117 196 197 226 229 239,PROP_64,YES,307,428,121,0,~  4E-31,PROPOSITION 64 MARIJUAN,YES,307,429,0,-1,0,1,190,0.00%,4E-31.PROPOSITION 64 MARIJUANA LEGALIZATION. INITIATIVE STATUTE..YES
000091 ,2,3,029 117 196 197 226 229 239,PROP_66,NO,226,428,202,0,~  4E-31,PROPOSITION 66 DEATH PE,NO,226,429,0,-1,0,1,63,0.00%,4E-31.PROPOSITION 66 DEATH PENALTY. PROCEDURES. INITIATIVE STATUTE..NO
000091 ,2,3,029 117 196 197 226 229 239,PROP_66,YES,163,428,265,0,~  4E-31,PROPOSITION 66 DEATH PE,YES,163,429,0,-1,0,1,63,0.00%,4E-31.PROPOSITION 66 DEATH PENALTY. PROCEDURES. INITIATIVE STATUTE..YES
000091 ,2,3,029 117 196 197 226 229 239,PROP_67,NO,132,428,296,0,~  4E-31,PROPOSITION 67 BAN ON S,NO,132,429,0,-1,0,1,145,0.00%,4E-31.PROPOSITION 67 BAN ON SINGLE-USE PLASTIC BAGS. REFERENDUM..NO
000091 ,2,3,029 117 196 197 226 229 239,PROP_67,YES,277,428,151,0,~  4E-31,PROPOSITION 67 BAN ON S,YES,277,429,0,-1,0,1,145,0.00%,4E-31.PROPOSITION 67 BAN ON SINGLE-USE PLASTIC BAGS. REFERENDUM..YES
000091 ,1,1,029 117 196 197 226 229 239,STATEASS2,JIM_WOOD,281,428,147,0,~  4E-31,"STATE ASSEMBLY, DISTRIC",JIM WOOD,281,429,0,-1,0,1,189,0.00%,"4E-31.STATE ASSEMBLY, DISTRICT 2.JIM WOOD"
000091 ,1,1,029 117 196 197 226 229 239,STATEASS2,KEN_ANTON,92,428,336,0,~  4E-31,"STATE ASSEMBLY, DISTRIC",KEN ANTON,92,429,0,-1,0,1,189,0.00%,"4E-31.STATE ASSEMBLY, DISTRICT 2.KEN ANTON"
000091 ,1,1,029 117 196 197 226 229 239,USREP,DALE_K_MENSING,80,428,348,0,~  4E-31,US REPRESENTATIVE IN CO,DALE K. MENSING,80,429,0,-1,0,1,240,0.00%,"4E-31.US REPRESENTATIVE IN CONGRESS, DISTRICT 2.DALE K. MENSING"
000092 ,1,1,028 029 054 116 196 226 239 241,EKA_CC,AUSTIN_ALLISON,243,449,206,1,~  4E-32,EUREKA CITY COUNCILMEMB,AUSTIN ALLISON,243,449,0,0,0,0,53,0.00%,4E-32.EUREKA CITY COUNCILMEMBER.AUSTIN ALLISON
000092 ,1,1,028 029 054 116 196 226 239 241,EKA_CC,HEIDI_S_MESSNER,296,449,153,0,~  4E-32,EUREKA CITY COUNCILMEMB,HEIDI S. MESSNER,296,449,0,0,0,0,53,0.00%,4E-32.EUREKA CITY COUNCILMEMBER.HEIDI S. MESSNER
000092 ,1,1,028 029 054 116 196 226 239 241,EKA_CC,Write_in,13,898,885,0,~  4E-32,EUREKA CITY COUNCILMEMB,Write_in,13,449,0,449,0,449,53,0.00%,4E-32.EUREKA CITY COUNCILMEMBER.Write_in
000092 ,2,4,028 029 054 116 117 196 226 239 241 243,MEAS_O,YES,245,450,205,1,~  4E-32,MEASURE O CITY OF EUREK,YES,245,449,0,1,0,1,104,0.00%,4E-32.MEASURE O CITY OF EUREKA LOW INCOME HOUSING UNITS..YES
000092 ,2,4,028 029 054 116 117 196 226 239 241 243,MEAS_P,YES,221,450,229,1,~  4E-32,MEASURE P CITY OF EUREK,YES,221,449,0,1,0,1,50,0.00%,4E-32.MEASURE P CITY OF EUREKA CHARTER AMENDMENT MEASURE..YES
000092 ,2,3,028 029 054 116 117 196 226 239 241 243,MEAS_Q,YES,180,449,269,1,~  4E-32,MEASURE Q HUMBOLDT COUN,YES,180,449,0,0,0,0,26,0.00%,4E-32.MEASURE Q HUMBOLDT COUNTY CREATION OF FINANCE DEPARTMENT MEASURE..YES
000092 ,2,3,028 029 054 116 117 196 226 239 241 243,MEAS_R,YES,204,449,245,0,~  4E-32,MEASURE R HUMBOLDT COUN,YES,204,449,0,0,0,0,34,0.00%,4E-32.MEASURE R HUMBOLDT COUNTY FINANCE DEPARTMENT ELECTIVE OFFICE MEASURE..YES
000092 ,2,3,028 029 054 116 117 196 226 239 241 243,MEAS_U,YES,228,449,221,0,~  4E-32,MEASURE U LOCAL TRANSPO,YES,228,449,0,0,0,0,49,0.00%,4E-32.MEASURE U LOCAL TRANSPORTATION AUTHORITY RETAIL TRANSACTIONS AND USE TAX..YES
000092 ,2,4,028 029 054 116 117 196 226 239 241 243,MEAS_V,YES,262,450,188,1,~  4E-32,MEASURE V MOBILE HOME P,YES,262,449,0,1,0,1,116,0.00%,4E-32.MEASURE V MOBILE HOME PARK SPACE RENT STABILIZATION..YES
000092 ,1,1,028 029 054 116 196 226 239 241,PRES,DONALD_J_TRUMP,100,449,349,0,~  4E-32,PRESIDENT AND VICE PRES,DONALD J. TRUMP      ,100,449,0,0,0,0,178,0.00%,4E-32.PRESIDENT AND VICE PRESIDENT.DONALD J. TRUMP      and MICHAEL R. PENCE
000092 ,1,1,028 029 054 116 196 226 239 241,PRES,GARY_JOHNSON,12,449,437,0,~  4E-32,PRESIDENT AND VICE PRES,GARY JOHNSON      and,12,449,0,0,0,0,178,0.00%,4E-32.PRESIDENT AND VICE PRESIDENT.GARY JOHNSON      and BILL WELD
000092 ,1,1,028 029 054 116 196 226 239 241,PRES,GLORIA_ESTELA_LA_RIVA,1,449,448,0,~  4E-32,PRESIDENT AND VICE PRES,GLORIA ESTELA LA RIVA,1,449,0,0,0,0,178,0.00%,4E-32.PRESIDENT AND VICE PRESIDENT.GLORIA ESTELA LA RIVA      and DENNIS J. BANKS
000092 ,1,1,028 029 054 116 196 226 239 241,PRES,HILLARY_CLINTON,278,449,171,0,~  4E-32,PRESIDENT AND VICE PRES,HILLARY CLINTON      ,278,449,0,0,0,0,178,0.00%,4E-32.PRESIDENT AND VICE PRESIDENT.HILLARY CLINTON      and TIM KAINE
000092 ,1,1,028 029 054 116 196 226 239 241,PROP_51,NO,177,449,272,1,~  4E-32,PROPOSITION 51 SCHOOL B,NO,177,449,0,0,0,0,70,0.00%,4E-32.PROPOSITION 51 SCHOOL BONDS. FUNDING FOR K-12 SCHOOL AND COMMUNITY COLLEGE FACILITIES. INITIATIVE.NO
000092 ,1,1,028 029 054 116 196 226 239 241,PROP_52,YES,324,449,125,1,~  4E-32,PROPOSITION 52 MEDI-CAL,YES,324,449,0,0,0,0,219,0.00%,4E-32.PROPOSITION 52 MEDI-CAL HOSPITAL FEE PROGRAM. INITIATIVE CONSTITUTIONAL AMENDMENT AND STATUTE..YES
000092 ,1,1,028 029 054 116 196 226 239 241,PROP_53,YES,194,449,255,1,~  4E-32,PROPOSITION 53 REVENUE ,YES,194,449,0,0,0,0,25,0.00%,4E-32.PROPOSITION 53 REVENUE BONDS. STATEWIDE VOTER APPROVAL. INITIATIVE CONSTITUTIONAL AMENDMENT..YES
000092 ,1,1,028 029 054 116 196 226 239 241,PROP_54,NO,160,449,289,1,~  4E-32,PROPOSITION 54 LEGISLAT,NO,160,449,0,0,0,0,102,0.00%,4E-32.PROPOSITION 54 LEGISLATURE. LEGISLATION AND PROCEEDINGS. INITIATIVE CONSTITUTIONAL AMENDMENT AND.NO
000092 ,1,2,028 029 054 116 196 226 239 241,PROP_55,NO,100,448,348,0,~  4E-32,PROPOSITION 55 TAX EXTE,NO,100,449,0,-1,0,1,228,0.00%,4E-32.PROPOSITION 55 TAX EXTENSION TO FUND EDUCATION AND HEALTHCARE. INITIATIVE CONSTITUTIONAL AMENDMENT..NO
000092 ,1,2,028 029 054 116 196 226 239 241,PROP_57,NO,125,448,323,0,~  4E-32,PROPOSITION 57 CRIMINAL,NO,125,449,0,-1,0,1,169,0.00%,4E-32.PROPOSITION 57 CRIMINAL SENTENCES. PAROLE. JUVENILE CRIMINAL PROCEEDINGS AND SENTENCING. INITIATIVE.NO
000092 ,1,2,028 029 054 116 196 226 239 241,PROP_58,NO,89,448,359,0,~  4E-32,PROPOSITION 58 ENGLISH ,NO,89,449,0,-1,0,1,244,0.00%,4E-32.PROPOSITION 58 ENGLISH PROFICIENCY. MULTILINGUAL EDUCATION. INITIATIVE STATUTE..NO
000092 ,1,2,028 029 054 116 196 226 239 241,PROP_59,YES,271,448,177,1,~  4E-32,PROPOSITION 59 CORPORAT,YES,271,449,0,-1,0,1,132,0.00%,4E-32.PROPOSITION 59 CORPORATIONS. POLITICAL SPENDING. FEDERAL CONSTITUTIONAL PROTECTIONS..YES
000092 ,1,2,028 029 054 116 196 226 239 241,PROP_60,NO,236,448,212,0,~  4E-32,PROPOSITION 60 ADULT FI,NO,236,449,0,-1,0,1,60,0.00%,4E-32.PROPOSITION 60 ADULT FILMS. CONDOMS. HEALTH REQUIREMENTS. INITIATIVE STATUTE..NO
000092 ,1,2,028 029 054 116 196 226 239 241,PROP_62,YES,246,448,202,2,~  4E-32,PROPOSITION 62 DEATH PE,YES,246,449,0,-1,0,1,65,0.00%,4E-32.PROPOSITION 62 DEATH PENALTY. INITIATIVE STATUTE..YES
000092 ,2,3,028 029 054 116 117 196 226 239 241 243,PROP_63,NO,180,449,269,0,~  4E-32,PROPOSITION 63 FIREARMS,NO,180,449,0,0,0,0,79,0.00%,4E-32.PROPOSITION 63 FIREARMS. AMMUNITION SALES. INITIATIVE STATUTE..NO
000092 ,1,1,028 029 054 116 196 226 239 241,STATEASS2,JIM_WOOD,310,449,139,0,~  4E-32,"STATE ASSEMBLY, DISTRIC",JIM WOOD,310,449,0,0,0,0,222,0.00%,"4E-32.STATE ASSEMBLY, DISTRICT 2.JIM WOOD"
000092 ,1,1,028 029 054 116 196 226 239 241,STATEASS2,KEN_ANTON,88,449,361,0,~  4E-32,"STATE ASSEMBLY, DISTRIC",KEN ANTON,88,449,0,0,0,0,222,0.00%,"4E-32.STATE ASSEMBLY, DISTRICT 2.KEN ANTON"
000092 ,1,1,028 029 054 116 196 226 239 241,USREP,DALE_K_MENSING,82,449,367,0,~  4E-32,US REPRESENTATIVE IN CO,DALE K. MENSING,82,449,0,0,0,0,255,0.00%,"4E-32.US REPRESENTATIVE IN CONGRESS, DISTRICT 2.DALE K. MENSING"
000092 ,1,1,028 029 054 116 196 226 239 241,USREP,JARED_W_HUFFMAN,337,449,112,0,~  4E-32,US REPRESENTATIVE IN CO,JARED W. HUFFMAN,337,449,0,0,0,0,255,0.00%,"4E-32.US REPRESENTATIVE IN CONGRESS, DISTRICT 2.JARED W. HUFFMAN"
000092 ,1,1,028 029 054 116 196 226 239 241,USSEN,KAMALA_D_HARRIS,256,449,193,0,~  4E-32,US SENATOR,KAMALA D. HARRIS,256,449,0,0,0,0,134,0.00%,4E-32.US SENATOR.KAMALA D. HARRIS
000092 ,1,1,028 029 054 116 196 226 239 241,USSEN,LORETTA_L_SANCHEZ,122,449,327,0,~  4E-32,US SENATOR,LORETTA L. SANCHEZ,122,449,0,0,0,0,134,0.00%,4E-32.US SENATOR.LORETTA L. SANCHEZ
000093 ,1,1,028 054 119 193 194 226 229 239 243,EKA_CC,HEIDI_S_MESSNER,324,503,179,0,~  4E-33,EUREKA CITY COUNCILMEMB,HEIDI S. MESSNER,324,502,0,1,0,1,46,0.00%,4E-33.EUREKA CITY COUNCILMEMBER.HEIDI S. MESSNER
000093 ,1,1,028 054 119 193 194 226 229 239 243,EKA_CC,JOHN_B_FULLERTON,160,503,343,0,~  4E-33,EUREKA CITY COUNCILMEMB,JOHN B. FULLERTON,160,502,0,1,0,1,46,0.00%,4E-33.EUREKA CITY COUNCILMEMBER.JOHN B. FULLERTON
000093 ,1,1,028 054 119 193 194 226 229 239 243,EKA_CC,Write_in,22,1006,984,0,~  4E-33,EUREKA CITY COUNCILMEMB,Write_in,22,502,0,504,0,504,46,0.00%,4E-33.EUREKA CITY COUNCILMEMBER.Write_in
000093 ,2,4,028 054 118 119 193 194 226 239 243,MEAS_O,NO,154,498,344,1,~  4E-33,MEASURE O CITY OF EUREK,NO,154,502,0,-4,0,4,123,0.00%,4E-33.MEASURE O CITY OF EUREKA LOW INCOME HOUSING UNITS..NO
000093 ,2,4,028 054 118 119 193 194 226 239 243,MEAS_P,NO,170,498,328,1,~  4E-33,MEASURE P CITY OF EUREK,NO,170,502,0,-4,0,4,98,0.00%,4E-33.MEASURE P CITY OF EUREKA CHARTER AMENDMENT MEASURE..NO
000093 ,2,3,028 054 118 119 193 194 226 239 243,MEAS_Q,NO,207,498,291,2,~  4E-33,MEASURE Q HUMBOLDT COUN,NO,207,502,0,-4,0,4,2,0.00%,4E-33.MEASURE Q HUMBOLDT COUNTY CREATION OF FINANCE DEPARTMENT MEASURE..NO
000093 ,2,3,028 054 118 119 193 194 226 239 243,MEAS_S,YES,311,498,187,1,~  4E-33,MEASURE S HUMBOLDT COUN,YES,311,502,0,-4,0,4,164,0.00%,4E-33.MEASURE S HUMBOLDT COUNTY COMMERCIAL MARIJUANA CULTIVATION MEASURE..YES
000093 ,2,3,028 054 118 119 193 194 226 239 243,MEAS_U,NO,206,498,292,0,~  4E-33,MEASURE U LOCAL TRANSPO,NO,206,502,0,-4,0,4,33,0.00%,4E-33.MEASURE U LOCAL TRANSPORTATION AUTHORITY RETAIL TRANSACTIONS AND USE TAX..NO
000093 ,1,1,028 054 119 193 194 226 229 239 243,PRES,DONALD_J_TRUMP,118,503,385,0,~  4E-33,PRESIDENT AND VICE PRES,DONALD J. TRUMP      ,118,502,0,1,0,1,188,0.00%,4E-33.PRESIDENT AND VICE PRESIDENT.DONALD J. TRUMP      and MICHAEL R. PENCE
000093 ,1,1,028 054 119 193 194 226 229 239 243,PRES,GARY_JOHNSON,31,503,472,0,~  4E-33,PRESIDENT AND VICE PRES,GARY JOHNSON      and,31,502,0,1,0,1,188,0.00%,4E-33.PRESIDENT AND VICE PRESIDENT.GARY JOHNSON      and BILL WELD
000093 ,1,1,028 054 119 193 194 226 229 239 243,PRES,GLORIA_ESTELA_LA_RIVA,2,503,501,0,~  4E-33,PRESIDENT AND VICE PRES,GLORIA ESTELA LA RIVA,2,502,0,1,0,1,188,0.00%,4E-33.PRESIDENT AND VICE PRESIDENT.GLORIA ESTELA LA RIVA      and DENNIS J. BANKS
000093 ,1,1,028 054 119 193 194 226 229 239 243,PRES,JILL_STEIN,24,503,479,0,~  4E-33,PRESIDENT AND VICE PRES,JILL STEIN      and A,24,502,0,1,0,1,188,0.00%,4E-33.PRESIDENT AND VICE PRESIDENT.JILL STEIN      and AJAMU BARAKA
000093 ,1,1,028 054 119 193 194 226 229 239 243,PRES,Write_in,15,503,488,0,~  4E-33,PRESIDENT AND VICE PRES,Write_in,15,502,0,1,0,1,188,0.00%,4E-33.PRESIDENT AND VICE PRESIDENT.Write_in
000093 ,1,1,028 054 119 193 194 226 229 239 243,PROP_51,NO,179,503,324,0,~  4E-33,PROPOSITION 51 SCHOOL B,NO,179,502,0,1,0,1,114,0.00%,4E-33.PROPOSITION 51 SCHOOL BONDS. FUNDING FOR K-12 SCHOOL AND COMMUNITY COLLEGE FACILITIES. INITIATIVE.NO
000093 ,1,1,028 054 119 193 194 226 229 239 243,PROP_51,YES,293,503,210,0,~  4E-33,PROPOSITION 51 SCHOOL B,YES,293,502,0,1,0,1,114,0.00%,4E-33.PROPOSITION 51 SCHOOL BONDS. FUNDING FOR K-12 SCHOOL AND COMMUNITY COLLEGE FACILITIES. INITIATIVE.YES
000093 ,1,1,028 054 119 193 194 226 229 239 243,PROP_52,YES,358,503,145,1,~  4E-33,PROPOSITION 52 MEDI-CAL,YES,358,502,0,1,0,1,255,0.00%,4E-33.PROPOSITION 52 MEDI-CAL HOSPITAL FEE PROGRAM. INITIATIVE CONSTITUTIONAL AMENDMENT AND STATUTE..YES
000093 ,1,1,028 054 119 193 194 226 229 239 243,PROP_53,NO,252,503,251,0,~  4E-33,PROPOSITION 53 REVENUE ,NO,252,502,0,1,0,1,55,0.00%,4E-33.PROPOSITION 53 REVENUE BONDS. STATEWIDE VOTER APPROVAL. INITIATIVE CONSTITUTIONAL AMENDMENT..NO
000093 ,1,1,028 054 119 193 194 226 229 239 243,PROP_53,YES,197,503,306,0,~  4E-33,PROPOSITION 53 REVENUE ,YES,197,502,0,1,0,1,55,0.00%,4E-33.PROPOSITION 53 REVENUE BONDS. STATEWIDE VOTER APPROVAL. INITIATIVE CONSTITUTIONAL AMENDMENT..YES
000093 ,1,1,028 054 119 193 194 226 229 239 243,PROP_54,NO,177,503,326,0,~  4E-33,PROPOSITION 54 LEGISLAT,NO,177,502,0,1,0,1,102,0.00%,4E-33.PROPOSITION 54 LEGISLATURE. LEGISLATION AND PROCEEDINGS. INITIATIVE CONSTITUTIONAL AMENDMENT AND.NO
000093 ,1,2,028 054 119 193 194 226 229 239 243,PROP_57,NO,109,503,394,0,~  4E-33,PROPOSITION 57 CRIMINAL,NO,109,502,0,1,0,1,251,0.00%,4E-33.PROPOSITION 57 CRIMINAL SENTENCES. PAROLE. JUVENILE CRIMINAL PROCEEDINGS AND SENTENCING. INITIATIVE.NO
000093 ,1,2,028 054 119 193 194 226 229 239 243,PROP_57,YES,360,503,143,0,~  4E-33,PROPOSITION 57 CRIMINAL,YES,360,502,0,1,0,1,251,0.00%,4E-33.PROPOSITION 57 CRIMINAL SENTENCES. PAROLE. JUVENILE CRIMINAL PROCEEDINGS AND SENTENCING. INITIATIVE.YES
000093 ,1,2,028 054 119 193 194 226 229 239 243,PROP_58,NO,78,503,425,1,~  4E-33,PROPOSITION 58 ENGLISH ,NO,78,502,0,1,0,1,310,0.00%,4E-33.PROPOSITION 58 ENGLISH PROFICIENCY. MULTILINGUAL EDUCATION. INITIATIVE STATUTE..NO
000093 ,1,2,028 054 119 193 194 226 229 239 243,PROP_59,NO,134,503,369,0,~  4E-33,PROPOSITION 59 CORPORAT,NO,134,502,0,1,0,1,179,0.00%,4E-33.PROPOSITION 59 CORPORATIONS. POLITICAL SPENDING. FEDERAL CONSTITUTIONAL PROTECTIONS..NO
000093 ,1,2,028 054 119 193 194 226 229 239 243,PROP_61,YES,271,503,232,1,~  4E-33,PROPOSITION 61 STATE PR,YES,271,502,0,1,0,1,90,0.00%,4E-33.PROPOSITION 61 STATE PRESCRIPTION DRUG PURCHASES. PRICING STANDARDS. INITIATIVE STATUTE..YES
000093 ,1,2,028 054 119 193 194 226 229 239 243,PROP_62,NO,203,503,300,1,~  4E-33,PROPOSITION 62 DEATH PE,NO,203,502,0,1,0,1,65,0.00%,4E-33.PROPOSITION 62 DEATH PENALTY. INITIATIVE STATUTE..NO
000093 ,2,3,028 054 118 119 193 194 226 239 243,PROP_63,NO,190,498,308,0,~  4E-33,PROPOSITION 63 FIREARMS,NO,190,502,0,-4,0,4,90,0.00%,4E-33.PROPOSITION 63 FIREARMS. AMMUNITION SALES. INITIATIVE STATUTE..NO
000093 ,2,3,028 054 118 119 193 194 226 239 243,PROP_65,NO,243,498,255,1,~  4E-33,PROPOSITION 65 CARRYOUT,NO,243,502,0,-4,0,4,22,0.00%,4E-33.PROPOSITION 65 CARRYOUT BAGS. CHARGES. INITIATIVE STATUTE..NO
000093 ,2,3,028 054 118 119 193 194 226 239 243,PROP_67,NO,175,498,323,0,~  4E-33,PROPOSITION 67 BAN ON S,NO,175,502,0,-4,0,4,121,0.00%,4E-33.PROPOSITION 67 BAN ON SINGLE-USE PLASTIC BAGS. REFERENDUM..NO
000093 ,1,1,028 054 119 193 194 226 229 239 243,STATEASS2,JIM_WOOD,330,503,173,0,~  4E-33,"STATE ASSEMBLY, DISTRIC",JIM WOOD,330,502,0,1,0,1,220,0.00%,"4E-33.STATE ASSEMBLY, DISTRICT 2.JIM WOOD"
000093 ,1,1,028 054 119 193 194 226 229 239 243,STATEASS2,KEN_ANTON,110,503,393,0,~  4E-33,"STATE ASSEMBLY, DISTRIC",KEN ANTON,110,502,0,1,0,1,220,0.00%,"4E-33.STATE ASSEMBLY, DISTRICT 2.KEN ANTON"
000093 ,1,1,028 054 119 193 194 226 229 239 243,USREP,DALE_K_MENSING,106,503,397,0,~  4E-33,US REPRESENTATIVE IN CO,DALE K. MENSING,106,502,0,1,0,1,254,0.00%,"4E-33.US REPRESENTATIVE IN CONGRESS, DISTRICT 2.DALE K. MENSING"
000093 ,1,1,028 054 119 193 194 226 229 239 243,USSEN,KAMALA_D_HARRIS,282,503,221,0,~  4E-33,US SENATOR,KAMALA D. HARRIS,282,502,0,1,0,1,140,0.00%,4E-33.US SENATOR.KAMALA D. HARRIS
000093 ,1,1,028 054 119 193 194 226 229 239 243,USSEN,LORETTA_L_SANCHEZ,142,503,361,0,~  4E-33,US SENATOR,LORETTA L. SANCHEZ,142,502,0,1,0,1,140,0.00%,4E-33.US SENATOR.LORETTA L. SANCHEZ
000094 ,1,1,029 030 054 110 194 195 226 229 239 242,EKA_CC,Write_in,35,1206,1171,0,~  4E-34,EUREKA CITY COUNCILMEMB,Write_in,35,602,0,604,0,604,90,0.00%,4E-34.EUREKA CITY COUNCILMEMBER.Write_in
000094 ,2,4,029 030 054 110 111 194 195 226 229 239 242 243,MEAS_O,NO,223,599,376,0,~  4E-34,MEASURE O CITY OF EUREK,NO,223,602,0,-3,0,3,92,0.00%,4E-34.MEASURE O CITY OF EUREKA LOW INCOME HOUSING UNITS..NO
000094 ,2,4,029 030 054 110 111 194 195 226 229 239 242 243,MEAS_O,YES,315,599,284,0,~  4E-34,MEASURE O CITY OF EUREK,YES,315,602,0,-3,0,3,92,0.00%,4E-34.MEASURE O CITY OF EUREKA LOW INCOME HOUSING UNITS..YES
000094 ,2,3,029 030 054 110 111 194 195 226 229 239 242 243,MEAS_S,NO,157,600,443,1,~  4E-34,MEASURE S HUMBOLDT COUN,NO,157,602,0,-2,0,2,261,0.00%,4E-34.MEASURE S HUMBOLDT COUNTY COMMERCIAL MARIJUANA CULTIVATION MEASURE..NO
000094 ,2,3,029 030 054 110 111 194 195 226 229 239 242 243,MEAS_U,NO,269,600,331,0,~  4E-34,MEASURE U LOCAL TRANSPO,NO,269,602,0,-2,0,2,19,0.00%,4E-34.MEASURE U LOCAL TRANSPORTATION AUTHORITY RETAIL TRANSACTIONS AND USE TAX..NO
000094 ,2,3,029 030 054 110 111 194 195 226 229 239 242 243,MEAS_U,YES,288,600,312,0,~  4E-34,MEASURE U LOCAL TRANSPO,YES,288,602,0,-2,0,2,19,0.00%,4E-34.MEASURE U LOCAL TRANSPORTATION AUTHORITY RETAIL TRANSACTIONS AND USE TAX..YES
000094 ,2,4,029 030 054 110 111 194 195 226 229 239 242 243,MEAS_V,NO,238,599,361,1,~  4E-34,MEASURE V MOBILE HOME P,NO,238,602,0,-3,0,3,80,0.00%,4E-34.MEASURE V MOBILE HOME PARK SPACE RENT STABILIZATION..NO
000094 ,1,1,029 030 054 110 194 195 226 229 239 242,PRES,GARY_JOHNSON,17,603,586,0,~  4E-34,PRESIDENT AND VICE PRES,GARY JOHNSON      and,17,602,0,1,0,1,171,0.00%,4E-34.PRESIDENT AND VICE PRESIDENT.GARY JOHNSON      and BILL WELD
000094 ,1,1,029 030 054 110 194 195 226 229 239 242,PRES,GLORIA_ESTELA_LA_RIVA,2,603,601,0,~  4E-34,PRESIDENT AND VICE PRES,GLORIA ESTELA LA RIVA,2,602,0,1,0,1,171,0.00%,4E-34.PRESIDENT AND VICE PRESIDENT.GLORIA ESTELA LA RIVA      and DENNIS J. BANKS
000094 ,1,1,029 030 054 110 194 195 226 229 239 242,PRES,JILL_STEIN,29,603,574,0,~  4E-34,PRESIDENT AND VICE PRES,JILL STEIN      and A,29,602,0,1,0,1,171,0.00%,4E-34.PRESIDENT AND VICE PRESIDENT.JILL STEIN      and AJAMU BARAKA
000094 ,1,1,029 030 054 110 194 195 226 229 239 242,PRES,Write_in,21,603,582,0,~  4E-34,PRESIDENT AND VICE PRES,Write_in,21,602,0,1,0,1,171,0.00%,4E-34.PRESIDENT AND VICE PRESIDENT.Write_in
000094 ,1,1,029 030 054 110 194 195 226 229 239 242,PROP_53,NO,325,603,278,0,~  4E-34,PROPOSITION 53 REVENUE ,NO,325,602,0,1,0,1,86,0.00%,4E-34.PROPOSITION 53 REVENUE BONDS. STATEWIDE VOTER APPROVAL. INITIATIVE CONSTITUTIONAL AMENDMENT..NO
000094 ,1,2,029 030 054 110 194 195 226 229 239 242,PROP_55,NO,187,602,415,0,~  4E-34,PROPOSITION 55 TAX EXTE,NO,187,602,0,0,0,0,206,0.00%,4E-34.PROPOSITION 55 TAX EXTENSION TO FUND EDUCATION AND HEALTHCARE. INITIATIVE CONSTITUTIONAL AMENDMENT..NO
000094 ,1,2,029 030 054 110 194 195 226 229 239 242,PROP_56,NO,245,602,357,0,~  4E-34,PROPOSITION 56 CIGARETT,NO,245,602,0,0,0,0,99,0.00%,"4E-34.PROPOSITION 56 CIGARETTE TAX TO FUND HEALTHCARE, TOBACCO USE PREVENTION, RESEARCH, AND.NO"
000094 ,1,2,029 030 054 110 194 195 226 229 239 242,PROP_57,NO,188,602,414,2,~  4E-34,PROPOSITION 57 CRIMINAL,NO,188,602,0,0,0,0,202,0.00%,4E-34.PROPOSITION 57 CRIMINAL SENTENCES. PAROLE. JUVENILE CRIMINAL PROCEEDINGS AND SENTENCING. INITIATIVE.NO
000094 ,1,2,029 030 054 110 194 195 226 229 239 242,PROP_58,NO,104,602,498,0,~  4E-34,PROPOSITION 58 ENGLISH ,NO,104,602,0,0,0,0,362,0.00%,4E-34.PROPOSITION 58 ENGLISH PROFICIENCY. MULTILINGUAL EDUCATION. INITIATIVE STATUTE..NO
000094 ,1,2,029 030 054 110 194 195 226 229 239 242,PROP_59,NO,220,602,382,0,~  4E-34,PROPOSITION 59 CORPORAT,NO,220,602,0,0,0,0,121,0.00%,4E-34.PROPOSITION 59 CORPORATIONS. POLITICAL SPENDING. FEDERAL CONSTITUTIONAL PROTECTIONS..NO
000094 ,1,2,029 030 054 110 194 195 226 229 239 242,PROP_61,NO,255,602,347,0,~  4E-34,PROPOSITION 61 STATE PR,NO,255,602,0,0,0,0,41,0.00%,4E-34.PROPOSITION 61 STATE PRESCRIPTION DRUG PURCHASES. PRICING STANDARDS. INITIATIVE STATUTE..NO
000094 ,2,3,029 030 054 110 111 194 195 226 229 239 242 243,PROP_63,YES,316,600,284,1,~  4E-34,PROPOSITION 63 FIREARMS,YES,316,602,0,-2,0,2,49,0.00%,4E-34.PROPOSITION 63 FIREARMS. AMMUNITION SALES. INITIATIVE STATUTE..YES
000094 ,2,3,029 030 054 110 111 194 195 226 229 239 242 243,PROP_64,YES,358,600,242,1,~  4E-34,PROPOSITION 64 MARIJUAN,YES,358,602,0,-2,0,2,126,0.00%,4E-34.PROPOSITION 64 MARIJUANA LEGALIZATION. INITIATIVE STATUTE..YES
000094 ,2,3,029 030 054 110 111 194 195 226 229 239 242 243,PROP_65,YES,222,600,378,1,~  4E-34,PROPOSITION 65 CARRYOUT,YES,222,602,0,-2,0,2,133,0.00%,4E-34.PROPOSITION 65 CARRYOUT BAGS. CHARGES. INITIATIVE STATUTE..YES
000094 ,2,3,029 030 054 110 111 194 195 226 229 239 242 243,PROP_66,NO,321,600,279,1,~  4E-34,PROPOSITION 66 DEATH PE,NO,321,602,0,-2,0,2,90,0.00%,4E-34.PROPOSITION 66 DEATH PENALTY. PROCEDURES. INITIATIVE STATUTE..NO
000094 ,2,3,029 030 054 110 111 194 195 226 229 239 242 243,PROP_67,NO,238,600,362,1,~  4E-34,PROPOSITION 67 BAN ON S,NO,238,602,0,-2,0,2,108,0.00%,4E-34.PROPOSITION 67 BAN ON SINGLE-USE PLASTIC BAGS. REFERENDUM..NO
000095 ,1,1,029 054 107 108 197 226 239 240,EKA_CC,AUSTIN_ALLISON,246,464,218,0,~  4E-51,EUREKA CITY COUNCILMEMB,AUSTIN ALLISON,246,464,0,0,0,0,41,0.00%,4E-51.EUREKA CITY COUNCILMEMBER.AUSTIN ALLISON
000095 ,1,1,029 054 107 108 197 226 239 240,EKA_CC,HEIDI_S_MESSNER,287,464,177,0,~  4E-51,EUREKA CITY COUNCILMEMB,HEIDI S. MESSNER,287,464,0,0,0,0,41,0.00%,4E-51.EUREKA CITY COUNCILMEMBER.HEIDI S. MESSNER
000095 ,1,1,029 054 107 108 197 226 239 240,EKA_CC,JOHN_B_FULLERTON,178,464,286,0,~  4E-51,EUREKA CITY COUNCILMEMB,JOHN B. FULLERTON,178,464,0,0,0,0,41,0.00%,4E-51.EUREKA CITY COUNCILMEMBER.JOHN B. FULLERTON
000095 ,1,1,029 054 107 108 197 226 239 240,EKA_CC,Write_in,23,928,905,0,~  4E-51,EUREKA CITY COUNCILMEMB,Write_in,23,464,0,464,0,464,41,0.00%,4E-51.EUREKA CITY COUNCILMEMBER.Write_in
000095 ,2,4,029 054 108 197 226 239 240 243,MEAS_O,NO,188,465,277,0,~  4E-51,MEASURE O CITY OF EUREK,NO,188,464,0,1,0,1,34,0.00%,4E-51.MEASURE O CITY OF EUREKA LOW INCOME HOUSING UNITS..NO
000095 ,2,4,029 054 108 197 226 239 240 243,MEAS_P,NO,183,465,282,2,~  4E-51,MEASURE P CITY OF EUREK,NO,183,464,0,1,0,1,58,0.00%,4E-51.MEASURE P CITY OF EUREKA CHARTER AMENDMENT MEASURE..NO
000095 ,2,3,029 054 108 197 226 239 240 243,MEAS_Q,YES,172,465,293,1,~  4E-51,MEASURE Q HUMBOLDT COUN,YES,172,464,0,1,0,1,62,0.00%,4E-51.MEASURE Q HUMBOLDT COUNTY CREATION OF FINANCE DEPARTMENT MEASURE..YES
000095 ,2,3,029 054 108 197 226 239 240 243,MEAS_S,NO,109,465,356,1,~  4E-51,MEASURE S HUMBOLDT COUN,NO,109,464,0,1,0,1,233,0.00%,4E-51.MEASURE S HUMBOLDT COUNTY COMMERCIAL MARIJUANA CULTIVATION MEASURE..NO
000095 ,2,3,029 054 108 197 226 239 240 243,MEAS_S,YES,342,465,123,1,~  4E-51,MEASURE S HUMBOLDT COUN,YES,342,464,0,1,0,1,233,0.00%,4E-51.MEASURE S HUMBOLDT COUNTY COMMERCIAL MARIJUANA CULTIVATION MEASURE..YES
000095 ,2,3,029 054 108 197 226 239 240 243,MEAS_U,NO,211,465,254,0,~  4E-51,MEASURE U LOCAL TRANSPO,NO,211,464,0,1,0,1,15,0.00%,4E-51.MEASURE U LOCAL TRANSPORTATION AUTHORITY RETAIL TRANSACTIONS AND USE TAX..NO
000095 ,2,4,029 054 108 197 226 239 240 243,MEAS_V,NO,174,465,291,0,~  4E-51,MEASURE V MOBILE HOME P,NO,174,464,0,1,0,1,89,0.00%,4E-51.MEASURE V MOBILE HOME PARK SPACE RENT STABILIZATION..NO
000095 ,1,1,029 054 107 108 197 226 239 240,PRES,DONALD_J_TRUMP,128,464,336,0,~  4E-51,PRESIDENT AND VICE PRES,DONALD J. TRUMP      ,128,464,0,0,0,0,133,0.00%,4E-51.PRESIDENT AND VICE PRESIDENT.DONALD J. TRUMP      and MICHAEL R. PENCE
000095 ,1,1,029 054 107 108 197 226 239 240,PRES,GARY_JOHNSON,14,464,450,0,~  4E-51,PRESIDENT AND VICE PRES,GARY JOHNSON      and,14,464,0,0,0,0,133,0.00%,4E-51.PRESIDENT AND VICE PRESIDENT.GARY JOHNSON      and BILL WELD
000095 ,1,1,029 054 107 108 197 226 239 240,PRES,GLORIA_ESTELA_LA_RIVA,7,464,457,0,~  4E-51,PRESIDENT AND VICE PRES,GLORIA ESTELA LA RIVA,7,464,0,0,0,0,133,0.00%,4E-51.PRESIDENT AND VICE PRESIDENT.GLORIA ESTELA LA RIVA      and DENNIS J. BANKS
000095 ,1,1,029 054 107 108 197 226 239 240,PRES,HILLARY_CLINTON,261,464,203,0,~  4E-51,PRESIDENT AND VICE PRES,HILLARY CLINTON      ,261,464,0,0,0,0,133,0.00%,4E-51.PRESIDENT AND VICE PRESIDENT.HILLARY CLINTON      and TIM KAINE
000095 ,1,1,029 054 107 108 197 226 239 240,PROP_51,NO,212,464,252,0,~  4E-51,PROPOSITION 51 SCHOOL B,NO,212,464,0,0,0,0,18,0.00%,4E-51.PROPOSITION 51 SCHOOL BONDS. FUNDING FOR K-12 SCHOOL AND COMMUNITY COLLEGE FACILITIES. INITIATIVE.NO
000095 ,1,1,029 054 107 108 197 226 239 240,PROP_52,YES,304,464,160,1,~  4E-51,PROPOSITION 52 MEDI-CAL,YES,304,464,0,0,0,0,173,0.00%,4E-51.PROPOSITION 52 MEDI-CAL HOSPITAL FEE PROGRAM. INITIATIVE CONSTITUTIONAL AMENDMENT AND STATUTE..YES
000095 ,1,1,029 054 107 108 197 226 239 240,PROP_53,NO,243,464,221,0,~  4E-51,PROPOSITION 53 REVENUE ,NO,243,464,0,0,0,0,57,0.00%,4E-51.PROPOSITION 53 REVENUE BONDS. STATEWIDE VOTER APPROVAL. INITIATIVE CONSTITUTIONAL AMENDMENT..NO
000095 ,1,1,029 054 107 108 197 226 239 240,PROP_53,YES,186,464,278,0,~  4E-51,PROPOSITION 53 REVENUE ,YES,186,464,0,0,0,0,57,0.00%,4E-51.PROPOSITION 53 REVENUE BONDS. STATEWIDE VOTER APPROVAL. INITIATIVE CONSTITUTIONAL AMENDMENT..YES
000095 ,1,1,029 054 107 108 197 226 239 240,PROP_54,NO,193,464,271,1,~  4E-51,PROPOSITION 54 LEGISLAT,NO,193,464,0,0,0,0,49,0.00%,4E-51.PROPOSITION 54 LEGISLATURE. LEGISLATION AND PROCEEDINGS. INITIATIVE CONSTITUTIONAL AMENDMENT AND.NO
000095 ,1,1,029 054 107 108 197 226 239 240,PROP_54,YES,242,464,222,1,~  4E-51,PROPOSITION 54 LEGISLAT,YES,242,464,0,0,0,0,49,0.00%,4E-51.PROPOSITION 54 LEGISLATURE. LEGISLATION AND PROCEEDINGS. INITIATIVE CONSTITUTIONAL AMENDMENT AND.YES
000095 ,1,2,029 054 107 108 197 226 239 240,PROP_56,NO,166,464,298,2,~  4E-51,PROPOSITION 56 CIGARETT,NO,166,464,0,0,0,0,118,0.00%,"4E-51.PROPOSITION 56 CIGARETTE TAX TO FUND HEALTHCARE, TOBACCO USE PREVENTION, RESEARCH, AND.NO"
000095 ,1,2,029 054 107 108 197 226 239 240,PROP_57,NO,156,464,308,0,~  4E-51,PROPOSITION 57 CRIMINAL,NO,156,464,0,0,0,0,132,0.00%,4E-51.PROPOSITION 57 CRIMINAL SENTENCES. PAROLE. JUVENILE CRIMINAL PROCEEDINGS AND SENTENCING. INITIATIVE.NO
000095 ,1,2,029 054 107 108 197 226 239 240,PROP_57,YES,288,464,176,0,~  4E-51,PROPOSITION 57 CRIMINAL,YES,288,464,0,0,0,0,132,0.00%,4E-51.PROPOSITION 57 CRIMINAL SENTENCES. PAROLE. JUVENILE CRIMINAL PROCEEDINGS AND SENTENCING. INITIATIVE.YES
000095 ,1,2,029 054 107 108 197 226 239 240,PROP_58,YES,351,464,113,0,~  4E-51,PROPOSITION 58 ENGLISH ,YES,351,464,0,0,0,0,265,0.00%,4E-51.PROPOSITION 58 ENGLISH PROFICIENCY. MULTILINGUAL EDUCATION. INITIATIVE STATUTE..YES
000095 ,1,2,029 054 107 108 197 226 239 240,PROP_59,NO,170,464,294,0,~  4E-51,PROPOSITION 59 CORPORAT,NO,170,464,0,0,0,0,86,0.00%,4E-51.PROPOSITION 59 CORPORATIONS. POLITICAL SPENDING. FEDERAL CONSTITUTIONAL PROTECTIONS..NO
000095 ,1,2,029 054 107 108 197 226 239 240,PROP_59,YES,256,464,208,0,~  4E-51,PROPOSITION 59 CORPORAT,YES,256,464,0,0,0,0,86,0.00%,4E-51.PROPOSITION 59 CORPORATIONS. POLITICAL SPENDING. FEDERAL CONSTITUTIONAL PROTECTIONS..YES
000095 ,1,2,029 054 107 108 197 226 239 240,PROP_60,YES,160,464,304,1,~  4E-51,PROPOSITION 60 ADULT FI,YES,160,464,0,0,0,0,117,0.00%,4E-51.PROPOSITION 60 ADULT FILMS. CONDOMS. HEALTH REQUIREMENTS. INITIATIVE STATUTE..YES
000095 ,1,2,029 054 107 108 197 226 239 240,PROP_61,NO,172,464,292,0,~  4E-51,PROPOSITION 61 STATE PR,NO,172,464,0,0,0,0,81,0.00%,4E-51.PROPOSITION 61 STATE PRESCRIPTION DRUG PURCHASES. PRICING STANDARDS. INITIATIVE STATUTE..NO
000095 ,1,2,029 054 107 108 197 226 239 240,PROP_61,YES,253,464,211,0,~  4E-51,PROPOSITION 61 STATE PR,YES,253,464,0,0,0,0,81,0.00%,4E-51.PROPOSITION 61 STATE PRESCRIPTION DRUG PURCHASES. PRICING STANDARDS. INITIATIVE STATUTE..YES
000095 ,2,3,029 054 108 197 226 239 240 243,PROP_65,NO,260,465,205,0,~  4E-51,PROPOSITION 65 CARRYOUT,NO,260,464,0,1,0,1,78,0.00%,4E-51.PROPOSITION 65 CARRYOUT BAGS. CHARGES. INITIATIVE STATUTE..NO
000095 ,2,3,029 054 108 197 226 239 240 243,PROP_67,YES,283,465,182,0,~  4E-51,PROPOSITION 67 BAN ON S,YES,283,464,0,1,0,1,115,0.00%,4E-51.PROPOSITION 67 BAN ON SINGLE-USE PLASTIC BAGS. REFERENDUM..YES
000095 ,1,1,029 054 107 108 197 226 239 240,USREP,DALE_K_MENSING,113,464,351,0,~  4E-51,US REPRESENTATIVE IN CO,DALE K. MENSING,113,464,0,0,0,0,207,0.00%,"4E-51.US REPRESENTATIVE IN CONGRESS, DISTRICT 2.DALE K. MENSING"
000095 ,1,1,029 054 107 108 197 226 239 240,USREP,JARED_W_HUFFMAN,320,464,144,0,~  4E-51,US REPRESENTATIVE IN CO,JARED W. HUFFMAN,320,464,0,0,0,0,207,0.00%,"4E-51.US REPRESENTATIVE IN CONGRESS, DISTRICT 2.JARED W. HUFFMAN"
000096 ,1,1,031 108 197 198 226 229 240 242,EKA_CC,AUSTIN_ALLISON,170,337,167,0,~  4E-52,EUREKA CITY COUNCILMEMB,AUSTIN ALLISON,170,337,0,0,0,0,77,0.00%,4E-52.EUREKA CITY COUNCILMEMBER.AUSTIN ALLISON
000096 ,1,1,031 108 197 198 226 229 240 242,EKA_CC,HEIDI_S_MESSNER,247,337,90,0,~  4E-52,EUREKA CITY COUNCILMEMB,HEIDI S. MESSNER,247,337,0,0,0,0,77,0.00%,4E-52.EUREKA CITY COUNCILMEMBER.HEIDI S. MESSNER
000096 ,1,1,031 108 197 198 226 229 240 242,EKA_CC,JOHN_B_FULLERTON,131,337,206,0,~  4E-52,EUREKA CITY COUNCILMEMB,JOHN B. FULLERTON,131,337,0,0,0,0,77,0.00%,4E-52.EUREKA CITY COUNCILMEMBER.JOHN B. FULLERTON
000096 ,1,1,031 108 197 198 226 229 240 242,EKA_CC,Write_in,16,674,658,0,~  4E-52,EUREKA CITY COUNCILMEMB,Write_in,16,337,0,337,0,337,77,0.00%,4E-52.EUREKA CITY COUNCILMEMBER.Write_in
000096 ,2,4,031 108 197 198 226 240 242 243,MEAS_O,NO,139,335,196,1,~  4E-52,MEASURE O CITY OF EUREK,NO,139,337,0,-2,0,2,16,0.00%,4E-52.MEASURE O CITY OF EUREKA LOW INCOME HOUSING UNITS..NO
000096 ,2,4,031 108 197 198 226 240 242 243,MEAS_P,NO,129,335,206,0,~  4E-52,MEASURE P CITY OF EUREK,NO,129,337,0,-2,0,2,34,0.00%,4E-52.MEASURE P CITY OF EUREKA CHARTER AMENDMENT MEASURE..NO
000096 ,2,4,031 108 197 198 226 240 242 243,MEAS_P,YES,163,335,172,0,~  4E-52,MEASURE P CITY OF EUREK,YES,163,337,0,-2,0,2,34,0.00%,4E-52.MEASURE P CITY OF EUREKA CHARTER AMENDMENT MEASURE..YES
000096 ,2,3,031 108 197 198 226 240 242 243,MEAS_Q,NO,143,335,192,0,~  4E-52,MEASURE Q HUMBOLDT COUN,NO,143,337,0,-2,0,2,7,0.00%,4E-52.MEASURE Q HUMBOLDT COUNTY CREATION OF FINANCE DEPARTMENT MEASURE..NO
000096 ,2,3,031 108 197 198 226 240 242 243,MEAS_Q,YES,150,335,185,0,~  4E-52,MEASURE Q HUMBOLDT COUN,YES,150,337,0,-2,0,2,7,0.00%,4E-52.MEASURE Q HUMBOLDT COUNTY CREATION OF FINANCE DEPARTMENT MEASURE..YES
000096 ,2,3,031 108 197 198 226 240 242 243,MEAS_R,NO,144,335,191,0,~  4E-52,MEASURE R HUMBOLDT COUN,NO,144,337,0,-2,0,2,3,0.00%,4E-52.MEASURE R HUMBOLDT COUNTY FINANCE DEPARTMENT ELECTIVE OFFICE MEASURE..NO
000096 ,2,3,031 108 197 198 226 240 242 243,MEAS_R,YES,147,335,188,0,~  4E-52,MEASURE R HUMBOLDT COUN,YES,147,337,0,-2,0,2,3,0.00%,4E-52.MEASURE R HUMBOLDT COUNTY FINANCE DEPARTMENT ELECTIVE OFFICE MEASURE..YES
000096 ,2,3,031 108 197 198 226 240 242 243,MEAS_U,NO,163,335,172,0,~  4E-52,MEASURE U LOCAL TRANSPO,NO,163,337,0,-2,0,2,19,0.00%,4E-52.MEASURE U LOCAL TRANSPORTATION AUTHORITY RETAIL TRANSACTIONS AND USE TAX..NO
000096 ,2,3,031 108 197 198 226 240 242 243,MEAS_U,YES,144,335,191,0,~  4E-52,MEASURE U LOCAL TRANSPO,YES,144,337,0,-2,0,2,19,0.00%,4E-52.MEASURE U LOCAL TRANSPORTATION AUTHORITY RETAIL TRANSACTIONS AND USE TAX..YES
000096 ,2,4,031 108 197 198 226 240 242 243,MEAS_V,NO,149,335,186,0,~  4E-52,MEASURE V MOBILE HOME P,NO,149,337,0,-2,0,2,6,0.00%,4E-52.MEASURE V MOBILE HOME PARK SPACE RENT STABILIZATION..NO
000096 ,2,4,031 108 197 198 226 240 242 243,MEAS_V,YES,155,335,180,0,~  4E-52,MEASURE V MOBILE HOME P,YES,155,337,0,-2,0,2,6,0.00%,4E-52.MEASURE V MOBILE HOME PARK SPACE RENT STABILIZATION..YES
000096 ,1,1,031 108 197 198 226 229 240 242,PRES,DONALD_J_TRUMP,107,337,230,0,~  4E-52,PRESIDENT AND VICE PRES,DONALD J. TRUMP      ,107,337,0,0,0,0,70,0.00%,4E-52.PRESIDENT AND VICE PRESIDENT.DONALD J. TRUMP      and MICHAEL R. PENCE
000096 ,1,1,031 108 197 198 226 229 240 242,PRES,GARY_JOHNSON,17,337,320,0,~  4E-52,PRESIDENT AND VICE PRES,GARY JOHNSON      and,17,337,0,0,0,0,70,0.00%,4E-52.PRESIDENT AND VICE PRESIDENT.GARY JOHNSON      and BILL WELD
000096 ,1,1,031 108 197 198 226 229 240 242,PRES,GLORIA_ESTELA_LA_RIVA,3,337,334,0,~  4E-52,PRESIDENT AND VICE PRES,GLORIA ESTELA LA RIVA,3,337,0,0,0,0,70,0.00%,4E-52.PRESIDENT AND VICE PRESIDENT.GLORIA ESTELA LA RIVA      and DENNIS J. BANKS
000096 ,1,1,031 108 197 198 226 229 240 242,PRES,HILLARY_CLINTON,177,337,160,0,~  4E-52,PRESIDENT AND VICE PRES,HILLARY CLINTON      ,177,337,0,0,0,0,70,0.00%,4E-52.PRESIDENT AND VICE PRESIDENT.HILLARY CLINTON      and TIM KAINE
000096 ,1,1,031 108 197 198 226 229 240 242,PRES,JILL_STEIN,10,337,327,0,~  4E-52,PRESIDENT AND VICE PRES,JILL STEIN      and A,10,337,0,0,0,0,70,0.00%,4E-52.PRESIDENT AND VICE PRESIDENT.JILL STEIN      and AJAMU BARAKA
000096 ,1,1,031 108 197 198 226 229 240 242,PRES,Write_in,20,337,317,0,~  4E-52,PRESIDENT AND VICE PRES,Write_in,20,337,0,0,0,0,70,0.00%,4E-52.PRESIDENT AND VICE PRESIDENT.Write_in
000096 ,1,1,031 108 197 198 226 229 240 242,PROP_51,NO,138,337,199,1,~  4E-52,PROPOSITION 51 SCHOOL B,NO,138,337,0,0,0,0,42,0.00%,4E-52.PROPOSITION 51 SCHOOL BONDS. FUNDING FOR K-12 SCHOOL AND COMMUNITY COLLEGE FACILITIES. INITIATIVE.NO
000096 ,1,1,031 108 197 198 226 229 240 242,PROP_52,NO,82,337,255,0,~  4E-52,PROPOSITION 52 MEDI-CAL,NO,82,337,0,0,0,0,153,0.00%,4E-52.PROPOSITION 52 MEDI-CAL HOSPITAL FEE PROGRAM. INITIATIVE CONSTITUTIONAL AMENDMENT AND STATUTE..NO
000096 ,1,1,031 108 197 198 226 229 240 242,PROP_52,YES,235,337,102,0,~  4E-52,PROPOSITION 52 MEDI-CAL,YES,235,337,0,0,0,0,153,0.00%,4E-52.PROPOSITION 52 MEDI-CAL HOSPITAL FEE PROGRAM. INITIATIVE CONSTITUTIONAL AMENDMENT AND STATUTE..YES
000096 ,1,1,031 108 197 198 226 229 240 242,PROP_53,NO,145,337,192,0,~  4E-52,PROPOSITION 53 REVENUE ,NO,145,337,0,0,0,0,18,0.00%,4E-52.PROPOSITION 53 REVENUE BONDS. STATEWIDE VOTER APPROVAL. INITIATIVE CONSTITUTIONAL AMENDMENT..NO
000096 ,1,1,031 108 197 198 226 229 240 242,PROP_53,YES,163,337,174,0,~  4E-52,PROPOSITION 53 REVENUE ,YES,163,337,0,0,0,0,18,0.00%,4E-52.PROPOSITION 53 REVENUE BONDS. STATEWIDE VOTER APPROVAL. INITIATIVE CONSTITUTIONAL AMENDMENT..YES
000096 ,1,1,031 108 197 198 226 229 240 242,PROP_54,NO,99,337,238,0,~  4E-52,PROPOSITION 54 LEGISLAT,NO,99,337,0,0,0,0,117,0.00%,4E-52.PROPOSITION 54 LEGISLATURE. LEGISLATION AND PROCEEDINGS. INITIATIVE CONSTITUTIONAL AMENDMENT AND.NO
000096 ,1,1,031 108 197 198 226 229 240 242,PROP_54,YES,216,337,121,0,~  4E-52,PROPOSITION 54 LEGISLAT,YES,216,337,0,0,0,0,117,0.00%,4E-52.PROPOSITION 54 LEGISLATURE. LEGISLATION AND PROCEEDINGS. INITIATIVE CONSTITUTIONAL AMENDMENT AND.YES
000096 ,1,2,031 108 197 198 226 229 240 242,PROP_55,NO,107,337,230,0,~  4E-52,PROPOSITION 55 TAX EXTE,NO,107,337,0,0,0,0,107,0.00%,4E-52.PROPOSITION 55 TAX EXTENSION TO FUND EDUCATION AND HEALTHCARE. INITIATIVE CONSTITUTIONAL AMENDMENT..NO
000096 ,1,2,031 108 197 198 226 229 240 242,PROP_55,YES,214,337,123,0,~  4E-52,PROPOSITION 55 TAX EXTE,YES,214,337,0,0,0,0,107,0.00%,4E-52.PROPOSITION 55 TAX EXTENSION TO FUND EDUCATION AND HEALTHCARE. INITIATIVE CONSTITUTIONAL AMENDMENT..YES
000096 ,1,2,031 108 197 198 226 229 240 242,PROP_56,YES,171,337,166,37,~  4E-52,PROPOSITION 56 CIGARETT,YES,171,337,0,0,0,0,17,0.00%,"4E-52.PROPOSITION 56 CIGARETTE TAX TO FUND HEALTHCARE, TOBACCO USE PREVENTION, RESEARCH, AND.YES"
000096 ,1,2,031 108 197 198 226 229 240 242,PROP_57,NO,116,337,221,0,~  4E-52,PROPOSITION 57 CRIMINAL,NO,116,337,0,0,0,0,84,0.00%,4E-52.PROPOSITION 57 CRIMINAL SENTENCES. PAROLE. JUVENILE CRIMINAL PROCEEDINGS AND SENTENCING. INITIATIVE.NO
000096 ,1,2,031 108 197 198 226 229 240 242,PROP_57,YES,200,337,137,0,~  4E-52,PROPOSITION 57 CRIMINAL,YES,200,337,0,0,0,0,84,0.00%,4E-52.PROPOSITION 57 CRIMINAL SENTENCES. PAROLE. JUVENILE CRIMINAL PROCEEDINGS AND SENTENCING. INITIATIVE.YES
000096 ,1,2,031 108 197 198 226 229 240 242,PROP_58,NO,72,337,265,0,~  4E-52,PROPOSITION 58 ENGLISH ,NO,72,337,0,0,0,0,170,0.00%,4E-52.PROPOSITION 58 ENGLISH PROFICIENCY. MULTILINGUAL EDUCATION. INITIATIVE STATUTE..NO
000096 ,1,2,031 108 197 198 226 229 240 242,PROP_58,YES,242,337,95,0,~  4E-52,PROPOSITION 58 ENGLISH ,YES,242,337,0,0,0,0,170,0.00%,4E-52.PROPOSITION 58 ENGLISH PROFICIENCY. MULTILINGUAL EDUCATION. INITIATIVE STATUTE..YES
000096 ,1,2,031 108 197 198 226 229 240 242,PROP_59,NO,128,337,209,0,~  4E-52,PROPOSITION 59 CORPORAT,NO,128,337,0,0,0,0,44,0.00%,4E-52.PROPOSITION 59 CORPORATIONS. POLITICAL SPENDING. FEDERAL CONSTITUTIONAL PROTECTIONS..NO
000096 ,1,2,031 108 197 198 226 229 240 242,PROP_59,YES,172,337,165,0,~  4E-52,PROPOSITION 59 CORPORAT,YES,172,337,0,0,0,0,44,0.00%,4E-52.PROPOSITION 59 CORPORATIONS. POLITICAL SPENDING. FEDERAL CONSTITUTIONAL PROTECTIONS..YES
000096 ,1,2,031 108 197 198 226 229 240 242,PROP_60,NO,177,337,160,1,~  4E-52,PROPOSITION 60 ADULT FI,NO,177,337,0,0,0,0,38,0.00%,4E-52.PROPOSITION 60 ADULT FILMS. CONDOMS. HEALTH REQUIREMENTS. INITIATIVE STATUTE..NO
000096 ,1,2,031 108 197 198 226 229 240 242,PROP_61,NO,138,337,199,0,~  4E-52,PROPOSITION 61 STATE PR,NO,138,337,0,0,0,0,34,0.00%,4E-52.PROPOSITION 61 STATE PRESCRIPTION DRUG PURCHASES. PRICING STANDARDS. INITIATIVE STATUTE..NO
000096 ,1,2,031 108 197 198 226 229 240 242,PROP_61,YES,172,337,165,0,~  4E-52,PROPOSITION 61 STATE PR,YES,172,337,0,0,0,0,34,0.00%,4E-52.PROPOSITION 61 STATE PRESCRIPTION DRUG PURCHASES. PRICING STANDARDS. INITIATIVE STATUTE..YES
000096 ,1,2,031 108 197 198 226 229 240 242,PROP_62,NO,179,337,158,1,~  4E-52,PROPOSITION 62 DEATH PE,NO,179,337,0,0,0,0,43,0.00%,4E-52.PROPOSITION 62 DEATH PENALTY. INITIATIVE STATUTE..NO
000096 ,2,3,031 108 197 198 226 240 242 243,PROP_63,YES,154,335,181,1,~  4E-52,PROPOSITION 63 FIREARMS,YES,154,337,0,-2,0,2,10,0.00%,4E-52.PROPOSITION 63 FIREARMS. AMMUNITION SALES. INITIATIVE STATUTE..YES
000096 ,2,3,031 108 197 198 226 240 242 243,PROP_67,NO,148,335,187,0,~  4E-52,PROPOSITION 67 BAN ON S,NO,148,337,0,-2,0,2,19,0.00%,4E-52.PROPOSITION 67 BAN ON SINGLE-USE PLASTIC BAGS. REFERENDUM..NO
000096 ,2,3,031 108 197 198 226 240 242 243,PROP_67,YES,167,335,168,0,~  4E-52,PROPOSITION 67 BAN ON S,YES,167,337,0,-2,0,2,19,0.00%,4E-52.PROPOSITION 67 BAN ON SINGLE-USE PLASTIC BAGS. REFERENDUM..YES
000096 ,1,1,031 108 197 198 226 229 240 242,STATEASS2,JIM_WOOD,201,337,136,1,~  4E-52,"STATE ASSEMBLY, DISTRIC",JIM WOOD,201,337,0,0,0,0,111,0.00%,"4E-52.STATE ASSEMBLY, DISTRICT 2.JIM WOOD"
000096 ,1,1,031 108 197 198 226 229 240 242,USREP,DALE_K_MENSING,89,337,248,0,~  4E-52,US REPRESENTATIVE IN CO,DALE K. MENSING,89,337,0,0,0,0,136,0.00%,"4E-52.US REPRESENTATIVE IN CONGRESS, DISTRICT 2.DALE K. MENSING"
000096 ,1,1,031 108 197 198 226 229 240 242,USREP,JARED_W_HUFFMAN,225,337,112,0,~  4E-52,US REPRESENTATIVE IN CO,JARED W. HUFFMAN,225,337,0,0,0,0,136,0.00%,"4E-52.US REPRESENTATIVE IN CONGRESS, DISTRICT 2.JARED W. HUFFMAN"
000096 ,1,1,031 108 197 198 226 229 240 242,USSEN,KAMALA_D_HARRIS,191,337,146,0,~  4E-52,US SENATOR,KAMALA D. HARRIS,191,337,0,0,0,0,96,0.00%,4E-52.US SENATOR.KAMALA D. HARRIS
000096 ,1,1,031 108 197 198 226 229 240 242,USSEN,LORETTA_L_SANCHEZ,95,337,242,0,~  4E-52,US SENATOR,LORETTA L. SANCHEZ,95,337,0,0,0,0,96,0.00%,4E-52.US SENATOR.LORETTA L. SANCHEZ
000097 ,1,1,030 031 054 109 110 198 199 226 229 239 242 243,EKA_CC,AUSTIN_ALLISON,335,771,436,0,~  4E-54,EUREKA CITY COUNCILMEMB,AUSTIN ALLISON,335,771,0,0,0,0,166,0.00%,4E-54.EUREKA CITY COUNCILMEMBER.AUSTIN ALLISON
000097 ,1,1,030 031 054 109 110 198 199 226 229 239 242 243,EKA_CC,HEIDI_S_MESSNER,518,771,253,0,~  4E-54,EUREKA CITY COUNCILMEMB,HEIDI S. MESSNER,518,771,0,0,0,0,166,0.00%,4E-54.EUREKA CITY COUNCILMEMBER.HEIDI S. MESSNER
000097 ,1,1,030 031 054 109 110 198 199 226 229 239 242 243,EKA_CC,JOHN_B_FULLERTON,352,771,419,0,~  4E-54,EUREKA CITY COUNCILMEMB,JOHN B. FULLERTON,352,771,0,0,0,0,166,0.00%,4E-54.EUREKA CITY COUNCILMEMBER.JOHN B. FULLERTON
000097 ,1,1,030 031 054 109 110 198 199 226 229 239 242 243,EKA_CC,Write_in,35,1542,1507,0,~  4E-54,EUREKA CITY COUNCILMEMB,Write_in,35,771,0,771,0,771,166,0.00%,4E-54.EUREKA CITY COUNCILMEMBER.Write_in
000097 ,2,3,030 031 054 109 110 198 199 226 239 242 243,MEAS_Q,NO,372,770,398,3,~  4E-54,MEASURE Q HUMBOLDT COUN,NO,372,771,0,-1,0,1,60,0.00%,4E-54.MEASURE Q HUMBOLDT COUNTY CREATION OF FINANCE DEPARTMENT MEASURE..NO
000097 ,2,3,030 031 054 109 110 198 199 226 239 242 243,MEAS_S,NO,236,770,534,0,~  4E-54,MEASURE S HUMBOLDT COUN,NO,236,771,0,-1,0,1,250,0.00%,4E-54.MEASURE S HUMBOLDT COUNTY COMMERCIAL MARIJUANA CULTIVATION MEASURE..NO
000097 ,2,3,030 031 054 109 110 198 199 226 239 242 243,MEAS_S,YES,486,770,284,0,~  4E-54,MEASURE S HUMBOLDT COUN,YES,486,771,0,-1,0,1,250,0.00%,4E-54.MEASURE S HUMBOLDT COUNTY COMMERCIAL MARIJUANA CULTIVATION MEASURE..YES
000097 ,2,3,030 031 054 109 110 198 199 226 239 242 243,MEAS_U,YES,298,770,472,0,~  4E-54,MEASURE U LOCAL TRANSPO,YES,298,771,0,-1,0,1,122,0.00%,4E-54.MEASURE U LOCAL TRANSPORTATION AUTHORITY RETAIL TRANSACTIONS AND USE TAX..YES
000097 ,1,1,030 031 054 109 110 198 199 226 229 239 242 243,PRES,DONALD_J_TRUMP,249,771,522,0,~  4E-54,PRESIDENT AND VICE PRES,DONALD J. TRUMP      ,249,771,0,0,0,0,146,0.00%,4E-54.PRESIDENT AND VICE PRESIDENT.DONALD J. TRUMP      and MICHAEL R. PENCE
000097 ,1,1,030 031 054 109 110 198 199 226 229 239 242 243,PRES,GLORIA_ESTELA_LA_RIVA,3,771,768,0,~  4E-54,PRESIDENT AND VICE PRES,GLORIA ESTELA LA RIVA,3,771,0,0,0,0,146,0.00%,4E-54.PRESIDENT AND VICE PRESIDENT.GLORIA ESTELA LA RIVA      and DENNIS J. BANKS
000097 ,1,1,030 031 054 109 110 198 199 226 229 239 242 243,PRES,JILL_STEIN,39,771,732,0,~  4E-54,PRESIDENT AND VICE PRES,JILL STEIN      and A,39,771,0,0,0,0,146,0.00%,4E-54.PRESIDENT AND VICE PRESIDENT.JILL STEIN      and AJAMU BARAKA
000097 ,1,1,030 031 054 109 110 198 199 226 229 239 242 243,PRES,Write_in,39,771,732,0,~  4E-54,PRESIDENT AND VICE PRES,Write_in,39,771,0,0,0,0,146,0.00%,4E-54.PRESIDENT AND VICE PRESIDENT.Write_in
000097 ,1,1,030 031 054 109 110 198 199 226 229 239 242 243,PROP_53,NO,368,771,403,1,~  4E-54,PROPOSITION 53 REVENUE ,NO,368,771,0,0,0,0,19,0.00%,4E-54.PROPOSITION 53 REVENUE BONDS. STATEWIDE VOTER APPROVAL. INITIATIVE CONSTITUTIONAL AMENDMENT..NO
000097 ,1,1,030 031 054 109 110 198 199 226 229 239 242 243,PROP_54,YES,439,771,332,1,~  4E-54,PROPOSITION 54 LEGISLAT,YES,439,771,0,0,0,0,157,0.00%,4E-54.PROPOSITION 54 LEGISLATURE. LEGISLATION AND PROCEEDINGS. INITIATIVE CONSTITUTIONAL AMENDMENT AND.YES
000097 ,1,2,030 031 054 109 110 198 199 226 229 239 242 243,PROP_57,NO,267,760,493,1,~  4E-54,PROPOSITION 57 CRIMINAL,NO,267,771,0,-11,0,11,200,0.00%,4E-54.PROPOSITION 57 CRIMINAL SENTENCES. PAROLE. JUVENILE CRIMINAL PROCEEDINGS AND SENTENCING. INITIATIVE.NO
000097 ,2,3,030 031 054 109 110 198 199 226 239 242 243,PROP_63,NO,392,770,378,3,~  4E-54,PROPOSITION 63 FIREARMS,NO,392,771,0,-1,0,1,33,0.00%,4E-54.PROPOSITION 63 FIREARMS. AMMUNITION SALES. INITIATIVE STATUTE..NO
000097 ,2,3,030 031 054 109 110 198 199 226 239 242 243,PROP_64,YES,466,770,304,1,~  4E-54,PROPOSITION 64 MARIJUAN,YES,466,771,0,-1,0,1,181,0.00%,4E-54.PROPOSITION 64 MARIJUANA LEGALIZATION. INITIATIVE STATUTE..YES
000097 ,2,3,030 031 054 109 110 198 199 226 239 242 243,PROP_65,NO,447,770,323,2,~  4E-54,PROPOSITION 65 CARRYOUT,NO,447,771,0,-1,0,1,156,0.00%,4E-54.PROPOSITION 65 CARRYOUT BAGS. CHARGES. INITIATIVE STATUTE..NO
000097 ,2,3,030 031 054 109 110 198 199 226 239 242 243,PROP_66,NO,377,770,393,1,~  4E-54,PROPOSITION 66 DEATH PE,NO,377,771,0,-1,0,1,54,0.00%,4E-54.PROPOSITION 66 DEATH PENALTY. PROCEDURES. INITIATIVE STATUTE..NO
000097 ,1,1,030 031 054 109 110 198 199 226 229 239 242 243,STATEASS2,KEN_ANTON,231,771,540,0,~  4E-54,"STATE ASSEMBLY, DISTRIC",KEN ANTON,231,771,0,0,0,0,218,0.00%,"4E-54.STATE ASSEMBLY, DISTRICT 2.KEN ANTON"
000097 ,1,1,030 031 054 109 110 198 199 226 229 239 242 243,USSEN,KAMALA_D_HARRIS,405,771,366,0,~  4E-54,US SENATOR,KAMALA D. HARRIS,405,771,0,0,0,0,163,0.00%,4E-54.US SENATOR.KAMALA D. HARRIS
000097 ,1,1,030 031 054 109 110 198 199 226 229 239 242 243,USSEN,LORETTA_L_SANCHEZ,242,771,529,0,~  4E-54,US SENATOR,LORETTA L. SANCHEZ,242,771,0,0,0,0,163,0.00%,4E-54.US SENATOR.LORETTA L. SANCHEZ
000098 ,2,3,031 032 111 112 199 227 238 239,MEAS_Q,NO,281,603,322,1,~  4ES-4,MEASURE Q HUMBOLDT COUN,NO,281,603,0,0,0,0,36,0.00%,4ES-4.MEASURE Q HUMBOLDT COUNTY CREATION OF FINANCE DEPARTMENT MEASURE..NO
000098 ,1,1,031 032 111 199 226 227 229 238 239,PRES,GARY_JOHNSON,21,606,585,0,~  4ES-4,PRESIDENT AND VICE PRES,GARY JOHNSON      and,21,603,0,3,0,3,79,0.00%,4ES-4.PRESIDENT AND VICE PRESIDENT.GARY JOHNSON      and BILL WELD
000098 ,1,1,031 032 111 199 226 227 229 238 239,PRES,GLORIA_ESTELA_LA_RIVA,3,606,603,0,~  4ES-4,PRESIDENT AND VICE PRES,GLORIA ESTELA LA RIVA,3,603,0,3,0,3,79,0.00%,4ES-4.PRESIDENT AND VICE PRESIDENT.GLORIA ESTELA LA RIVA      and DENNIS J. BANKS
000098 ,1,1,031 032 111 199 226 227 229 238 239,PRES,JILL_STEIN,28,606,578,0,~  4ES-4,PRESIDENT AND VICE PRES,JILL STEIN      and A,28,603,0,3,0,3,79,0.00%,4ES-4.PRESIDENT AND VICE PRESIDENT.JILL STEIN      and AJAMU BARAKA
000098 ,1,1,031 032 111 199 226 227 229 238 239,PRES,Write_in,23,606,583,0,~  4ES-4,PRESIDENT AND VICE PRES,Write_in,23,603,0,3,0,3,79,0.00%,4ES-4.PRESIDENT AND VICE PRESIDENT.Write_in
000098 ,1,1,031 032 111 199 226 227 229 238 239,PROP_55,YES,356,606,250,2,~  4ES-4,PROPOSITION 55 TAX EXTE,YES,356,603,0,3,0,3,141,0.00%,4ES-4.PROPOSITION 55 TAX EXTENSION TO FUND EDUCATION AND HEALTHCARE. INITIATIVE CONSTITUTIONAL AMENDMENT..YES
000098 ,1,2,031 032 111 199 226 227 229 238 239,PROP_56,YES,306,606,300,0,~  4ES-4,PROPOSITION 56 CIGARETT,YES,306,603,0,3,0,3,30,0.00%,"4ES-4.PROPOSITION 56 CIGARETTE TAX TO FUND HEALTHCARE, TOBACCO USE PREVENTION, RESEARCH, AND.YES"
000098 ,1,2,031 032 111 199 226 227 229 238 239,PROP_60,YES,211,606,395,0,~  4ES-4,PROPOSITION 60 ADULT FI,YES,211,603,0,3,0,3,128,0.00%,4ES-4.PROPOSITION 60 ADULT FILMS. CONDOMS. HEALTH REQUIREMENTS. INITIATIVE STATUTE..YES
000098 ,1,2,031 032 111 199 226 227 229 238 239,PROP_63,YES,247,606,359,0,~  4ES-4,PROPOSITION 63 FIREARMS,YES,247,603,0,3,0,3,75,0.00%,4ES-4.PROPOSITION 63 FIREARMS. AMMUNITION SALES. INITIATIVE STATUTE..YES
000099 ,2,3,031 113 114 199 200 227 238 242,MEAS_R,YES,301,729,428,3,~  4ES-5,MEASURE R HUMBOLDT COUN,YES,301,744,0,-15,0,15,36,0.00%,4ES-5.MEASURE R HUMBOLDT COUNTY FINANCE DEPARTMENT ELECTIVE OFFICE MEASURE..YES
000099 ,1,1,031 113 199 200 227 229 238 242,PRES,GARY_JOHNSON,31,733,702,0,~  4ES-5,PRESIDENT AND VICE PRES,GARY JOHNSON      and,31,744,0,-11,0,11,172,0.00%,4ES-5.PRESIDENT AND VICE PRESIDENT.GARY JOHNSON      and BILL WELD
000099 ,1,1,031 113 199 200 227 229 238 242,PRES,GLORIA_ESTELA_LA_RIVA,1,733,732,0,~  4ES-5,PRESIDENT AND VICE PRES,GLORIA ESTELA LA RIVA,1,744,0,-11,0,11,172,0.00%,4ES-5.PRESIDENT AND VICE PRESIDENT.GLORIA ESTELA LA RIVA      and DENNIS J. BANKS
000099 ,1,1,031 113 199 200 227 229 238 242,PRES,Write_in,27,733,706,1,~  4ES-5,PRESIDENT AND VICE PRES,Write_in,27,744,0,-11,0,11,172,0.00%,4ES-5.PRESIDENT AND VICE PRESIDENT.Write_in
000099 ,1,1,031 113 199 200 227 229 238 242,PROP_52,NO,214,733,519,2,~  4ES-5,PROPOSITION 52 MEDI-CAL,NO,214,744,0,-11,0,11,267,0.00%,4ES-5.PROPOSITION 52 MEDI-CAL HOSPITAL FEE PROGRAM. INITIATIVE CONSTITUTIONAL AMENDMENT AND STATUTE..NO
000100 ,2,3,032 033 112 113 200 201 227 238 242,MEAS_Q,NO,313,630,317,1,~  4ES-6,MEASURE Q HUMBOLDT COUN,NO,313,633,0,-3,0,3,69,0.00%,4ES-6.MEASURE Q HUMBOLDT COUNTY CREATION OF FINANCE DEPARTMENT MEASURE..NO
000100 ,1,1,032 033 112 200 201 227 229 238 242,PRES,DONALD_J_TRUMP,226,633,407,0,~  4ES-6,PRESIDENT AND VICE PRES,DONALD J. TRUMP      ,226,633,0,0,0,0,95,0.00%,4ES-6.PRESIDENT AND VICE PRESIDENT.DONALD J. TRUMP      and MICHAEL R. PENCE
000100 ,1,1,032 033 112 200 201 227 229 238 242,PRES,GARY_JOHNSON,31,633,602,0,~  4ES-6,PRESIDENT AND VICE PRES,GARY JOHNSON      and,31,633,0,0,0,0,95,0.00%,4ES-6.PRESIDENT AND VICE PRESIDENT.GARY JOHNSON      and BILL WELD
000100 ,1,1,032 033 112 200 201 227 229 238 242,PRES,GLORIA_ESTELA_LA_RIVA,4,633,629,0,~  4ES-6,PRESIDENT AND VICE PRES,GLORIA ESTELA LA RIVA,4,633,0,0,0,0,95,0.00%,4ES-6.PRESIDENT AND VICE PRESIDENT.GLORIA ESTELA LA RIVA      and DENNIS J. BANKS
000100 ,1,1,032 033 112 200 201 227 229 238 242,PRES,JILL_STEIN,22,633,611,0,~  4ES-6,PRESIDENT AND VICE PRES,JILL STEIN      and A,22,633,0,0,0,0,95,0.00%,4ES-6.PRESIDENT AND VICE PRESIDENT.JILL STEIN      and AJAMU BARAKA
000100 ,1,1,032 033 112 200 201 227 229 238 242,PRES,Write_in,23,633,610,0,~  4ES-6,PRESIDENT AND VICE PRES,Write_in,23,633,0,0,0,0,95,0.00%,4ES-6.PRESIDENT AND VICE PRESIDENT.Write_in
000100 ,1,1,032 033 112 200 201 227 229 238 242,PROP_51,NO,337,633,296,0,~  4ES-6,PROPOSITION 51 SCHOOL B,NO,337,633,0,0,0,0,67,0.00%,4ES-6.PROPOSITION 51 SCHOOL BONDS. FUNDING FOR K-12 SCHOOL AND COMMUNITY COLLEGE FACILITIES. INITIATIVE.NO
000100 ,1,1,032 033 112 200 201 227 229 238 242,PROP_51,YES,270,633,363,0,~  4ES-6,PROPOSITION 51 SCHOOL B,YES,270,633,0,0,0,0,67,0.00%,4ES-6.PROPOSITION 51 SCHOOL BONDS. FUNDING FOR K-12 SCHOOL AND COMMUNITY COLLEGE FACILITIES. INITIATIVE.YES
000100 ,1,1,032 033 112 200 201 227 229 238 242,PROP_52,YES,373,633,260,0,~  4ES-6,PROPOSITION 52 MEDI-CAL,YES,373,633,0,0,0,0,149,0.00%,4ES-6.PROPOSITION 52 MEDI-CAL HOSPITAL FEE PROGRAM. INITIATIVE CONSTITUTIONAL AMENDMENT AND STATUTE..YES
000100 ,1,1,032 033 112 200 201 227 229 238 242,PROP_53,NO,310,633,323,0,~  4ES-6,PROPOSITION 53 REVENUE ,NO,310,633,0,0,0,0,30,0.00%,4ES-6.PROPOSITION 53 REVENUE BONDS. STATEWIDE VOTER APPROVAL. INITIATIVE CONSTITUTIONAL AMENDMENT..NO
000100 ,1,1,032 033 112 200 201 227 229 238 242,PROP_53,YES,280,633,353,0,~  4ES-6,PROPOSITION 53 REVENUE ,YES,280,633,0,0,0,0,30,0.00%,4ES-6.PROPOSITION 53 REVENUE BONDS. STATEWIDE VOTER APPROVAL. INITIATIVE CONSTITUTIONAL AMENDMENT..YES
000100 ,1,1,032 033 112 200 201 227 229 238 242,PROP_55,NO,234,633,399,0,~  4ES-6,PROPOSITION 55 TAX EXTE,NO,234,633,0,0,0,0,138,0.00%,4ES-6.PROPOSITION 55 TAX EXTENSION TO FUND EDUCATION AND HEALTHCARE. INITIATIVE CONSTITUTIONAL AMENDMENT..NO
000100 ,1,2,032 033 112 200 201 227 229 238 242,PROP_56,YES,346,632,286,1,~  4ES-6,PROPOSITION 56 CIGARETT,YES,346,633,0,-1,0,1,81,0.00%,"4ES-6.PROPOSITION 56 CIGARETTE TAX TO FUND HEALTHCARE, TOBACCO USE PREVENTION, RESEARCH, AND.YES"
000100 ,1,2,032 033 112 200 201 227 229 238 242,PROP_57,NO,232,632,400,0,~  4ES-6,PROPOSITION 57 CRIMINAL,NO,232,633,0,-1,0,1,135,0.00%,4ES-6.PROPOSITION 57 CRIMINAL SENTENCES. PAROLE. JUVENILE CRIMINAL PROCEEDINGS AND SENTENCING. INITIATIVE.NO
000100 ,1,2,032 033 112 200 201 227 229 238 242,PROP_57,YES,367,632,265,0,~  4ES-6,PROPOSITION 57 CRIMINAL,YES,367,633,0,-1,0,1,135,0.00%,4ES-6.PROPOSITION 57 CRIMINAL SENTENCES. PAROLE. JUVENILE CRIMINAL PROCEEDINGS AND SENTENCING. INITIATIVE.YES
000100 ,1,2,032 033 112 200 201 227 229 238 242,PROP_59,NO,258,632,374,0,~  4ES-6,PROPOSITION 59 CORPORAT,NO,258,633,0,-1,0,1,52,0.00%,4ES-6.PROPOSITION 59 CORPORATIONS. POLITICAL SPENDING. FEDERAL CONSTITUTIONAL PROTECTIONS..NO
000100 ,1,2,032 033 112 200 201 227 229 238 242,PROP_59,YES,310,632,322,0,~  4ES-6,PROPOSITION 59 CORPORAT,YES,310,633,0,-1,0,1,52,0.00%,4ES-6.PROPOSITION 59 CORPORATIONS. POLITICAL SPENDING. FEDERAL CONSTITUTIONAL PROTECTIONS..YES
000100 ,1,2,032 033 112 200 201 227 229 238 242,PROP_60,NO,366,632,266,1,~  4ES-6,PROPOSITION 60 ADULT FI,NO,366,633,0,-1,0,1,145,0.00%,4ES-6.PROPOSITION 60 ADULT FILMS. CONDOMS. HEALTH REQUIREMENTS. INITIATIVE STATUTE..NO
000100 ,1,2,032 033 112 200 201 227 229 238 242,PROP_61,NO,276,632,356,0,~  4ES-6,PROPOSITION 61 STATE PR,NO,276,633,0,-1,0,1,33,0.00%,4ES-6.PROPOSITION 61 STATE PRESCRIPTION DRUG PURCHASES. PRICING STANDARDS. INITIATIVE STATUTE..NO
000100 ,1,2,032 033 112 200 201 227 229 238 242,PROP_61,YES,309,632,323,0,~  4ES-6,PROPOSITION 61 STATE PR,YES,309,633,0,-1,0,1,33,0.00%,4ES-6.PROPOSITION 61 STATE PRESCRIPTION DRUG PURCHASES. PRICING STANDARDS. INITIATIVE STATUTE..YES
000100 ,1,2,032 033 112 200 201 227 229 238 242,PROP_63,NO,315,632,317,1,~  4ES-6,PROPOSITION 63 FIREARMS,NO,315,633,0,-1,0,1,28,0.00%,4ES-6.PROPOSITION 63 FIREARMS. AMMUNITION SALES. INITIATIVE STATUTE..NO
000100 ,2,3,032 033 112 113 200 201 227 238 242,PROP_64,NO,257,630,373,1,~  4ES-6,PROPOSITION 64 MARIJUAN,NO,257,633,0,-3,0,3,99,0.00%,4ES-6.PROPOSITION 64 MARIJUANA LEGALIZATION. INITIATIVE STATUTE..NO
000100 ,2,3,032 033 112 113 200 201 227 238 242,PROP_65,NO,352,630,278,0,~  4ES-6,PROPOSITION 65 CARRYOUT,NO,352,633,0,-3,0,3,106,0.00%,4ES-6.PROPOSITION 65 CARRYOUT BAGS. CHARGES. INITIATIVE STATUTE..NO
000100 ,2,3,032 033 112 113 200 201 227 238 242,PROP_65,YES,246,630,384,0,~  4ES-6,PROPOSITION 65 CARRYOUT,YES,246,633,0,-3,0,3,106,0.00%,4ES-6.PROPOSITION 65 CARRYOUT BAGS. CHARGES. INITIATIVE STATUTE..YES
000100 ,2,3,032 033 112 113 200 201 227 238 242,PROP_66,NO,308,630,322,0,~  4ES-6,PROPOSITION 66 DEATH PE,NO,308,633,0,-3,0,3,47,0.00%,4ES-6.PROPOSITION 66 DEATH PENALTY. PROCEDURES. INITIATIVE STATUTE..NO
000100 ,2,3,032 033 112 113 200 201 227 238 242,PROP_66,YES,261,630,369,0,~  4ES-6,PROPOSITION 66 DEATH PE,YES,261,633,0,-3,0,3,47,0.00%,4ES-6.PROPOSITION 66 DEATH PENALTY. PROCEDURES. INITIATIVE STATUTE..YES
000100 ,2,3,032 033 112 113 200 201 227 238 242,PROP_67,NO,286,630,344,3,~  4ES-6,PROPOSITION 67 BAN ON S,NO,286,633,0,-3,0,3,35,0.00%,4ES-6.PROPOSITION 67 BAN ON SINGLE-USE PLASTIC BAGS. REFERENDUM..NO
000100 ,1,1,032 033 112 200 201 227 229 238 242,STATEASS2,KEN_ANTON,191,633,442,1,~  4ES-6,"STATE ASSEMBLY, DISTRIC",KEN ANTON,191,633,0,0,0,0,170,0.00%,"4ES-6.STATE ASSEMBLY, DISTRICT 2.KEN ANTON"
000100 ,1,1,032 033 112 200 201 227 229 238 242,USREP,DALE_K_MENSING,196,633,437,0,~  4ES-6,US REPRESENTATIVE IN CO,DALE K. MENSING,196,633,0,0,0,0,202,0.00%,"4ES-6.US REPRESENTATIVE IN CONGRESS, DISTRICT 2.DALE K. MENSING"
000100 ,1,1,032 033 112 200 201 227 229 238 242,USREP,JARED_W_HUFFMAN,398,633,235,0,~  4ES-6,US REPRESENTATIVE IN CO,JARED W. HUFFMAN,398,633,0,0,0,0,202,0.00%,"4ES-6.US REPRESENTATIVE IN CONGRESS, DISTRICT 2.JARED W. HUFFMAN"
000100 ,1,1,032 033 112 200 201 227 229 238 242,USSEN,KAMALA_D_HARRIS,323,633,310,0,~  4ES-6,US SENATOR,KAMALA D. HARRIS,323,633,0,0,0,0,140,0.00%,4ES-6.US SENATOR.KAMALA D. HARRIS
000100 ,1,1,032 033 112 200 201 227 229 238 242,USSEN,LORETTA_L_SANCHEZ,183,633,450,0,~  4ES-6,US SENATOR,LORETTA L. SANCHEZ,183,633,0,0,0,0,140,0.00%,4ES-6.US SENATOR.LORETTA L. SANCHEZ
000101 ,2,3,035 036 220 221 223,MEAS_Q,NO,55,137,82,0,~  4PEF,MEASURE Q HUMBOLDT COUN,NO,55,139,0,-2,0,2,10,0.00%,4PEF.MEASURE Q HUMBOLDT COUNTY CREATION OF FINANCE DEPARTMENT MEASURE..NO
000101 ,2,3,035 036 220 221 223,MEAS_Q,YES,65,137,72,0,~  4PEF,MEASURE Q HUMBOLDT COUN,YES,65,139,0,-2,0,2,10,0.00%,4PEF.MEASURE Q HUMBOLDT COUNTY CREATION OF FINANCE DEPARTMENT MEASURE..YES
000101 ,2,3,035 036 220 221 223,MEAS_R,NO,56,137,81,1,~  4PEF,MEASURE R HUMBOLDT COUN,NO,56,139,0,-2,0,2,3,0.00%,4PEF.MEASURE R HUMBOLDT COUNTY FINANCE DEPARTMENT ELECTIVE OFFICE MEASURE..NO
000101 ,2,3,035 036 220 221 223,MEAS_S,NO,42,137,95,0,~  4PEF,MEASURE S HUMBOLDT COUN,NO,42,139,0,-2,0,2,42,0.00%,4PEF.MEASURE S HUMBOLDT COUNTY COMMERCIAL MARIJUANA CULTIVATION MEASURE..NO
000101 ,2,3,035 036 220 221 223,MEAS_S,YES,84,137,53,0,~  4PEF,MEASURE S HUMBOLDT COUN,YES,84,139,0,-2,0,2,42,0.00%,4PEF.MEASURE S HUMBOLDT COUNTY COMMERCIAL MARIJUANA CULTIVATION MEASURE..YES
000101 ,2,3,035 036 220 221 223,MEAS_U,NO,60,137,77,0,~  4PEF,MEASURE U LOCAL TRANSPO,NO,60,139,0,-2,0,2,6,0.00%,4PEF.MEASURE U LOCAL TRANSPORTATION AUTHORITY RETAIL TRANSACTIONS AND USE TAX..NO
000101 ,2,3,035 036 220 221 223,MEAS_U,YES,66,137,71,0,~  4PEF,MEASURE U LOCAL TRANSPO,YES,66,139,0,-2,0,2,6,0.00%,4PEF.MEASURE U LOCAL TRANSPORTATION AUTHORITY RETAIL TRANSACTIONS AND USE TAX..YES
000101 ,2,3,035 036 220 221 223,MEAS_V,NO,41,137,96,0,~  4PEF,MEASURE V MOBILE HOME P,NO,41,139,0,-2,0,2,43,0.00%,4PEF.MEASURE V MOBILE HOME PARK SPACE RENT STABILIZATION..NO
000101 ,2,3,035 036 220 221 223,MEAS_V,YES,84,137,53,0,~  4PEF,MEASURE V MOBILE HOME P,YES,84,139,0,-2,0,2,43,0.00%,4PEF.MEASURE V MOBILE HOME PARK SPACE RENT STABILIZATION..YES
000101 ,1,1,035 036 220 221 223 229,PRES,DONALD_J_TRUMP,40,139,99,0,~  4PEF,PRESIDENT AND VICE PRES,DONALD J. TRUMP      ,40,139,0,0,0,0,39,0.00%,4PEF.PRESIDENT AND VICE PRESIDENT.DONALD J. TRUMP      and MICHAEL R. PENCE
000101 ,1,1,035 036 220 221 223 229,PRES,GARY_JOHNSON,6,139,133,0,~  4PEF,PRESIDENT AND VICE PRES,GARY JOHNSON      and,6,139,0,0,0,0,39,0.00%,4PEF.PRESIDENT AND VICE PRESIDENT.GARY JOHNSON      and BILL WELD
000101 ,1,1,035 036 220 221 223 229,PRES,GLORIA_ESTELA_LA_RIVA,0,139,139,0,~  4PEF,PRESIDENT AND VICE PRES,GLORIA ESTELA LA RIVA,0,139,0,0,0,0,39,0.00%,4PEF.PRESIDENT AND VICE PRESIDENT.GLORIA ESTELA LA RIVA      and DENNIS J. BANKS
000101 ,1,1,035 036 220 221 223 229,PRES,HILLARY_CLINTON,79,139,60,0,~  4PEF,PRESIDENT AND VICE PRES,HILLARY CLINTON      ,79,139,0,0,0,0,39,0.00%,4PEF.PRESIDENT AND VICE PRESIDENT.HILLARY CLINTON      and TIM KAINE
000101 ,1,1,035 036 220 221 223 229,PRES,JILL_STEIN,9,139,130,0,~  4PEF,PRESIDENT AND VICE PRES,JILL STEIN      and A,9,139,0,0,0,0,39,0.00%,4PEF.PRESIDENT AND VICE PRESIDENT.JILL STEIN      and AJAMU BARAKA
000101 ,1,1,035 036 220 221 223 229,PRES,Write_in,5,139,134,0,~  4PEF,PRESIDENT AND VICE PRES,Write_in,5,139,0,0,0,0,39,0.00%,4PEF.PRESIDENT AND VICE PRESIDENT.Write_in
000101 ,1,1,035 036 220 221 223 229,PROP_51,NO,60,139,79,0,~  4PEF,PROPOSITION 51 SCHOOL B,NO,60,139,0,0,0,0,9,0.00%,4PEF.PROPOSITION 51 SCHOOL BONDS. FUNDING FOR K-12 SCHOOL AND COMMUNITY COLLEGE FACILITIES. INITIATIVE.NO
000101 ,1,1,035 036 220 221 223 229,PROP_51,YES,69,139,70,0,~  4PEF,PROPOSITION 51 SCHOOL B,YES,69,139,0,0,0,0,9,0.00%,4PEF.PROPOSITION 51 SCHOOL BONDS. FUNDING FOR K-12 SCHOOL AND COMMUNITY COLLEGE FACILITIES. INITIATIVE.YES
000101 ,1,1,035 036 220 221 223 229,PROP_52,NO,42,139,97,1,~  4PEF,PROPOSITION 52 MEDI-CAL,NO,42,139,0,0,0,0,47,0.00%,4PEF.PROPOSITION 52 MEDI-CAL HOSPITAL FEE PROGRAM. INITIATIVE CONSTITUTIONAL AMENDMENT AND STATUTE..NO
000101 ,1,1,035 036 220 221 223 229,PROP_53,NO,61,139,78,1,~  4PEF,PROPOSITION 53 REVENUE ,NO,61,139,0,0,0,0,3,0.00%,4PEF.PROPOSITION 53 REVENUE BONDS. STATEWIDE VOTER APPROVAL. INITIATIVE CONSTITUTIONAL AMENDMENT..NO
000101 ,1,1,035 036 220 221 223 229,PROP_54,NO,46,139,93,0,~  4PEF,PROPOSITION 54 LEGISLAT,NO,46,139,0,0,0,0,36,0.00%,4PEF.PROPOSITION 54 LEGISLATURE. LEGISLATION AND PROCEEDINGS. INITIATIVE CONSTITUTIONAL AMENDMENT AND.NO
000101 ,1,1,035 036 220 221 223 229,PROP_54,YES,82,139,57,0,~  4PEF,PROPOSITION 54 LEGISLAT,YES,82,139,0,0,0,0,36,0.00%,4PEF.PROPOSITION 54 LEGISLATURE. LEGISLATION AND PROCEEDINGS. INITIATIVE CONSTITUTIONAL AMENDMENT AND.YES
000101 ,1,1,035 036 220 221 223 229,PROP_55,NO,32,139,107,0,~  4PEF,PROPOSITION 55 TAX EXTE,NO,32,139,0,0,0,0,67,0.00%,4PEF.PROPOSITION 55 TAX EXTENSION TO FUND EDUCATION AND HEALTHCARE. INITIATIVE CONSTITUTIONAL AMENDMENT..NO
000101 ,1,1,035 036 220 221 223 229,PROP_55,YES,99,139,40,0,~  4PEF,PROPOSITION 55 TAX EXTE,YES,99,139,0,0,0,0,67,0.00%,4PEF.PROPOSITION 55 TAX EXTENSION TO FUND EDUCATION AND HEALTHCARE. INITIATIVE CONSTITUTIONAL AMENDMENT..YES
000101 ,1,2,035 036 220 221 223 229,PROP_56,NO,62,139,77,0,~  4PEF,PROPOSITION 56 CIGARETT,NO,62,139,0,0,0,0,7,0.00%,"4PEF.PROPOSITION 56 CIGARETTE TAX TO FUND HEALTHCARE, TOBACCO USE PREVENTION, RESEARCH, AND.NO"
000101 ,1,2,035 036 220 221 223 229,PROP_56,YES,69,139,70,0,~  4PEF,PROPOSITION 56 CIGARETT,YES,69,139,0,0,0,0,7,0.00%,"4PEF.PROPOSITION 56 CIGARETTE TAX TO FUND HEALTHCARE, TOBACCO USE PREVENTION, RESEARCH, AND.YES"
000101 ,1,2,035 036 220 221 223 229,PROP_57,NO,30,139,109,0,~  4PEF,PROPOSITION 57 CRIMINAL,NO,30,139,0,0,0,0,63,0.00%,4PEF.PROPOSITION 57 CRIMINAL SENTENCES. PAROLE. JUVENILE CRIMINAL PROCEEDINGS AND SENTENCING. INITIATIVE.NO
000101 ,1,2,035 036 220 221 223 229,PROP_57,YES,93,139,46,0,~  4PEF,PROPOSITION 57 CRIMINAL,YES,93,139,0,0,0,0,63,0.00%,4PEF.PROPOSITION 57 CRIMINAL SENTENCES. PAROLE. JUVENILE CRIMINAL PROCEEDINGS AND SENTENCING. INITIATIVE.YES
000101 ,1,2,035 036 220 221 223 229,PROP_58,NO,12,139,127,0,~  4PEF,PROPOSITION 58 ENGLISH ,NO,12,139,0,0,0,0,101,0.00%,4PEF.PROPOSITION 58 ENGLISH PROFICIENCY. MULTILINGUAL EDUCATION. INITIATIVE STATUTE..NO
000101 ,1,2,035 036 220 221 223 229,PROP_58,YES,113,139,26,0,~  4PEF,PROPOSITION 58 ENGLISH ,YES,113,139,0,0,0,0,101,0.00%,4PEF.PROPOSITION 58 ENGLISH PROFICIENCY. MULTILINGUAL EDUCATION. INITIATIVE STATUTE..YES
000101 ,1,2,035 036 220 221 223 229,PROP_59,NO,38,139,101,0,~  4PEF,PROPOSITION 59 CORPORAT,NO,38,139,0,0,0,0,47,0.00%,4PEF.PROPOSITION 59 CORPORATIONS. POLITICAL SPENDING. FEDERAL CONSTITUTIONAL PROTECTIONS..NO
000101 ,1,2,035 036 220 221 223 229,PROP_59,YES,85,139,54,0,~  4PEF,PROPOSITION 59 CORPORAT,YES,85,139,0,0,0,0,47,0.00%,4PEF.PROPOSITION 59 CORPORATIONS. POLITICAL SPENDING. FEDERAL CONSTITUTIONAL PROTECTIONS..YES
000101 ,1,2,035 036 220 221 223 229,PROP_60,NO,79,139,60,0,~  4PEF,PROPOSITION 60 ADULT FI,NO,79,139,0,0,0,0,33,0.00%,4PEF.PROPOSITION 60 ADULT FILMS. CONDOMS. HEALTH REQUIREMENTS. INITIATIVE STATUTE..NO
000101 ,1,2,035 036 220 221 223 229,PROP_60,YES,46,139,93,0,~  4PEF,PROPOSITION 60 ADULT FI,YES,46,139,0,0,0,0,33,0.00%,4PEF.PROPOSITION 60 ADULT FILMS. CONDOMS. HEALTH REQUIREMENTS. INITIATIVE STATUTE..YES
000101 ,1,2,035 036 220 221 223 229,PROP_61,NO,55,139,84,1,~  4PEF,PROPOSITION 61 STATE PR,NO,55,139,0,0,0,0,12,0.00%,4PEF.PROPOSITION 61 STATE PRESCRIPTION DRUG PURCHASES. PRICING STANDARDS. INITIATIVE STATUTE..NO
000101 ,1,2,035 036 220 221 223 229,PROP_62,NO,62,139,77,0,~  4PEF,PROPOSITION 62 DEATH PE,NO,62,139,0,0,0,0,2,0.00%,4PEF.PROPOSITION 62 DEATH PENALTY. INITIATIVE STATUTE..NO
000101 ,1,2,035 036 220 221 223 229,PROP_62,YES,60,139,79,0,~  4PEF,PROPOSITION 62 DEATH PE,YES,60,139,0,0,0,0,2,0.00%,4PEF.PROPOSITION 62 DEATH PENALTY. INITIATIVE STATUTE..YES
000101 ,1,2,035 036 220 221 223 229,PROP_63,NO,64,139,75,0,~  4PEF,PROPOSITION 63 FIREARMS,NO,64,139,0,0,0,0,1,0.00%,4PEF.PROPOSITION 63 FIREARMS. AMMUNITION SALES. INITIATIVE STATUTE..NO
000101 ,1,2,035 036 220 221 223 229,PROP_63,YES,63,139,76,0,~  4PEF,PROPOSITION 63 FIREARMS,YES,63,139,0,0,0,0,1,0.00%,4PEF.PROPOSITION 63 FIREARMS. AMMUNITION SALES. INITIATIVE STATUTE..YES
000101 ,2,3,035 036 220 221 223,PROP_64,NO,36,137,101,0,~  4PEF,PROPOSITION 64 MARIJUAN,NO,36,139,0,-2,0,2,59,0.00%,4PEF.PROPOSITION 64 MARIJUANA LEGALIZATION. INITIATIVE STATUTE..NO
000101 ,2,3,035 036 220 221 223,PROP_64,YES,95,137,42,0,~  4PEF,PROPOSITION 64 MARIJUAN,YES,95,139,0,-2,0,2,59,0.00%,4PEF.PROPOSITION 64 MARIJUANA LEGALIZATION. INITIATIVE STATUTE..YES
000101 ,2,3,035 036 220 221 223,PROP_65,NO,69,137,68,0,~  4PEF,PROPOSITION 65 CARRYOUT,NO,69,139,0,-2,0,2,8,0.00%,4PEF.PROPOSITION 65 CARRYOUT BAGS. CHARGES. INITIATIVE STATUTE..NO
000101 ,2,3,035 036 220 221 223,PROP_65,YES,61,137,76,0,~  4PEF,PROPOSITION 65 CARRYOUT,YES,61,139,0,-2,0,2,8,0.00%,4PEF.PROPOSITION 65 CARRYOUT BAGS. CHARGES. INITIATIVE STATUTE..YES
000101 ,2,3,035 036 220 221 223,PROP_66,NO,72,137,65,0,~  4PEF,PROPOSITION 66 DEATH PE,NO,72,139,0,-2,0,2,24,0.00%,4PEF.PROPOSITION 66 DEATH PENALTY. PROCEDURES. INITIATIVE STATUTE..NO
000101 ,2,3,035 036 220 221 223,PROP_66,YES,48,137,89,0,~  4PEF,PROPOSITION 66 DEATH PE,YES,48,139,0,-2,0,2,24,0.00%,4PEF.PROPOSITION 66 DEATH PENALTY. PROCEDURES. INITIATIVE STATUTE..YES
000101 ,2,3,035 036 220 221 223,PROP_67,NO,52,137,85,0,~  4PEF,PROPOSITION 67 BAN ON S,NO,52,139,0,-2,0,2,29,0.00%,4PEF.PROPOSITION 67 BAN ON SINGLE-USE PLASTIC BAGS. REFERENDUM..NO
000101 ,2,3,035 036 220 221 223,PROP_67,YES,81,137,56,0,~  4PEF,PROPOSITION 67 BAN ON S,YES,81,139,0,-2,0,2,29,0.00%,4PEF.PROPOSITION 67 BAN ON SINGLE-USE PLASTIC BAGS. REFERENDUM..YES
000101 ,1,1,035 036 220 221 223 229,STATEASS2,KEN_ANTON,27,139,112,1,~  4PEF,"STATE ASSEMBLY, DISTRIC",KEN ANTON,27,139,0,0,0,0,67,0.00%,"4PEF.STATE ASSEMBLY, DISTRICT 2.KEN ANTON"
000101 ,1,1,035 036 220 221 223 229,USREP,DALE_K_MENSING,27,139,112,0,~  4PEF,US REPRESENTATIVE IN CO,DALE K. MENSING,27,139,0,0,0,0,81,0.00%,"4PEF.US REPRESENTATIVE IN CONGRESS, DISTRICT 2.DALE K. MENSING"
000101 ,1,1,035 036 220 221 223 229,USREP,JARED_W_HUFFMAN,108,139,31,0,~  4PEF,US REPRESENTATIVE IN CO,JARED W. HUFFMAN,108,139,0,0,0,0,81,0.00%,"4PEF.US REPRESENTATIVE IN CONGRESS, DISTRICT 2.JARED W. HUFFMAN"
000101 ,1,1,035 036 220 221 223 229,USSEN,KAMALA_D_HARRIS,81,139,58,0,~  4PEF,US SENATOR,KAMALA D. HARRIS,81,139,0,0,0,0,42,0.00%,4PEF.US SENATOR.KAMALA D. HARRIS
000101 ,1,1,035 036 220 221 223 229,USSEN,LORETTA_L_SANCHEZ,39,139,100,0,~  4PEF,US SENATOR,LORETTA L. SANCHEZ,39,139,0,0,0,0,42,0.00%,4PEF.US SENATOR.LORETTA L. SANCHEZ
000102 ,2,3,035 220 223,MEAS_H,NO,54,121,67,0,~  5AS-4,MEASURE H ARCATA SCHOOL,NO,54,121,0,0,0,0,5,0.00%,5AS-4.MEASURE H ARCATA SCHOOL DISTRICT PARCEL TAX..NO
000102 ,2,3,035 220 223,MEAS_H,YES,59,121,62,0,~  5AS-4,MEASURE H ARCATA SCHOOL,YES,59,121,0,0,0,0,5,0.00%,5AS-4.MEASURE H ARCATA SCHOOL DISTRICT PARCEL TAX..YES
000102 ,2,3,035 220 223,MEAS_I,BONDS_NO,51,121,70,0,~  5AS-4,MEASURE I ARCATA SCHOOL,BONDS NO,51,121,0,0,0,0,9,0.00%,5AS-4.MEASURE I ARCATA SCHOOL DISTRICT BOND MEASURE..BONDS NO
000102 ,2,3,035 220 223,MEAS_I,BONDS_YES,60,121,61,0,~  5AS-4,MEASURE I ARCATA SCHOOL,BONDS YES,60,121,0,0,0,0,9,0.00%,5AS-4.MEASURE I ARCATA SCHOOL DISTRICT BOND MEASURE..BONDS YES
000102 ,2,3,035 220 223,MEAS_Q,NO,57,121,64,0,~  5AS-4,MEASURE Q HUMBOLDT COUN,NO,57,121,0,0,0,0,7,0.00%,5AS-4.MEASURE Q HUMBOLDT COUNTY CREATION OF FINANCE DEPARTMENT MEASURE..NO
000102 ,2,3,035 220 223,MEAS_Q,YES,50,121,71,0,~  5AS-4,MEASURE Q HUMBOLDT COUN,YES,50,121,0,0,0,0,7,0.00%,5AS-4.MEASURE Q HUMBOLDT COUNTY CREATION OF FINANCE DEPARTMENT MEASURE..YES
000102 ,2,3,035 220 223,MEAS_R,NO,59,121,62,0,~  5AS-4,MEASURE R HUMBOLDT COUN,NO,59,121,0,0,0,0,12,0.00%,5AS-4.MEASURE R HUMBOLDT COUNTY FINANCE DEPARTMENT ELECTIVE OFFICE MEASURE..NO
000102 ,2,3,035 220 223,MEAS_R,YES,47,121,74,0,~  5AS-4,MEASURE R HUMBOLDT COUN,YES,47,121,0,0,0,0,12,0.00%,5AS-4.MEASURE R HUMBOLDT COUNTY FINANCE DEPARTMENT ELECTIVE OFFICE MEASURE..YES
000102 ,2,3,035 220 223,MEAS_S,NO,44,121,77,0,~  5AS-4,MEASURE S HUMBOLDT COUN,NO,44,121,0,0,0,0,26,0.00%,5AS-4.MEASURE S HUMBOLDT COUNTY COMMERCIAL MARIJUANA CULTIVATION MEASURE..NO
000102 ,2,3,035 220 223,MEAS_S,YES,70,121,51,0,~  5AS-4,MEASURE S HUMBOLDT COUN,YES,70,121,0,0,0,0,26,0.00%,5AS-4.MEASURE S HUMBOLDT COUNTY COMMERCIAL MARIJUANA CULTIVATION MEASURE..YES
000102 ,2,3,035 220 223,MEAS_U,NO,59,121,62,0,~  5AS-4,MEASURE U LOCAL TRANSPO,NO,59,121,0,0,0,0,7,0.00%,5AS-4.MEASURE U LOCAL TRANSPORTATION AUTHORITY RETAIL TRANSACTIONS AND USE TAX..NO
000102 ,2,3,035 220 223,MEAS_U,YES,52,121,69,0,~  5AS-4,MEASURE U LOCAL TRANSPO,YES,52,121,0,0,0,0,7,0.00%,5AS-4.MEASURE U LOCAL TRANSPORTATION AUTHORITY RETAIL TRANSACTIONS AND USE TAX..YES
000102 ,2,4,035 220 223,MEAS_V,NO,55,121,66,0,~  5AS-4,MEASURE V MOBILE HOME P,NO,55,121,0,0,0,0,2,0.00%,5AS-4.MEASURE V MOBILE HOME PARK SPACE RENT STABILIZATION..NO
000102 ,2,4,035 220 223,MEAS_V,YES,53,121,68,0,~  5AS-4,MEASURE V MOBILE HOME P,YES,53,121,0,0,0,0,2,0.00%,5AS-4.MEASURE V MOBILE HOME PARK SPACE RENT STABILIZATION..YES
000102 ,1,1,035 220 223,PRES,DONALD_J_TRUMP,35,121,86,0,~  5AS-4,PRESIDENT AND VICE PRES,DONALD J. TRUMP      ,35,121,0,0,0,0,37,0.00%,5AS-4.PRESIDENT AND VICE PRESIDENT.DONALD J. TRUMP      and MICHAEL R. PENCE
000102 ,1,1,035 220 223,PRES,GARY_JOHNSON,6,121,115,0,~  5AS-4,PRESIDENT AND VICE PRES,GARY JOHNSON      and,6,121,0,0,0,0,37,0.00%,5AS-4.PRESIDENT AND VICE PRESIDENT.GARY JOHNSON      and BILL WELD
000102 ,1,1,035 220 223,PRES,GLORIA_ESTELA_LA_RIVA,0,121,121,0,~  5AS-4,PRESIDENT AND VICE PRES,GLORIA ESTELA LA RIVA,0,121,0,0,0,0,37,0.00%,5AS-4.PRESIDENT AND VICE PRESIDENT.GLORIA ESTELA LA RIVA      and DENNIS J. BANKS
000102 ,1,1,035 220 223,PRES,HILLARY_CLINTON,72,121,49,0,~  5AS-4,PRESIDENT AND VICE PRES,HILLARY CLINTON      ,72,121,0,0,0,0,37,0.00%,5AS-4.PRESIDENT AND VICE PRESIDENT.HILLARY CLINTON      and TIM KAINE
000102 ,1,1,035 220 223,PRES,JILL_STEIN,6,121,115,0,~  5AS-4,PRESIDENT AND VICE PRES,JILL STEIN      and A,6,121,0,0,0,0,37,0.00%,5AS-4.PRESIDENT AND VICE PRESIDENT.JILL STEIN      and AJAMU BARAKA
000102 ,1,1,035 220 223,PROP_51,NO,69,121,52,0,~  5AS-4,PROPOSITION 51 SCHOOL B,NO,69,121,0,0,0,0,22,0.00%,5AS-4.PROPOSITION 51 SCHOOL BONDS. FUNDING FOR K-12 SCHOOL AND COMMUNITY COLLEGE FACILITIES. INITIATIVE.NO
000102 ,1,1,035 220 223,PROP_51,YES,47,121,74,0,~  5AS-4,PROPOSITION 51 SCHOOL B,YES,47,121,0,0,0,0,22,0.00%,5AS-4.PROPOSITION 51 SCHOOL BONDS. FUNDING FOR K-12 SCHOOL AND COMMUNITY COLLEGE FACILITIES. INITIATIVE.YES
000102 ,1,1,035 220 223,PROP_52,YES,79,121,42,1,~  5AS-4,PROPOSITION 52 MEDI-CAL,YES,79,121,0,0,0,0,41,0.00%,5AS-4.PROPOSITION 52 MEDI-CAL HOSPITAL FEE PROGRAM. INITIATIVE CONSTITUTIONAL AMENDMENT AND STATUTE..YES
000102 ,1,1,035 220 223,PROP_53,NO,57,121,64,0,~  5AS-4,PROPOSITION 53 REVENUE ,NO,57,121,0,0,0,0,0,--,5AS-4.PROPOSITION 53 REVENUE BONDS. STATEWIDE VOTER APPROVAL. INITIATIVE CONSTITUTIONAL AMENDMENT..NO
000102 ,1,1,035 220 223,PROP_53,YES,57,121,64,0,~  5AS-4,PROPOSITION 53 REVENUE ,YES,57,121,0,0,0,0,0,--,5AS-4.PROPOSITION 53 REVENUE BONDS. STATEWIDE VOTER APPROVAL. INITIATIVE CONSTITUTIONAL AMENDMENT..YES
000102 ,1,1,035 220 223,PROP_54,NO,44,121,77,0,~  5AS-4,PROPOSITION 54 LEGISLAT,NO,44,121,0,0,0,0,27,0.00%,5AS-4.PROPOSITION 54 LEGISLATURE. LEGISLATION AND PROCEEDINGS. INITIATIVE CONSTITUTIONAL AMENDMENT AND.NO
000102 ,1,1,035 220 223,PROP_54,YES,71,121,50,0,~  5AS-4,PROPOSITION 54 LEGISLAT,YES,71,121,0,0,0,0,27,0.00%,5AS-4.PROPOSITION 54 LEGISLATURE. LEGISLATION AND PROCEEDINGS. INITIATIVE CONSTITUTIONAL AMENDMENT AND.YES
000102 ,1,1,035 220 223,PROP_55,NO,32,121,89,0,~  5AS-4,PROPOSITION 55 TAX EXTE,NO,32,121,0,0,0,0,53,0.00%,5AS-4.PROPOSITION 55 TAX EXTENSION TO FUND EDUCATION AND HEALTHCARE. INITIATIVE CONSTITUTIONAL AMENDMENT..NO
000102 ,1,1,035 220 223,PROP_55,YES,85,121,36,0,~  5AS-4,PROPOSITION 55 TAX EXTE,YES,85,121,0,0,0,0,53,0.00%,5AS-4.PROPOSITION 55 TAX EXTENSION TO FUND EDUCATION AND HEALTHCARE. INITIATIVE CONSTITUTIONAL AMENDMENT..YES
000102 ,1,2,035 220 223,PROP_56,NO,54,121,67,0,~  5AS-4,PROPOSITION 56 CIGARETT,NO,54,121,0,0,0,0,11,0.00%,"5AS-4.PROPOSITION 56 CIGARETTE TAX TO FUND HEALTHCARE, TOBACCO USE PREVENTION, RESEARCH, AND.NO"
000102 ,1,2,035 220 223,PROP_56,YES,65,121,56,0,~  5AS-4,PROPOSITION 56 CIGARETT,YES,65,121,0,0,0,0,11,0.00%,"5AS-4.PROPOSITION 56 CIGARETTE TAX TO FUND HEALTHCARE, TOBACCO USE PREVENTION, RESEARCH, AND.YES"
000102 ,1,2,035 220 223,PROP_57,NO,42,121,79,0,~  5AS-4,PROPOSITION 57 CRIMINAL,NO,42,121,0,0,0,0,32,0.00%,5AS-4.PROPOSITION 57 CRIMINAL SENTENCES. PAROLE. JUVENILE CRIMINAL PROCEEDINGS AND SENTENCING. INITIATIVE.NO
000102 ,1,2,035 220 223,PROP_57,YES,74,121,47,0,~  5AS-4,PROPOSITION 57 CRIMINAL,YES,74,121,0,0,0,0,32,0.00%,5AS-4.PROPOSITION 57 CRIMINAL SENTENCES. PAROLE. JUVENILE CRIMINAL PROCEEDINGS AND SENTENCING. INITIATIVE.YES
000102 ,1,2,035 220 223,PROP_58,NO,35,121,86,0,~  5AS-4,PROPOSITION 58 ENGLISH ,NO,35,121,0,0,0,0,48,0.00%,5AS-4.PROPOSITION 58 ENGLISH PROFICIENCY. MULTILINGUAL EDUCATION. INITIATIVE STATUTE..NO
000102 ,1,2,035 220 223,PROP_58,YES,83,121,38,0,~  5AS-4,PROPOSITION 58 ENGLISH ,YES,83,121,0,0,0,0,48,0.00%,5AS-4.PROPOSITION 58 ENGLISH PROFICIENCY. MULTILINGUAL EDUCATION. INITIATIVE STATUTE..YES
000102 ,1,2,035 220 223,PROP_59,NO,49,121,72,0,~  5AS-4,PROPOSITION 59 CORPORAT,NO,49,121,0,0,0,0,17,0.00%,5AS-4.PROPOSITION 59 CORPORATIONS. POLITICAL SPENDING. FEDERAL CONSTITUTIONAL PROTECTIONS..NO
000102 ,1,2,035 220 223,PROP_59,YES,66,121,55,0,~  5AS-4,PROPOSITION 59 CORPORAT,YES,66,121,0,0,0,0,17,0.00%,5AS-4.PROPOSITION 59 CORPORATIONS. POLITICAL SPENDING. FEDERAL CONSTITUTIONAL PROTECTIONS..YES
000102 ,1,2,035 220 223,PROP_60,NO,76,121,45,1,~  5AS-4,PROPOSITION 60 ADULT FI,NO,76,121,0,0,0,0,36,0.00%,5AS-4.PROPOSITION 60 ADULT FILMS. CONDOMS. HEALTH REQUIREMENTS. INITIATIVE STATUTE..NO
000102 ,1,2,035 220 223,PROP_61,NO,50,121,71,0,~  5AS-4,PROPOSITION 61 STATE PR,NO,50,121,0,0,0,0,15,0.00%,5AS-4.PROPOSITION 61 STATE PRESCRIPTION DRUG PURCHASES. PRICING STANDARDS. INITIATIVE STATUTE..NO
000102 ,1,2,035 220 223,PROP_61,YES,65,121,56,0,~  5AS-4,PROPOSITION 61 STATE PR,YES,65,121,0,0,0,0,15,0.00%,5AS-4.PROPOSITION 61 STATE PRESCRIPTION DRUG PURCHASES. PRICING STANDARDS. INITIATIVE STATUTE..YES
000102 ,1,2,035 220 223,PROP_62,NO,52,121,69,0,~  5AS-4,PROPOSITION 62 DEATH PE,NO,52,121,0,0,0,0,15,0.00%,5AS-4.PROPOSITION 62 DEATH PENALTY. INITIATIVE STATUTE..NO
000102 ,1,2,035 220 223,PROP_62,YES,67,121,54,0,~  5AS-4,PROPOSITION 62 DEATH PE,YES,67,121,0,0,0,0,15,0.00%,5AS-4.PROPOSITION 62 DEATH PENALTY. INITIATIVE STATUTE..YES
000102 ,1,2,035 220 223,PROP_63,NO,55,121,66,0,~  5AS-4,PROPOSITION 63 FIREARMS,NO,55,121,0,0,0,0,10,0.00%,5AS-4.PROPOSITION 63 FIREARMS. AMMUNITION SALES. INITIATIVE STATUTE..NO
000102 ,1,2,035 220 223,PROP_63,YES,65,121,56,0,~  5AS-4,PROPOSITION 63 FIREARMS,YES,65,121,0,0,0,0,10,0.00%,5AS-4.PROPOSITION 63 FIREARMS. AMMUNITION SALES. INITIATIVE STATUTE..YES
000102 ,2,3,035 220 223,PROP_64,NO,46,121,75,0,~  5AS-4,PROPOSITION 64 MARIJUAN,NO,46,121,0,0,0,0,29,0.00%,5AS-4.PROPOSITION 64 MARIJUANA LEGALIZATION. INITIATIVE STATUTE..NO
000102 ,2,3,035 220 223,PROP_64,YES,75,121,46,0,~  5AS-4,PROPOSITION 64 MARIJUAN,YES,75,121,0,0,0,0,29,0.00%,5AS-4.PROPOSITION 64 MARIJUANA LEGALIZATION. INITIATIVE STATUTE..YES
000102 ,2,3,035 220 223,PROP_65,NO,74,121,47,1,~  5AS-4,PROPOSITION 65 CARRYOUT,NO,74,121,0,0,0,0,32,0.00%,5AS-4.PROPOSITION 65 CARRYOUT BAGS. CHARGES. INITIATIVE STATUTE..NO
000102 ,2,3,035 220 223,PROP_66,NO,64,121,57,0,~  5AS-4,PROPOSITION 66 DEATH PE,NO,64,121,0,0,0,0,17,0.00%,5AS-4.PROPOSITION 66 DEATH PENALTY. PROCEDURES. INITIATIVE STATUTE..NO
000102 ,2,3,035 220 223,PROP_66,YES,47,121,74,0,~  5AS-4,PROPOSITION 66 DEATH PE,YES,47,121,0,0,0,0,17,0.00%,5AS-4.PROPOSITION 66 DEATH PENALTY. PROCEDURES. INITIATIVE STATUTE..YES
000102 ,2,3,035 220 223,PROP_67,YES,66,121,55,1,~  5AS-4,PROPOSITION 67 BAN ON S,YES,66,121,0,0,0,0,14,0.00%,5AS-4.PROPOSITION 67 BAN ON SINGLE-USE PLASTIC BAGS. REFERENDUM..YES
000102 ,1,1,035 220 223,STATEASS2,JIM_WOOD,79,121,42,0,~  5AS-4,"STATE ASSEMBLY, DISTRIC",JIM WOOD,79,121,0,0,0,0,49,0.00%,"5AS-4.STATE ASSEMBLY, DISTRICT 2.JIM WOOD"
000102 ,1,1,035 220 223,STATEASS2,KEN_ANTON,30,121,91,0,~  5AS-4,"STATE ASSEMBLY, DISTRIC",KEN ANTON,30,121,0,0,0,0,49,0.00%,"5AS-4.STATE ASSEMBLY, DISTRICT 2.KEN ANTON"
000102 ,1,1,035 220 223,USREP,DALE_K_MENSING,27,121,94,0,~  5AS-4,US REPRESENTATIVE IN CO,DALE K. MENSING,27,121,0,0,0,0,61,0.00%,"5AS-4.US REPRESENTATIVE IN CONGRESS, DISTRICT 2.DALE K. MENSING"
000102 ,1,1,035 220 223,USREP,JARED_W_HUFFMAN,88,121,33,0,~  5AS-4,US REPRESENTATIVE IN CO,JARED W. HUFFMAN,88,121,0,0,0,0,61,0.00%,"5AS-4.US REPRESENTATIVE IN CONGRESS, DISTRICT 2.JARED W. HUFFMAN"
000103 ,2,3,012 049 050 108 109 201 202 227 240,MEAS_R,YES,252,624,372,3,~  5BL,MEASURE R HUMBOLDT COUN,YES,252,626,0,-2,0,2,28,0.00%,5BL.MEASURE R HUMBOLDT COUNTY FINANCE DEPARTMENT ELECTIVE OFFICE MEASURE..YES
000103 ,2,3,012 049 050 108 109 201 202 227 240,MEAS_S,NO,221,624,403,1,~  5BL,MEASURE S HUMBOLDT COUN,NO,221,626,0,-2,0,2,143,0.00%,5BL.MEASURE S HUMBOLDT COUNTY COMMERCIAL MARIJUANA CULTIVATION MEASURE..NO
000103 ,2,3,012 049 050 108 109 201 202 227 240,MEAS_U,NO,323,624,301,0,~  5BL,MEASURE U LOCAL TRANSPO,NO,323,626,0,-2,0,2,76,0.00%,5BL.MEASURE U LOCAL TRANSPORTATION AUTHORITY RETAIL TRANSACTIONS AND USE TAX..NO
000103 ,2,3,012 049 050 108 109 201 202 227 240,MEAS_U,YES,247,624,377,0,~  5BL,MEASURE U LOCAL TRANSPO,YES,247,626,0,-2,0,2,76,0.00%,5BL.MEASURE U LOCAL TRANSPORTATION AUTHORITY RETAIL TRANSACTIONS AND USE TAX..YES
000103 ,2,3,012 049 050 108 109 201 202 227 240,MEAS_V,NO,283,624,341,2,~  5BL,MEASURE V MOBILE HOME P,NO,283,626,0,-2,0,2,7,0.00%,5BL.MEASURE V MOBILE HOME PARK SPACE RENT STABILIZATION..NO
000103 ,1,1,012 049 050 109 201 202 227 229 240,PRES,DONALD_J_TRUMP,211,626,415,0,~  5BL,PRESIDENT AND VICE PRES,DONALD J. TRUMP      ,211,626,0,0,0,0,125,0.00%,5BL.PRESIDENT AND VICE PRESIDENT.DONALD J. TRUMP      and MICHAEL R. PENCE
000103 ,1,1,012 049 050 109 201 202 227 229 240,PRES,GARY_JOHNSON,27,626,599,0,~  5BL,PRESIDENT AND VICE PRES,GARY JOHNSON      and,27,626,0,0,0,0,125,0.00%,5BL.PRESIDENT AND VICE PRESIDENT.GARY JOHNSON      and BILL WELD
000103 ,1,1,012 049 050 109 201 202 227 229 240,PRES,GLORIA_ESTELA_LA_RIVA,3,626,623,0,~  5BL,PRESIDENT AND VICE PRES,GLORIA ESTELA LA RIVA,3,626,0,0,0,0,125,0.00%,5BL.PRESIDENT AND VICE PRESIDENT.GLORIA ESTELA LA RIVA      and DENNIS J. BANKS
000103 ,1,1,012 049 050 109 201 202 227 229 240,PRES,HILLARY_CLINTON,336,626,290,0,~  5BL,PRESIDENT AND VICE PRES,HILLARY CLINTON      ,336,626,0,0,0,0,125,0.00%,5BL.PRESIDENT AND VICE PRESIDENT.HILLARY CLINTON      and TIM KAINE
000103 ,1,1,012 049 050 109 201 202 227 229 240,PRES,JILL_STEIN,29,626,597,0,~  5BL,PRESIDENT AND VICE PRES,JILL STEIN      and A,29,626,0,0,0,0,125,0.00%,5BL.PRESIDENT AND VICE PRESIDENT.JILL STEIN      and AJAMU BARAKA
000103 ,1,1,012 049 050 109 201 202 227 229 240,PRES,Write_in,14,626,612,0,~  5BL,PRESIDENT AND VICE PRES,Write_in,14,626,0,0,0,0,125,0.00%,5BL.PRESIDENT AND VICE PRESIDENT.Write_in
000103 ,1,1,012 049 050 109 201 202 227 229 240,PROP_52,YES,387,626,239,1,~  5BL,PROPOSITION 52 MEDI-CAL,YES,387,626,0,0,0,0,188,0.00%,5BL.PROPOSITION 52 MEDI-CAL HOSPITAL FEE PROGRAM. INITIATIVE CONSTITUTIONAL AMENDMENT AND STATUTE..YES
000103 ,1,1,012 049 050 109 201 202 227 229 240,PROP_55,YES,394,626,232,1,~  5BL,PROPOSITION 55 TAX EXTE,YES,394,626,0,0,0,0,192,0.00%,5BL.PROPOSITION 55 TAX EXTENSION TO FUND EDUCATION AND HEALTHCARE. INITIATIVE CONSTITUTIONAL AMENDMENT..YES
000103 ,1,2,012 049 050 109 201 202 227 229 240,PROP_56,NO,254,626,372,0,~  5BL,PROPOSITION 56 CIGARETT,NO,254,626,0,0,0,0,107,0.00%,"5BL.PROPOSITION 56 CIGARETTE TAX TO FUND HEALTHCARE, TOBACCO USE PREVENTION, RESEARCH, AND.NO"
000103 ,1,2,012 049 050 109 201 202 227 229 240,PROP_56,YES,361,626,265,0,~  5BL,PROPOSITION 56 CIGARETT,YES,361,626,0,0,0,0,107,0.00%,"5BL.PROPOSITION 56 CIGARETTE TAX TO FUND HEALTHCARE, TOBACCO USE PREVENTION, RESEARCH, AND.YES"
000103 ,1,2,012 049 050 109 201 202 227 229 240,PROP_57,NO,199,626,427,0,~  5BL,PROPOSITION 57 CRIMINAL,NO,199,626,0,0,0,0,197,0.00%,5BL.PROPOSITION 57 CRIMINAL SENTENCES. PAROLE. JUVENILE CRIMINAL PROCEEDINGS AND SENTENCING. INITIATIVE.NO
000103 ,1,2,012 049 050 109 201 202 227 229 240,PROP_57,YES,396,626,230,0,~  5BL,PROPOSITION 57 CRIMINAL,YES,396,626,0,0,0,0,197,0.00%,5BL.PROPOSITION 57 CRIMINAL SENTENCES. PAROLE. JUVENILE CRIMINAL PROCEEDINGS AND SENTENCING. INITIATIVE.YES
000103 ,1,2,012 049 050 109 201 202 227 229 240,PROP_58,NO,128,626,498,0,~  5BL,PROPOSITION 58 ENGLISH ,NO,128,626,0,0,0,0,335,0.00%,5BL.PROPOSITION 58 ENGLISH PROFICIENCY. MULTILINGUAL EDUCATION. INITIATIVE STATUTE..NO
000103 ,1,2,012 049 050 109 201 202 227 229 240,PROP_58,YES,463,626,163,0,~  5BL,PROPOSITION 58 ENGLISH ,YES,463,626,0,0,0,0,335,0.00%,5BL.PROPOSITION 58 ENGLISH PROFICIENCY. MULTILINGUAL EDUCATION. INITIATIVE STATUTE..YES
000103 ,1,2,012 049 050 109 201 202 227 229 240,PROP_59,NO,223,626,403,0,~  5BL,PROPOSITION 59 CORPORAT,NO,223,626,0,0,0,0,113,0.00%,5BL.PROPOSITION 59 CORPORATIONS. POLITICAL SPENDING. FEDERAL CONSTITUTIONAL PROTECTIONS..NO
000103 ,1,2,012 049 050 109 201 202 227 229 240,PROP_59,YES,336,626,290,0,~  5BL,PROPOSITION 59 CORPORAT,YES,336,626,0,0,0,0,113,0.00%,5BL.PROPOSITION 59 CORPORATIONS. POLITICAL SPENDING. FEDERAL CONSTITUTIONAL PROTECTIONS..YES
000103 ,1,2,012 049 050 109 201 202 227 229 240,PROP_61,NO,273,626,353,0,~  5BL,PROPOSITION 61 STATE PR,NO,273,626,0,0,0,0,28,0.00%,5BL.PROPOSITION 61 STATE PRESCRIPTION DRUG PURCHASES. PRICING STANDARDS. INITIATIVE STATUTE..NO
000103 ,1,2,012 049 050 109 201 202 227 229 240,PROP_61,YES,301,626,325,0,~  5BL,PROPOSITION 61 STATE PR,YES,301,626,0,0,0,0,28,0.00%,5BL.PROPOSITION 61 STATE PRESCRIPTION DRUG PURCHASES. PRICING STANDARDS. INITIATIVE STATUTE..YES
000103 ,1,2,012 049 050 109 201 202 227 229 240,PROP_63,NO,338,626,288,0,~  5BL,PROPOSITION 63 FIREARMS,NO,338,626,0,0,0,0,70,0.00%,5BL.PROPOSITION 63 FIREARMS. AMMUNITION SALES. INITIATIVE STATUTE..NO
000103 ,1,2,012 049 050 109 201 202 227 229 240,PROP_63,YES,268,626,358,0,~  5BL,PROPOSITION 63 FIREARMS,YES,268,626,0,0,0,0,70,0.00%,5BL.PROPOSITION 63 FIREARMS. AMMUNITION SALES. INITIATIVE STATUTE..YES
000103 ,2,3,012 049 050 108 109 201 202 227 240,PROP_64,NO,256,624,368,1,~  5BL,PROPOSITION 64 MARIJUAN,NO,256,626,0,-2,0,2,107,0.00%,5BL.PROPOSITION 64 MARIJUANA LEGALIZATION. INITIATIVE STATUTE..NO
000103 ,2,3,012 049 050 108 109 201 202 227 240,PROP_65,NO,381,624,243,1,~  5BL,PROPOSITION 65 CARRYOUT,NO,381,626,0,-2,0,2,167,0.00%,5BL.PROPOSITION 65 CARRYOUT BAGS. CHARGES. INITIATIVE STATUTE..NO
000103 ,2,3,012 049 050 108 109 201 202 227 240,PROP_66,NO,334,624,290,2,~  5BL,PROPOSITION 66 DEATH PE,NO,334,626,0,-2,0,2,113,0.00%,5BL.PROPOSITION 66 DEATH PENALTY. PROCEDURES. INITIATIVE STATUTE..NO
000103 ,2,3,012 049 050 108 109 201 202 227 240,PROP_67,NO,236,624,388,0,~  5BL,PROPOSITION 67 BAN ON S,NO,236,626,0,-2,0,2,132,0.00%,5BL.PROPOSITION 67 BAN ON SINGLE-USE PLASTIC BAGS. REFERENDUM..NO
000103 ,2,3,012 049 050 108 109 201 202 227 240,PROP_67,YES,368,624,256,0,~  5BL,PROPOSITION 67 BAN ON S,YES,368,626,0,-2,0,2,132,0.00%,5BL.PROPOSITION 67 BAN ON SINGLE-USE PLASTIC BAGS. REFERENDUM..YES
000103 ,1,1,012 049 050 109 201 202 227 229 240,STATEASS2,JIM_WOOD,367,626,259,0,~  5BL,"STATE ASSEMBLY, DISTRIC",JIM WOOD,367,626,0,0,0,0,195,0.00%,"5BL.STATE ASSEMBLY, DISTRICT 2.JIM WOOD"
000103 ,1,1,012 049 050 109 201 202 227 229 240,USREP,DALE_K_MENSING,184,626,442,1,~  5BL,US REPRESENTATIVE IN CO,DALE K. MENSING,184,626,0,0,0,0,224,0.00%,"5BL.US REPRESENTATIVE IN CONGRESS, DISTRICT 2.DALE K. MENSING"
000103 ,1,1,012 049 050 109 201 202 227 229 240,USSEN,KAMALA_D_HARRIS,323,626,303,1,~  5BL,US SENATOR,KAMALA D. HARRIS,323,626,0,0,0,0,151,0.00%,5BL.US SENATOR.KAMALA D. HARRIS
000104 ,1,1,011 012 090 091 202 203 227 229 240,PRES,DONALD_J_TRUMP,146,542,396,0,~  5FB,PRESIDENT AND VICE PRES,DONALD J. TRUMP      ,146,542,0,0,0,0,197,0.00%,5FB.PRESIDENT AND VICE PRESIDENT.DONALD J. TRUMP      and MICHAEL R. PENCE
000104 ,1,1,011 012 090 091 202 203 227 229 240,PRES,GARY_JOHNSON,14,542,528,0,~  5FB,PRESIDENT AND VICE PRES,GARY JOHNSON      and,14,542,0,0,0,0,197,0.00%,5FB.PRESIDENT AND VICE PRESIDENT.GARY JOHNSON      and BILL WELD
000104 ,1,1,011 012 090 091 202 203 227 229 240,PRES,GLORIA_ESTELA_LA_RIVA,3,542,539,0,~  5FB,PRESIDENT AND VICE PRES,GLORIA ESTELA LA RIVA,3,542,0,0,0,0,197,0.00%,5FB.PRESIDENT AND VICE PRESIDENT.GLORIA ESTELA LA RIVA      and DENNIS J. BANKS
000104 ,1,1,011 012 090 091 202 203 227 229 240,PRES,JILL_STEIN,19,542,523,0,~  5FB,PRESIDENT AND VICE PRES,JILL STEIN      and A,19,542,0,0,0,0,197,0.00%,5FB.PRESIDENT AND VICE PRESIDENT.JILL STEIN      and AJAMU BARAKA
000104 ,1,1,011 012 090 091 202 203 227 229 240,PRES,Write_in,9,542,533,0,~  5FB,PRESIDENT AND VICE PRES,Write_in,9,542,0,0,0,0,197,0.00%,5FB.PRESIDENT AND VICE PRESIDENT.Write_in
000104 ,1,1,011 012 090 091 202 203 227 229 240,PROP_51,NO,271,542,271,1,~  5FB,PROPOSITION 51 SCHOOL B,NO,271,542,0,0,0,0,22,0.00%,5FB.PROPOSITION 51 SCHOOL BONDS. FUNDING FOR K-12 SCHOOL AND COMMUNITY COLLEGE FACILITIES. INITIATIVE.NO
000104 ,1,1,011 012 090 091 202 203 227 229 240,PROP_52,NO,171,542,371,1,~  5FB,PROPOSITION 52 MEDI-CAL,NO,171,542,0,0,0,0,169,0.00%,5FB.PROPOSITION 52 MEDI-CAL HOSPITAL FEE PROGRAM. INITIATIVE CONSTITUTIONAL AMENDMENT AND STATUTE..NO
000104 ,1,1,011 012 090 091 202 203 227 229 240,PROP_53,NO,298,542,244,1,~  5FB,PROPOSITION 53 REVENUE ,NO,298,542,0,0,0,0,90,0.00%,5FB.PROPOSITION 53 REVENUE BONDS. STATEWIDE VOTER APPROVAL. INITIATIVE CONSTITUTIONAL AMENDMENT..NO
000104 ,1,1,011 012 090 091 202 203 227 229 240,PROP_55,NO,184,542,358,0,~  5FB,PROPOSITION 55 TAX EXTE,NO,184,542,0,0,0,0,154,0.00%,5FB.PROPOSITION 55 TAX EXTENSION TO FUND EDUCATION AND HEALTHCARE. INITIATIVE CONSTITUTIONAL AMENDMENT..NO
000104 ,1,2,011 012 090 091 202 203 227 229 240,PROP_57,NO,161,542,381,0,~  5FB,PROPOSITION 57 CRIMINAL,NO,161,542,0,0,0,0,183,0.00%,5FB.PROPOSITION 57 CRIMINAL SENTENCES. PAROLE. JUVENILE CRIMINAL PROCEEDINGS AND SENTENCING. INITIATIVE.NO
000104 ,1,2,011 012 090 091 202 203 227 229 240,PROP_58,NO,108,542,434,0,~  5FB,PROPOSITION 58 ENGLISH ,NO,108,542,0,0,0,0,297,0.00%,5FB.PROPOSITION 58 ENGLISH PROFICIENCY. MULTILINGUAL EDUCATION. INITIATIVE STATUTE..NO
000104 ,1,2,011 012 090 091 202 203 227 229 240,PROP_60,NO,332,542,210,1,~  5FB,PROPOSITION 60 ADULT FI,NO,332,542,0,0,0,0,164,0.00%,5FB.PROPOSITION 60 ADULT FILMS. CONDOMS. HEALTH REQUIREMENTS. INITIATIVE STATUTE..NO
000104 ,1,2,011 012 090 091 202 203 227 229 240,PROP_62,NO,229,542,313,1,~  5FB,PROPOSITION 62 DEATH PE,NO,229,542,0,0,0,0,52,0.00%,5FB.PROPOSITION 62 DEATH PENALTY. INITIATIVE STATUTE..NO
000104 ,2,3,011 012 090 091 202 203 227 229 240,PROP_66,NO,311,540,229,0,~  5FB,PROPOSITION 66 DEATH PE,NO,311,542,0,-2,0,2,136,0.00%,5FB.PROPOSITION 66 DEATH PENALTY. PROCEDURES. INITIATIVE STATUTE..NO
000104 ,1,1,011 012 090 091 202 203 227 229 240,STATEASS2,KEN_ANTON,133,542,409,1,~  5FB,"STATE ASSEMBLY, DISTRIC",KEN ANTON,133,542,0,0,0,0,220,0.00%,"5FB.STATE ASSEMBLY, DISTRICT 2.KEN ANTON"
000104 ,1,1,011 012 090 091 202 203 227 229 240,USREP,DALE_K_MENSING,131,542,411,0,~  5FB,US REPRESENTATIVE IN CO,DALE K. MENSING,131,542,0,0,0,0,252,0.00%,"5FB.US REPRESENTATIVE IN CONGRESS, DISTRICT 2.DALE K. MENSING"
000104 ,1,1,011 012 090 091 202 203 227 229 240,USREP,JARED_W_HUFFMAN,383,542,159,0,~  5FB,US REPRESENTATIVE IN CO,JARED W. HUFFMAN,383,542,0,0,0,0,252,0.00%,"5FB.US REPRESENTATIVE IN CONGRESS, DISTRICT 2.JARED W. HUFFMAN"
000104 ,1,1,011 012 090 091 202 203 227 229 240,USSEN,KAMALA_D_HARRIS,313,542,229,0,~  5FB,US SENATOR,KAMALA D. HARRIS,313,542,0,0,0,0,188,0.00%,5FB.US SENATOR.KAMALA D. HARRIS
000105 ,2,3,037 220 223 229,MEAS_Q,NO,50,93,43,0,~  5GP,MEASURE Q HUMBOLDT COUN,NO,50,93,0,0,0,0,19,0.00%,5GP.MEASURE Q HUMBOLDT COUNTY CREATION OF FINANCE DEPARTMENT MEASURE..NO
000105 ,2,3,037 220 223 229,MEAS_Q,YES,31,93,62,0,~  5GP,MEASURE Q HUMBOLDT COUN,YES,31,93,0,0,0,0,19,0.00%,5GP.MEASURE Q HUMBOLDT COUNTY CREATION OF FINANCE DEPARTMENT MEASURE..YES
000105 ,2,3,037 220 223 229,MEAS_R,NO,40,93,53,0,~  5GP,MEASURE R HUMBOLDT COUN,NO,40,93,0,0,0,0,1,0.00%,5GP.MEASURE R HUMBOLDT COUNTY FINANCE DEPARTMENT ELECTIVE OFFICE MEASURE..NO
000105 ,2,3,037 220 223 229,MEAS_S,NO,37,93,56,0,~  5GP,MEASURE S HUMBOLDT COUN,NO,37,93,0,0,0,0,19,0.00%,5GP.MEASURE S HUMBOLDT COUNTY COMMERCIAL MARIJUANA CULTIVATION MEASURE..NO
000105 ,2,3,037 220 223 229,MEAS_S,YES,56,93,37,0,~  5GP,MEASURE S HUMBOLDT COUN,YES,56,93,0,0,0,0,19,0.00%,5GP.MEASURE S HUMBOLDT COUNTY COMMERCIAL MARIJUANA CULTIVATION MEASURE..YES
000105 ,2,3,037 220 223 229,MEAS_U,NO,42,93,51,1,~  5GP,MEASURE U LOCAL TRANSPO,NO,42,93,0,0,0,0,2,0.00%,5GP.MEASURE U LOCAL TRANSPORTATION AUTHORITY RETAIL TRANSACTIONS AND USE TAX..NO
000105 ,2,3,037 220 223 229,MEAS_V,NO,35,93,58,0,~  5GP,MEASURE V MOBILE HOME P,NO,35,93,0,0,0,0,17,0.00%,5GP.MEASURE V MOBILE HOME PARK SPACE RENT STABILIZATION..NO
000105 ,2,3,037 220 223 229,MEAS_V,YES,52,93,41,0,~  5GP,MEASURE V MOBILE HOME P,YES,52,93,0,0,0,0,17,0.00%,5GP.MEASURE V MOBILE HOME PARK SPACE RENT STABILIZATION..YES
000105 ,1,1,037 220 223,PRES,DONALD_J_TRUMP,33,92,59,0,~  5GP,PRESIDENT AND VICE PRES,DONALD J. TRUMP      ,33,93,0,-1,0,1,17,0.00%,5GP.PRESIDENT AND VICE PRESIDENT.DONALD J. TRUMP      and MICHAEL R. PENCE
000105 ,1,1,037 220 223,PRES,GARY_JOHNSON,1,92,91,0,~  5GP,PRESIDENT AND VICE PRES,GARY JOHNSON      and,1,93,0,-1,0,1,17,0.00%,5GP.PRESIDENT AND VICE PRESIDENT.GARY JOHNSON      and BILL WELD
000105 ,1,1,037 220 223,PRES,GLORIA_ESTELA_LA_RIVA,0,92,92,0,~  5GP,PRESIDENT AND VICE PRES,GLORIA ESTELA LA RIVA,0,93,0,-1,0,1,17,0.00%,5GP.PRESIDENT AND VICE PRESIDENT.GLORIA ESTELA LA RIVA      and DENNIS J. BANKS
000105 ,1,1,037 220 223,PRES,HILLARY_CLINTON,50,92,42,0,~  5GP,PRESIDENT AND VICE PRES,HILLARY CLINTON      ,50,93,0,-1,0,1,17,0.00%,5GP.PRESIDENT AND VICE PRESIDENT.HILLARY CLINTON      and TIM KAINE
000105 ,1,1,037 220 223,PRES,JILL_STEIN,6,92,86,0,~  5GP,PRESIDENT AND VICE PRES,JILL STEIN      and A,6,93,0,-1,0,1,17,0.00%,5GP.PRESIDENT AND VICE PRESIDENT.JILL STEIN      and AJAMU BARAKA
000105 ,1,1,037 220 223,PRES,Write_in,2,92,90,0,~  5GP,PRESIDENT AND VICE PRES,Write_in,2,93,0,-1,0,1,17,0.00%,5GP.PRESIDENT AND VICE PRESIDENT.Write_in
000105 ,1,1,037 220 223,PROP_51,NO,42,92,50,0,~  5GP,PROPOSITION 51 SCHOOL B,NO,42,93,0,-1,0,1,4,0.00%,5GP.PROPOSITION 51 SCHOOL BONDS. FUNDING FOR K-12 SCHOOL AND COMMUNITY COLLEGE FACILITIES. INITIATIVE.NO
000105 ,1,1,037 220 223,PROP_51,YES,46,92,46,0,~  5GP,PROPOSITION 51 SCHOOL B,YES,46,93,0,-1,0,1,4,0.00%,5GP.PROPOSITION 51 SCHOOL BONDS. FUNDING FOR K-12 SCHOOL AND COMMUNITY COLLEGE FACILITIES. INITIATIVE.YES
000105 ,1,1,037 220 223,PROP_52,NO,22,92,70,0,~  5GP,PROPOSITION 52 MEDI-CAL,NO,22,93,0,-1,0,1,45,0.00%,5GP.PROPOSITION 52 MEDI-CAL HOSPITAL FEE PROGRAM. INITIATIVE CONSTITUTIONAL AMENDMENT AND STATUTE..NO
000105 ,1,1,037 220 223,PROP_52,YES,67,92,25,0,~  5GP,PROPOSITION 52 MEDI-CAL,YES,67,93,0,-1,0,1,45,0.00%,5GP.PROPOSITION 52 MEDI-CAL HOSPITAL FEE PROGRAM. INITIATIVE CONSTITUTIONAL AMENDMENT AND STATUTE..YES
000105 ,1,1,037 220 223,PROP_53,NO,49,92,43,0,~  5GP,PROPOSITION 53 REVENUE ,NO,49,93,0,-1,0,1,11,0.00%,5GP.PROPOSITION 53 REVENUE BONDS. STATEWIDE VOTER APPROVAL. INITIATIVE CONSTITUTIONAL AMENDMENT..NO
000105 ,1,1,037 220 223,PROP_53,YES,38,92,54,0,~  5GP,PROPOSITION 53 REVENUE ,YES,38,93,0,-1,0,1,11,0.00%,5GP.PROPOSITION 53 REVENUE BONDS. STATEWIDE VOTER APPROVAL. INITIATIVE CONSTITUTIONAL AMENDMENT..YES
000105 ,1,1,037 220 223,PROP_54,NO,24,92,68,0,~  5GP,PROPOSITION 54 LEGISLAT,NO,24,93,0,-1,0,1,37,0.00%,5GP.PROPOSITION 54 LEGISLATURE. LEGISLATION AND PROCEEDINGS. INITIATIVE CONSTITUTIONAL AMENDMENT AND.NO
000105 ,1,1,037 220 223,PROP_54,YES,61,92,31,0,~  5GP,PROPOSITION 54 LEGISLAT,YES,61,93,0,-1,0,1,37,0.00%,5GP.PROPOSITION 54 LEGISLATURE. LEGISLATION AND PROCEEDINGS. INITIATIVE CONSTITUTIONAL AMENDMENT AND.YES
000105 ,1,1,037 220 223,PROP_55,NO,28,92,64,0,~  5GP,PROPOSITION 55 TAX EXTE,NO,28,93,0,-1,0,1,33,0.00%,5GP.PROPOSITION 55 TAX EXTENSION TO FUND EDUCATION AND HEALTHCARE. INITIATIVE CONSTITUTIONAL AMENDMENT..NO
000105 ,1,1,037 220 223,PROP_55,YES,61,92,31,0,~  5GP,PROPOSITION 55 TAX EXTE,YES,61,93,0,-1,0,1,33,0.00%,5GP.PROPOSITION 55 TAX EXTENSION TO FUND EDUCATION AND HEALTHCARE. INITIATIVE CONSTITUTIONAL AMENDMENT..YES
000105 ,1,2,037 220 223,PROP_56,NO,47,92,45,0,~  5GP,PROPOSITION 56 CIGARETT,NO,47,93,0,-1,0,1,3,0.00%,"5GP.PROPOSITION 56 CIGARETTE TAX TO FUND HEALTHCARE, TOBACCO USE PREVENTION, RESEARCH, AND.NO"
000105 ,1,2,037 220 223,PROP_56,YES,44,92,48,0,~  5GP,PROPOSITION 56 CIGARETT,YES,44,93,0,-1,0,1,3,0.00%,"5GP.PROPOSITION 56 CIGARETTE TAX TO FUND HEALTHCARE, TOBACCO USE PREVENTION, RESEARCH, AND.YES"
000105 ,1,2,037 220 223,PROP_57,NO,26,92,66,0,~  5GP,PROPOSITION 57 CRIMINAL,NO,26,93,0,-1,0,1,38,0.00%,5GP.PROPOSITION 57 CRIMINAL SENTENCES. PAROLE. JUVENILE CRIMINAL PROCEEDINGS AND SENTENCING. INITIATIVE.NO
000105 ,1,2,037 220 223,PROP_57,YES,64,92,28,0,~  5GP,PROPOSITION 57 CRIMINAL,YES,64,93,0,-1,0,1,38,0.00%,5GP.PROPOSITION 57 CRIMINAL SENTENCES. PAROLE. JUVENILE CRIMINAL PROCEEDINGS AND SENTENCING. INITIATIVE.YES
000105 ,1,2,037 220 223,PROP_58,YES,71,92,21,1,~  5GP,PROPOSITION 58 ENGLISH ,YES,71,93,0,-1,0,1,54,0.00%,5GP.PROPOSITION 58 ENGLISH PROFICIENCY. MULTILINGUAL EDUCATION. INITIATIVE STATUTE..YES
000105 ,1,2,037 220 223,PROP_59,NO,33,92,59,0,~  5GP,PROPOSITION 59 CORPORAT,NO,33,93,0,-1,0,1,19,0.00%,5GP.PROPOSITION 59 CORPORATIONS. POLITICAL SPENDING. FEDERAL CONSTITUTIONAL PROTECTIONS..NO
000105 ,1,2,037 220 223,PROP_59,YES,52,92,40,0,~  5GP,PROPOSITION 59 CORPORAT,YES,52,93,0,-1,0,1,19,0.00%,5GP.PROPOSITION 59 CORPORATIONS. POLITICAL SPENDING. FEDERAL CONSTITUTIONAL PROTECTIONS..YES
000105 ,1,2,037 220 223,PROP_60,NO,49,92,43,0,~  5GP,PROPOSITION 60 ADULT FI,NO,49,93,0,-1,0,1,14,0.00%,5GP.PROPOSITION 60 ADULT FILMS. CONDOMS. HEALTH REQUIREMENTS. INITIATIVE STATUTE..NO
000105 ,1,2,037 220 223,PROP_60,YES,35,92,57,0,~  5GP,PROPOSITION 60 ADULT FI,YES,35,93,0,-1,0,1,14,0.00%,5GP.PROPOSITION 60 ADULT FILMS. CONDOMS. HEALTH REQUIREMENTS. INITIATIVE STATUTE..YES
000105 ,1,2,037 220 223,PROP_61,NO,34,92,58,0,~  5GP,PROPOSITION 61 STATE PR,NO,34,93,0,-1,0,1,16,0.00%,5GP.PROPOSITION 61 STATE PRESCRIPTION DRUG PURCHASES. PRICING STANDARDS. INITIATIVE STATUTE..NO
000105 ,1,2,037 220 223,PROP_61,YES,50,92,42,0,~  5GP,PROPOSITION 61 STATE PR,YES,50,93,0,-1,0,1,16,0.00%,5GP.PROPOSITION 61 STATE PRESCRIPTION DRUG PURCHASES. PRICING STANDARDS. INITIATIVE STATUTE..YES
000105 ,1,2,037 220 223,PROP_62,NO,36,92,56,0,~  5GP,PROPOSITION 62 DEATH PE,NO,36,93,0,-1,0,1,18,0.00%,5GP.PROPOSITION 62 DEATH PENALTY. INITIATIVE STATUTE..NO
000105 ,1,2,037 220 223,PROP_62,YES,54,92,38,0,~  5GP,PROPOSITION 62 DEATH PE,YES,54,93,0,-1,0,1,18,0.00%,5GP.PROPOSITION 62 DEATH PENALTY. INITIATIVE STATUTE..YES
000105 ,1,2,037 220 223,PROP_63,YES,39,92,53,1,~  5GP,PROPOSITION 63 FIREARMS,YES,39,93,0,-1,0,1,12,0.00%,5GP.PROPOSITION 63 FIREARMS. AMMUNITION SALES. INITIATIVE STATUTE..YES
000105 ,2,3,037 220 223 229,PROP_64,NO,36,93,57,0,~  5GP,PROPOSITION 64 MARIJUAN,NO,36,93,0,0,0,0,20,0.00%,5GP.PROPOSITION 64 MARIJUANA LEGALIZATION. INITIATIVE STATUTE..NO
000105 ,2,3,037 220 223 229,PROP_64,YES,56,93,37,0,~  5GP,PROPOSITION 64 MARIJUAN,YES,56,93,0,0,0,0,20,0.00%,5GP.PROPOSITION 64 MARIJUANA LEGALIZATION. INITIATIVE STATUTE..YES
000105 ,2,3,037 220 223 229,PROP_65,NO,60,93,33,1,~  5GP,PROPOSITION 65 CARRYOUT,NO,60,93,0,0,0,0,27,0.00%,5GP.PROPOSITION 65 CARRYOUT BAGS. CHARGES. INITIATIVE STATUTE..NO
000105 ,2,3,037 220 223 229,PROP_66,NO,39,93,54,1,~  5GP,PROPOSITION 66 DEATH PE,NO,39,93,0,0,0,0,7,0.00%,5GP.PROPOSITION 66 DEATH PENALTY. PROCEDURES. INITIATIVE STATUTE..NO
000105 ,2,3,037 220 223 229,PROP_67,NO,42,93,51,0,~  5GP,PROPOSITION 67 BAN ON S,NO,42,93,0,0,0,0,9,0.00%,5GP.PROPOSITION 67 BAN ON SINGLE-USE PLASTIC BAGS. REFERENDUM..NO
000105 ,2,3,037 220 223 229,PROP_67,YES,51,93,42,0,~  5GP,PROPOSITION 67 BAN ON S,YES,51,93,0,0,0,0,9,0.00%,5GP.PROPOSITION 67 BAN ON SINGLE-USE PLASTIC BAGS. REFERENDUM..YES
000105 ,1,1,037 220 223,STATEASS2,JIM_WOOD,53,92,39,1,~  5GP,"STATE ASSEMBLY, DISTRIC",JIM WOOD,53,93,0,-1,0,1,21,0.00%,"5GP.STATE ASSEMBLY, DISTRICT 2.JIM WOOD"
000105 ,1,1,037 220 223,USREP,DALE_K_MENSING,27,92,65,0,~  5GP,US REPRESENTATIVE IN CO,DALE K. MENSING,27,93,0,-1,0,1,35,0.00%,"5GP.US REPRESENTATIVE IN CONGRESS, DISTRICT 2.DALE K. MENSING"
000105 ,1,1,037 220 223,USREP,JARED_W_HUFFMAN,62,92,30,0,~  5GP,US REPRESENTATIVE IN CO,JARED W. HUFFMAN,62,93,0,-1,0,1,35,0.00%,"5GP.US REPRESENTATIVE IN CONGRESS, DISTRICT 2.JARED W. HUFFMAN"
000105 ,1,1,037 220 223,USSEN,KAMALA_D_HARRIS,54,92,38,0,~  5GP,US SENATOR,KAMALA D. HARRIS,54,93,0,-1,0,1,33,0.00%,5GP.US SENATOR.KAMALA D. HARRIS
000105 ,1,1,037 220 223,USSEN,LORETTA_L_SANCHEZ,21,92,71,0,~  5GP,US SENATOR,LORETTA L. SANCHEZ,21,93,0,-1,0,1,33,0.00%,5GP.US SENATOR.LORETTA L. SANCHEZ
000106 ,2,3,037 222 223,MEAS_Q,NO,42,69,27,0,~  5KT-1,MEASURE Q HUMBOLDT COUN,NO,42,69,0,0,0,0,29,0.00%,5KT-1.MEASURE Q HUMBOLDT COUNTY CREATION OF FINANCE DEPARTMENT MEASURE..NO
000106 ,2,3,037 222 223,MEAS_Q,YES,13,69,56,0,~  5KT-1,MEASURE Q HUMBOLDT COUN,YES,13,69,0,0,0,0,29,0.00%,5KT-1.MEASURE Q HUMBOLDT COUNTY CREATION OF FINANCE DEPARTMENT MEASURE..YES
000106 ,2,3,037 222 223,MEAS_R,NO,32,69,37,0,~  5KT-1,MEASURE R HUMBOLDT COUN,NO,32,69,0,0,0,0,9,0.00%,5KT-1.MEASURE R HUMBOLDT COUNTY FINANCE DEPARTMENT ELECTIVE OFFICE MEASURE..NO
000106 ,2,3,037 222 223,MEAS_R,YES,23,69,46,0,~  5KT-1,MEASURE R HUMBOLDT COUN,YES,23,69,0,0,0,0,9,0.00%,5KT-1.MEASURE R HUMBOLDT COUNTY FINANCE DEPARTMENT ELECTIVE OFFICE MEASURE..YES
000106 ,2,3,037 222 223,MEAS_S,NO,25,69,44,0,~  5KT-1,MEASURE S HUMBOLDT COUN,NO,25,69,0,0,0,0,14,0.00%,5KT-1.MEASURE S HUMBOLDT COUNTY COMMERCIAL MARIJUANA CULTIVATION MEASURE..NO
000106 ,2,3,037 222 223,MEAS_S,YES,39,69,30,0,~  5KT-1,MEASURE S HUMBOLDT COUN,YES,39,69,0,0,0,0,14,0.00%,5KT-1.MEASURE S HUMBOLDT COUNTY COMMERCIAL MARIJUANA CULTIVATION MEASURE..YES
000106 ,2,3,037 222 223,MEAS_U,NO,32,69,37,0,~  5KT-1,MEASURE U LOCAL TRANSPO,NO,32,69,0,0,0,0,4,0.00%,5KT-1.MEASURE U LOCAL TRANSPORTATION AUTHORITY RETAIL TRANSACTIONS AND USE TAX..NO
000106 ,2,3,037 222 223,MEAS_U,YES,28,69,41,0,~  5KT-1,MEASURE U LOCAL TRANSPO,YES,28,69,0,0,0,0,4,0.00%,5KT-1.MEASURE U LOCAL TRANSPORTATION AUTHORITY RETAIL TRANSACTIONS AND USE TAX..YES
000106 ,2,3,037 222 223,MEAS_V,NO,34,69,35,0,~  5KT-1,MEASURE V MOBILE HOME P,NO,34,69,0,0,0,0,4,0.00%,5KT-1.MEASURE V MOBILE HOME PARK SPACE RENT STABILIZATION..NO
000106 ,2,3,037 222 223,MEAS_V,YES,30,69,39,0,~  5KT-1,MEASURE V MOBILE HOME P,YES,30,69,0,0,0,0,4,0.00%,5KT-1.MEASURE V MOBILE HOME PARK SPACE RENT STABILIZATION..YES
000106 ,1,1,037 222 223,PRES,DONALD_J_TRUMP,14,69,55,0,~  5KT-1,PRESIDENT AND VICE PRES,DONALD J. TRUMP      ,14,69,0,0,0,0,31,0.00%,5KT-1.PRESIDENT AND VICE PRESIDENT.DONALD J. TRUMP      and MICHAEL R. PENCE
000106 ,1,1,037 222 223,PRES,GARY_JOHNSON,5,69,64,0,~  5KT-1,PRESIDENT AND VICE PRES,GARY JOHNSON      and,5,69,0,0,0,0,31,0.00%,5KT-1.PRESIDENT AND VICE PRESIDENT.GARY JOHNSON      and BILL WELD
000106 ,1,1,037 222 223,PRES,GLORIA_ESTELA_LA_RIVA,0,69,69,0,~  5KT-1,PRESIDENT AND VICE PRES,GLORIA ESTELA LA RIVA,0,69,0,0,0,0,31,0.00%,5KT-1.PRESIDENT AND VICE PRESIDENT.GLORIA ESTELA LA RIVA      and DENNIS J. BANKS
000106 ,1,1,037 222 223,PRES,HILLARY_CLINTON,45,69,24,0,~  5KT-1,PRESIDENT AND VICE PRES,HILLARY CLINTON      ,45,69,0,0,0,0,31,0.00%,5KT-1.PRESIDENT AND VICE PRESIDENT.HILLARY CLINTON      and TIM KAINE
000106 ,1,1,037 222 223,PRES,JILL_STEIN,4,69,65,0,~  5KT-1,PRESIDENT AND VICE PRES,JILL STEIN      and A,4,69,0,0,0,0,31,0.00%,5KT-1.PRESIDENT AND VICE PRESIDENT.JILL STEIN      and AJAMU BARAKA
000106 ,1,1,037 222 223,PRES,Write_in,1,69,68,0,~  5KT-1,PRESIDENT AND VICE PRES,Write_in,1,69,0,0,0,0,31,0.00%,5KT-1.PRESIDENT AND VICE PRESIDENT.Write_in
000106 ,1,1,037 222 223,PROP_51,NO,26,69,43,0,~  5KT-1,PROPOSITION 51 SCHOOL B,NO,26,69,0,0,0,0,12,0.00%,5KT-1.PROPOSITION 51 SCHOOL BONDS. FUNDING FOR K-12 SCHOOL AND COMMUNITY COLLEGE FACILITIES. INITIATIVE.NO
000106 ,1,1,037 222 223,PROP_51,YES,38,69,31,0,~  5KT-1,PROPOSITION 51 SCHOOL B,YES,38,69,0,0,0,0,12,0.00%,5KT-1.PROPOSITION 51 SCHOOL BONDS. FUNDING FOR K-12 SCHOOL AND COMMUNITY COLLEGE FACILITIES. INITIATIVE.YES
000106 ,1,1,037 222 223,PROP_52,NO,19,69,50,0,~  5KT-1,PROPOSITION 52 MEDI-CAL,NO,19,69,0,0,0,0,27,0.00%,5KT-1.PROPOSITION 52 MEDI-CAL HOSPITAL FEE PROGRAM. INITIATIVE CONSTITUTIONAL AMENDMENT AND STATUTE..NO
000106 ,1,1,037 222 223,PROP_52,YES,46,69,23,0,~  5KT-1,PROPOSITION 52 MEDI-CAL,YES,46,69,0,0,0,0,27,0.00%,5KT-1.PROPOSITION 52 MEDI-CAL HOSPITAL FEE PROGRAM. INITIATIVE CONSTITUTIONAL AMENDMENT AND STATUTE..YES
000106 ,1,1,037 222 223,PROP_53,NO,28,69,41,0,~  5KT-1,PROPOSITION 53 REVENUE ,NO,28,69,0,0,0,0,6,0.00%,5KT-1.PROPOSITION 53 REVENUE BONDS. STATEWIDE VOTER APPROVAL. INITIATIVE CONSTITUTIONAL AMENDMENT..NO
000106 ,1,1,037 222 223,PROP_53,YES,34,69,35,0,~  5KT-1,PROPOSITION 53 REVENUE ,YES,34,69,0,0,0,0,6,0.00%,5KT-1.PROPOSITION 53 REVENUE BONDS. STATEWIDE VOTER APPROVAL. INITIATIVE CONSTITUTIONAL AMENDMENT..YES
000106 ,1,1,037 222 223,PROP_54,NO,23,69,46,0,~  5KT-1,PROPOSITION 54 LEGISLAT,NO,23,69,0,0,0,0,15,0.00%,5KT-1.PROPOSITION 54 LEGISLATURE. LEGISLATION AND PROCEEDINGS. INITIATIVE CONSTITUTIONAL AMENDMENT AND.NO
000106 ,1,1,037 222 223,PROP_54,YES,38,69,31,0,~  5KT-1,PROPOSITION 54 LEGISLAT,YES,38,69,0,0,0,0,15,0.00%,5KT-1.PROPOSITION 54 LEGISLATURE. LEGISLATION AND PROCEEDINGS. INITIATIVE CONSTITUTIONAL AMENDMENT AND.YES
000106 ,1,1,037 222 223,PROP_55,YES,48,69,21,1,~  5KT-1,PROPOSITION 55 TAX EXTE,YES,48,69,0,0,0,0,32,0.00%,5KT-1.PROPOSITION 55 TAX EXTENSION TO FUND EDUCATION AND HEALTHCARE. INITIATIVE CONSTITUTIONAL AMENDMENT..YES
000106 ,1,2,037 222 223,PROP_56,NO,29,69,40,0,~  5KT-1,PROPOSITION 56 CIGARETT,NO,29,69,0,0,0,0,5,0.00%,"5KT-1.PROPOSITION 56 CIGARETTE TAX TO FUND HEALTHCARE, TOBACCO USE PREVENTION, RESEARCH, AND.NO"
000106 ,1,2,037 222 223,PROP_56,YES,34,69,35,0,~  5KT-1,PROPOSITION 56 CIGARETT,YES,34,69,0,0,0,0,5,0.00%,"5KT-1.PROPOSITION 56 CIGARETTE TAX TO FUND HEALTHCARE, TOBACCO USE PREVENTION, RESEARCH, AND.YES"
000106 ,1,2,037 222 223,PROP_57,NO,17,69,52,0,~  5KT-1,PROPOSITION 57 CRIMINAL,NO,17,69,0,0,0,0,28,0.00%,5KT-1.PROPOSITION 57 CRIMINAL SENTENCES. PAROLE. JUVENILE CRIMINAL PROCEEDINGS AND SENTENCING. INITIATIVE.NO
000106 ,1,2,037 222 223,PROP_57,YES,45,69,24,0,~  5KT-1,PROPOSITION 57 CRIMINAL,YES,45,69,0,0,0,0,28,0.00%,5KT-1.PROPOSITION 57 CRIMINAL SENTENCES. PAROLE. JUVENILE CRIMINAL PROCEEDINGS AND SENTENCING. INITIATIVE.YES
000106 ,1,2,037 222 223,PROP_58,NO,15,69,54,0,~  5KT-1,PROPOSITION 58 ENGLISH ,NO,15,69,0,0,0,0,33,0.00%,5KT-1.PROPOSITION 58 ENGLISH PROFICIENCY. MULTILINGUAL EDUCATION. INITIATIVE STATUTE..NO
000106 ,1,2,037 222 223,PROP_58,YES,48,69,21,0,~  5KT-1,PROPOSITION 58 ENGLISH ,YES,48,69,0,0,0,0,33,0.00%,5KT-1.PROPOSITION 58 ENGLISH PROFICIENCY. MULTILINGUAL EDUCATION. INITIATIVE STATUTE..YES
000106 ,1,2,037 222 223,PROP_59,NO,22,69,47,0,~  5KT-1,PROPOSITION 59 CORPORAT,NO,22,69,0,0,0,0,15,0.00%,5KT-1.PROPOSITION 59 CORPORATIONS. POLITICAL SPENDING. FEDERAL CONSTITUTIONAL PROTECTIONS..NO
000106 ,1,2,037 222 223,PROP_59,YES,37,69,32,0,~  5KT-1,PROPOSITION 59 CORPORAT,YES,37,69,0,0,0,0,15,0.00%,5KT-1.PROPOSITION 59 CORPORATIONS. POLITICAL SPENDING. FEDERAL CONSTITUTIONAL PROTECTIONS..YES
000106 ,1,2,037 222 223,PROP_60,NO,26,69,43,0,~  5KT-1,PROPOSITION 60 ADULT FI,NO,26,69,0,0,0,0,9,0.00%,5KT-1.PROPOSITION 60 ADULT FILMS. CONDOMS. HEALTH REQUIREMENTS. INITIATIVE STATUTE..NO
000106 ,1,2,037 222 223,PROP_60,YES,35,69,34,0,~  5KT-1,PROPOSITION 60 ADULT FI,YES,35,69,0,0,0,0,9,0.00%,5KT-1.PROPOSITION 60 ADULT FILMS. CONDOMS. HEALTH REQUIREMENTS. INITIATIVE STATUTE..YES
000106 ,1,2,037 222 223,PROP_61,NO,32,69,37,0,~  5KT-1,PROPOSITION 61 STATE PR,NO,32,69,0,0,0,0,1,0.00%,5KT-1.PROPOSITION 61 STATE PRESCRIPTION DRUG PURCHASES. PRICING STANDARDS. INITIATIVE STATUTE..NO
000106 ,1,2,037 222 223,PROP_61,YES,31,69,38,0,~  5KT-1,PROPOSITION 61 STATE PR,YES,31,69,0,0,0,0,1,0.00%,5KT-1.PROPOSITION 61 STATE PRESCRIPTION DRUG PURCHASES. PRICING STANDARDS. INITIATIVE STATUTE..YES
000106 ,1,2,037 222 223,PROP_62,NO,33,69,36,0,~  5KT-1,PROPOSITION 62 DEATH PE,NO,33,69,0,0,0,0,4,0.00%,5KT-1.PROPOSITION 62 DEATH PENALTY. INITIATIVE STATUTE..NO
000106 ,1,2,037 222 223,PROP_62,YES,29,69,40,0,~  5KT-1,PROPOSITION 62 DEATH PE,YES,29,69,0,0,0,0,4,0.00%,5KT-1.PROPOSITION 62 DEATH PENALTY. INITIATIVE STATUTE..YES
000106 ,1,2,037 222 223,PROP_63,NO,37,69,32,0,~  5KT-1,PROPOSITION 63 FIREARMS,NO,37,69,0,0,0,0,12,0.00%,5KT-1.PROPOSITION 63 FIREARMS. AMMUNITION SALES. INITIATIVE STATUTE..NO
000106 ,1,2,037 222 223,PROP_63,YES,25,69,44,0,~  5KT-1,PROPOSITION 63 FIREARMS,YES,25,69,0,0,0,0,12,0.00%,5KT-1.PROPOSITION 63 FIREARMS. AMMUNITION SALES. INITIATIVE STATUTE..YES
000106 ,2,3,037 222 223,PROP_64,NO,28,69,41,1,~  5KT-1,PROPOSITION 64 MARIJUAN,NO,28,69,0,0,0,0,12,0.00%,5KT-1.PROPOSITION 64 MARIJUANA LEGALIZATION. INITIATIVE STATUTE..NO
000106 ,2,3,037 222 223,PROP_65,NO,40,69,29,0,~  5KT-1,PROPOSITION 65 CARRYOUT,NO,40,69,0,0,0,0,13,0.00%,5KT-1.PROPOSITION 65 CARRYOUT BAGS. CHARGES. INITIATIVE STATUTE..NO
000106 ,2,3,037 222 223,PROP_65,YES,27,69,42,0,~  5KT-1,PROPOSITION 65 CARRYOUT,YES,27,69,0,0,0,0,13,0.00%,5KT-1.PROPOSITION 65 CARRYOUT BAGS. CHARGES. INITIATIVE STATUTE..YES
000106 ,2,3,037 222 223,PROP_66,NO,26,69,43,0,~  5KT-1,PROPOSITION 66 DEATH PE,NO,26,69,0,0,0,0,8,0.00%,5KT-1.PROPOSITION 66 DEATH PENALTY. PROCEDURES. INITIATIVE STATUTE..NO
000106 ,2,3,037 222 223,PROP_66,YES,34,69,35,0,~  5KT-1,PROPOSITION 66 DEATH PE,YES,34,69,0,0,0,0,8,0.00%,5KT-1.PROPOSITION 66 DEATH PENALTY. PROCEDURES. INITIATIVE STATUTE..YES
000106 ,2,3,037 222 223,PROP_67,NO,28,69,41,0,~  5KT-1,PROPOSITION 67 BAN ON S,NO,28,69,0,0,0,0,11,0.00%,5KT-1.PROPOSITION 67 BAN ON SINGLE-USE PLASTIC BAGS. REFERENDUM..NO
000106 ,2,3,037 222 223,PROP_67,YES,39,69,30,0,~  5KT-1,PROPOSITION 67 BAN ON S,YES,39,69,0,0,0,0,11,0.00%,5KT-1.PROPOSITION 67 BAN ON SINGLE-USE PLASTIC BAGS. REFERENDUM..YES
000106 ,1,1,037 222 223,STATEASS2,JIM_WOOD,47,69,22,0,~  5KT-1,"STATE ASSEMBLY, DISTRIC",JIM WOOD,47,69,0,0,0,0,32,0.00%,"5KT-1.STATE ASSEMBLY, DISTRICT 2.JIM WOOD"
000106 ,1,1,037 222 223,STATEASS2,KEN_ANTON,15,69,54,0,~  5KT-1,"STATE ASSEMBLY, DISTRIC",KEN ANTON,15,69,0,0,0,0,32,0.00%,"5KT-1.STATE ASSEMBLY, DISTRICT 2.KEN ANTON"
000106 ,1,1,037 222 223,USREP,DALE_K_MENSING,14,69,55,1,~  5KT-1,US REPRESENTATIVE IN CO,DALE K. MENSING,14,69,0,0,0,0,38,0.00%,"5KT-1.US REPRESENTATIVE IN CONGRESS, DISTRICT 2.DALE K. MENSING"
000106 ,1,1,037 222 223,USSEN,KAMALA_D_HARRIS,42,69,27,0,~  5KT-1,US SENATOR,KAMALA D. HARRIS,42,69,0,0,0,0,22,0.00%,5KT-1.US SENATOR.KAMALA D. HARRIS
000106 ,1,1,037 222 223,USSEN,LORETTA_L_SANCHEZ,20,69,49,0,~  5KT-1,US SENATOR,LORETTA L. SANCHEZ,20,69,0,0,0,0,22,0.00%,5KT-1.US SENATOR.LORETTA L. SANCHEZ
000107 ,2,3,036 037 222 223,MEAS_Q,NO,68,123,55,0,~  5KT-3,MEASURE Q HUMBOLDT COUN,NO,68,124,0,-1,0,1,32,0.00%,5KT-3.MEASURE Q HUMBOLDT COUNTY CREATION OF FINANCE DEPARTMENT MEASURE..NO
000107 ,2,3,036 037 222 223,MEAS_Q,YES,36,123,87,0,~  5KT-3,MEASURE Q HUMBOLDT COUN,YES,36,124,0,-1,0,1,32,0.00%,5KT-3.MEASURE Q HUMBOLDT COUNTY CREATION OF FINANCE DEPARTMENT MEASURE..YES
000107 ,2,3,036 037 222 223,MEAS_R,NO,61,123,62,0,~  5KT-3,MEASURE R HUMBOLDT COUN,NO,61,124,0,-1,0,1,21,0.00%,5KT-3.MEASURE R HUMBOLDT COUNTY FINANCE DEPARTMENT ELECTIVE OFFICE MEASURE..NO
000107 ,2,3,036 037 222 223,MEAS_R,YES,40,123,83,0,~  5KT-3,MEASURE R HUMBOLDT COUN,YES,40,124,0,-1,0,1,21,0.00%,5KT-3.MEASURE R HUMBOLDT COUNTY FINANCE DEPARTMENT ELECTIVE OFFICE MEASURE..YES
000107 ,2,3,036 037 222 223,MEAS_S,YES,58,123,65,2,~  5KT-3,MEASURE S HUMBOLDT COUN,YES,58,124,0,-1,0,1,4,0.00%,5KT-3.MEASURE S HUMBOLDT COUNTY COMMERCIAL MARIJUANA CULTIVATION MEASURE..YES
000107 ,2,3,036 037 222 223,MEAS_U,NO,48,123,75,0,~  5KT-3,MEASURE U LOCAL TRANSPO,NO,48,124,0,-1,0,1,17,0.00%,5KT-3.MEASURE U LOCAL TRANSPORTATION AUTHORITY RETAIL TRANSACTIONS AND USE TAX..NO
000107 ,2,3,036 037 222 223,MEAS_U,YES,65,123,58,0,~  5KT-3,MEASURE U LOCAL TRANSPO,YES,65,124,0,-1,0,1,17,0.00%,5KT-3.MEASURE U LOCAL TRANSPORTATION AUTHORITY RETAIL TRANSACTIONS AND USE TAX..YES
000107 ,2,3,036 037 222 223,MEAS_V,NO,52,123,71,0,~  5KT-3,MEASURE V MOBILE HOME P,NO,52,124,0,-1,0,1,3,0.00%,5KT-3.MEASURE V MOBILE HOME PARK SPACE RENT STABILIZATION..NO
000107 ,2,3,036 037 222 223,MEAS_V,YES,55,123,68,0,~  5KT-3,MEASURE V MOBILE HOME P,YES,55,124,0,-1,0,1,3,0.00%,5KT-3.MEASURE V MOBILE HOME PARK SPACE RENT STABILIZATION..YES
000107 ,1,1,036 037 222 223 229,PRES,DONALD_J_TRUMP,28,124,96,0,~  5KT-3,PRESIDENT AND VICE PRES,DONALD J. TRUMP      ,28,124,0,0,0,0,35,0.00%,5KT-3.PRESIDENT AND VICE PRESIDENT.DONALD J. TRUMP      and MICHAEL R. PENCE
000107 ,1,1,036 037 222 223 229,PRES,GARY_JOHNSON,4,124,120,0,~  5KT-3,PRESIDENT AND VICE PRES,GARY JOHNSON      and,4,124,0,0,0,0,35,0.00%,5KT-3.PRESIDENT AND VICE PRESIDENT.GARY JOHNSON      and BILL WELD
000107 ,1,1,036 037 222 223 229,PRES,GLORIA_ESTELA_LA_RIVA,2,124,122,0,~  5KT-3,PRESIDENT AND VICE PRES,GLORIA ESTELA LA RIVA,2,124,0,0,0,0,35,0.00%,5KT-3.PRESIDENT AND VICE PRESIDENT.GLORIA ESTELA LA RIVA      and DENNIS J. BANKS
000107 ,1,1,036 037 222 223 229,PRES,HILLARY_CLINTON,63,124,61,0,~  5KT-3,PRESIDENT AND VICE PRES,HILLARY CLINTON      ,63,124,0,0,0,0,35,0.00%,5KT-3.PRESIDENT AND VICE PRESIDENT.HILLARY CLINTON      and TIM KAINE
000107 ,1,1,036 037 222 223 229,PRES,JILL_STEIN,18,124,106,0,~  5KT-3,PRESIDENT AND VICE PRES,JILL STEIN      and A,18,124,0,0,0,0,35,0.00%,5KT-3.PRESIDENT AND VICE PRESIDENT.JILL STEIN      and AJAMU BARAKA
000107 ,1,1,036 037 222 223 229,PRES,Write_in,8,124,116,0,~  5KT-3,PRESIDENT AND VICE PRES,Write_in,8,124,0,0,0,0,35,0.00%,5KT-3.PRESIDENT AND VICE PRESIDENT.Write_in
000107 ,1,1,036 037 222 223 229,PROP_51,NO,64,124,60,0,~  5KT-3,PROPOSITION 51 SCHOOL B,NO,64,124,0,0,0,0,12,0.00%,5KT-3.PROPOSITION 51 SCHOOL BONDS. FUNDING FOR K-12 SCHOOL AND COMMUNITY COLLEGE FACILITIES. INITIATIVE.NO
000107 ,1,1,036 037 222 223 229,PROP_51,YES,52,124,72,0,~  5KT-3,PROPOSITION 51 SCHOOL B,YES,52,124,0,0,0,0,12,0.00%,5KT-3.PROPOSITION 51 SCHOOL BONDS. FUNDING FOR K-12 SCHOOL AND COMMUNITY COLLEGE FACILITIES. INITIATIVE.YES
000107 ,1,1,036 037 222 223 229,PROP_52,NO,32,124,92,0,~  5KT-3,PROPOSITION 52 MEDI-CAL,NO,32,124,0,0,0,0,48,0.00%,5KT-3.PROPOSITION 52 MEDI-CAL HOSPITAL FEE PROGRAM. INITIATIVE CONSTITUTIONAL AMENDMENT AND STATUTE..NO
000107 ,1,1,036 037 222 223 229,PROP_52,YES,80,124,44,0,~  5KT-3,PROPOSITION 52 MEDI-CAL,YES,80,124,0,0,0,0,48,0.00%,5KT-3.PROPOSITION 52 MEDI-CAL HOSPITAL FEE PROGRAM. INITIATIVE CONSTITUTIONAL AMENDMENT AND STATUTE..YES
000107 ,1,1,036 037 222 223 229,PROP_53,NO,56,124,68,0,~  5KT-3,PROPOSITION 53 REVENUE ,NO,56,124,0,0,0,0,3,0.00%,5KT-3.PROPOSITION 53 REVENUE BONDS. STATEWIDE VOTER APPROVAL. INITIATIVE CONSTITUTIONAL AMENDMENT..NO
000107 ,1,1,036 037 222 223 229,PROP_53,YES,53,124,71,0,~  5KT-3,PROPOSITION 53 REVENUE ,YES,53,124,0,0,0,0,3,0.00%,5KT-3.PROPOSITION 53 REVENUE BONDS. STATEWIDE VOTER APPROVAL. INITIATIVE CONSTITUTIONAL AMENDMENT..YES
000107 ,1,1,036 037 222 223 229,PROP_54,NO,32,124,92,1,~  5KT-3,PROPOSITION 54 LEGISLAT,NO,32,124,0,0,0,0,50,0.00%,5KT-3.PROPOSITION 54 LEGISLATURE. LEGISLATION AND PROCEEDINGS. INITIATIVE CONSTITUTIONAL AMENDMENT AND.NO
000107 ,1,1,036 037 222 223 229,PROP_55,NO,28,124,96,0,~  5KT-3,PROPOSITION 55 TAX EXTE,NO,28,124,0,0,0,0,59,0.00%,5KT-3.PROPOSITION 55 TAX EXTENSION TO FUND EDUCATION AND HEALTHCARE. INITIATIVE CONSTITUTIONAL AMENDMENT..NO
000107 ,1,1,036 037 222 223 229,PROP_55,YES,87,124,37,0,~  5KT-3,PROPOSITION 55 TAX EXTE,YES,87,124,0,0,0,0,59,0.00%,5KT-3.PROPOSITION 55 TAX EXTENSION TO FUND EDUCATION AND HEALTHCARE. INITIATIVE CONSTITUTIONAL AMENDMENT..YES
000107 ,1,2,036 037 222 223 229,PROP_56,NO,50,124,74,0,~  5KT-3,PROPOSITION 56 CIGARETT,NO,50,124,0,0,0,0,19,0.00%,"5KT-3.PROPOSITION 56 CIGARETTE TAX TO FUND HEALTHCARE, TOBACCO USE PREVENTION, RESEARCH, AND.NO"
000107 ,1,2,036 037 222 223 229,PROP_56,YES,69,124,55,0,~  5KT-3,PROPOSITION 56 CIGARETT,YES,69,124,0,0,0,0,19,0.00%,"5KT-3.PROPOSITION 56 CIGARETTE TAX TO FUND HEALTHCARE, TOBACCO USE PREVENTION, RESEARCH, AND.YES"
000107 ,1,2,036 037 222 223 229,PROP_57,NO,24,124,100,0,~  5KT-3,PROPOSITION 57 CRIMINAL,NO,24,124,0,0,0,0,71,0.00%,5KT-3.PROPOSITION 57 CRIMINAL SENTENCES. PAROLE. JUVENILE CRIMINAL PROCEEDINGS AND SENTENCING. INITIATIVE.NO
000107 ,1,2,036 037 222 223 229,PROP_57,YES,95,124,29,0,~  5KT-3,PROPOSITION 57 CRIMINAL,YES,95,124,0,0,0,0,71,0.00%,5KT-3.PROPOSITION 57 CRIMINAL SENTENCES. PAROLE. JUVENILE CRIMINAL PROCEEDINGS AND SENTENCING. INITIATIVE.YES
000107 ,1,2,036 037 222 223 229,PROP_58,NO,26,124,98,0,~  5KT-3,PROPOSITION 58 ENGLISH ,NO,26,124,0,0,0,0,64,0.00%,5KT-3.PROPOSITION 58 ENGLISH PROFICIENCY. MULTILINGUAL EDUCATION. INITIATIVE STATUTE..NO
000107 ,1,2,036 037 222 223 229,PROP_58,YES,90,124,34,0,~  5KT-3,PROPOSITION 58 ENGLISH ,YES,90,124,0,0,0,0,64,0.00%,5KT-3.PROPOSITION 58 ENGLISH PROFICIENCY. MULTILINGUAL EDUCATION. INITIATIVE STATUTE..YES
000107 ,1,2,036 037 222 223 229,PROP_59,NO,30,124,94,0,~  5KT-3,PROPOSITION 59 CORPORAT,NO,30,124,0,0,0,0,55,0.00%,5KT-3.PROPOSITION 59 CORPORATIONS. POLITICAL SPENDING. FEDERAL CONSTITUTIONAL PROTECTIONS..NO
000107 ,1,2,036 037 222 223 229,PROP_59,YES,85,124,39,0,~  5KT-3,PROPOSITION 59 CORPORAT,YES,85,124,0,0,0,0,55,0.00%,5KT-3.PROPOSITION 59 CORPORATIONS. POLITICAL SPENDING. FEDERAL CONSTITUTIONAL PROTECTIONS..YES
000107 ,1,2,036 037 222 223 229,PROP_60,NO,65,124,59,0,~  5KT-3,PROPOSITION 60 ADULT FI,NO,65,124,0,0,0,0,18,0.00%,5KT-3.PROPOSITION 60 ADULT FILMS. CONDOMS. HEALTH REQUIREMENTS. INITIATIVE STATUTE..NO
000107 ,1,2,036 037 222 223 229,PROP_60,YES,47,124,77,0,~  5KT-3,PROPOSITION 60 ADULT FI,YES,47,124,0,0,0,0,18,0.00%,5KT-3.PROPOSITION 60 ADULT FILMS. CONDOMS. HEALTH REQUIREMENTS. INITIATIVE STATUTE..YES
000107 ,1,2,036 037 222 223 229,PROP_62,NO,40,124,84,0,~  5KT-3,PROPOSITION 62 DEATH PE,NO,40,124,0,0,0,0,35,0.00%,5KT-3.PROPOSITION 62 DEATH PENALTY. INITIATIVE STATUTE..NO
000107 ,1,2,036 037 222 223 229,PROP_62,YES,75,124,49,0,~  5KT-3,PROPOSITION 62 DEATH PE,YES,75,124,0,0,0,0,35,0.00%,5KT-3.PROPOSITION 62 DEATH PENALTY. INITIATIVE STATUTE..YES
000107 ,1,2,036 037 222 223 229,PROP_63,NO,58,124,66,0,~  5KT-3,PROPOSITION 63 FIREARMS,NO,58,124,0,0,0,0,3,0.00%,5KT-3.PROPOSITION 63 FIREARMS. AMMUNITION SALES. INITIATIVE STATUTE..NO
000107 ,1,2,036 037 222 223 229,PROP_63,YES,61,124,63,0,~  5KT-3,PROPOSITION 63 FIREARMS,YES,61,124,0,0,0,0,3,0.00%,5KT-3.PROPOSITION 63 FIREARMS. AMMUNITION SALES. INITIATIVE STATUTE..YES
000107 ,2,3,036 037 222 223,PROP_64,NO,49,123,74,1,~  5KT-3,PROPOSITION 64 MARIJUAN,NO,49,124,0,-1,0,1,21,0.00%,5KT-3.PROPOSITION 64 MARIJUANA LEGALIZATION. INITIATIVE STATUTE..NO
000107 ,2,3,036 037 222 223,PROP_65,NO,82,123,41,0,~  5KT-3,PROPOSITION 65 CARRYOUT,NO,82,124,0,-1,0,1,46,0.00%,5KT-3.PROPOSITION 65 CARRYOUT BAGS. CHARGES. INITIATIVE STATUTE..NO
000107 ,2,3,036 037 222 223,PROP_65,YES,36,123,87,0,~  5KT-3,PROPOSITION 65 CARRYOUT,YES,36,124,0,-1,0,1,46,0.00%,5KT-3.PROPOSITION 65 CARRYOUT BAGS. CHARGES. INITIATIVE STATUTE..YES
000107 ,2,3,036 037 222 223,PROP_67,NO,46,123,77,0,~  5KT-3,PROPOSITION 67 BAN ON S,NO,46,124,0,-1,0,1,28,0.00%,5KT-3.PROPOSITION 67 BAN ON SINGLE-USE PLASTIC BAGS. REFERENDUM..NO
000107 ,2,3,036 037 222 223,PROP_67,YES,74,123,49,0,~  5KT-3,PROPOSITION 67 BAN ON S,YES,74,124,0,-1,0,1,28,0.00%,5KT-3.PROPOSITION 67 BAN ON SINGLE-USE PLASTIC BAGS. REFERENDUM..YES
000107 ,1,1,036 037 222 223 229,STATEASS2,KEN_ANTON,32,124,92,1,~  5KT-3,"STATE ASSEMBLY, DISTRIC",KEN ANTON,32,124,0,0,0,0,42,0.00%,"5KT-3.STATE ASSEMBLY, DISTRICT 2.KEN ANTON"
000107 ,1,1,036 037 222 223 229,USREP,DALE_K_MENSING,24,124,100,0,~  5KT-3,US REPRESENTATIVE IN CO,DALE K. MENSING,24,124,0,0,0,0,67,0.00%,"5KT-3.US REPRESENTATIVE IN CONGRESS, DISTRICT 2.DALE K. MENSING"
000107 ,1,1,036 037 222 223 229,USREP,JARED_W_HUFFMAN,91,124,33,0,~  5KT-3,US REPRESENTATIVE IN CO,JARED W. HUFFMAN,91,124,0,0,0,0,67,0.00%,"5KT-3.US REPRESENTATIVE IN CONGRESS, DISTRICT 2.JARED W. HUFFMAN"
000107 ,1,1,036 037 222 223 229,USSEN,KAMALA_D_HARRIS,70,124,54,0,~  5KT-3,US SENATOR,KAMALA D. HARRIS,70,124,0,0,0,0,40,0.00%,5KT-3.US SENATOR.KAMALA D. HARRIS
000107 ,1,1,036 037 222 223 229,USSEN,LORETTA_L_SANCHEZ,30,124,94,0,~  5KT-3,US SENATOR,LORETTA L. SANCHEZ,30,124,0,0,0,0,40,0.00%,5KT-3.US SENATOR.LORETTA L. SANCHEZ
000108 ,2,3,011 056 088 203 227 240,MEAS_R,NO,216,482,266,0,~  5KT-4,MEASURE R HUMBOLDT COUN,NO,216,485,0,-3,0,3,22,0.00%,5KT-4.MEASURE R HUMBOLDT COUNTY FINANCE DEPARTMENT ELECTIVE OFFICE MEASURE..NO
000108 ,2,3,011 056 088 203 227 240,MEAS_R,YES,194,482,288,0,~  5KT-4,MEASURE R HUMBOLDT COUN,YES,194,485,0,-3,0,3,22,0.00%,5KT-4.MEASURE R HUMBOLDT COUNTY FINANCE DEPARTMENT ELECTIVE OFFICE MEASURE..YES
000108 ,2,3,011 056 088 203 227 240,MEAS_S,NO,193,482,289,1,~  5KT-4,MEASURE S HUMBOLDT COUN,NO,193,485,0,-3,0,3,68,0.00%,5KT-4.MEASURE S HUMBOLDT COUNTY COMMERCIAL MARIJUANA CULTIVATION MEASURE..NO
000108 ,2,3,011 056 088 203 227 240,MEAS_U,YES,224,482,258,0,~  5KT-4,MEASURE U LOCAL TRANSPO,YES,224,485,0,-3,0,3,13,0.00%,5KT-4.MEASURE U LOCAL TRANSPORTATION AUTHORITY RETAIL TRANSACTIONS AND USE TAX..YES
000108 ,2,3,011 056 088 203 227 240,MEAS_V,YES,235,482,247,1,~  5KT-4,MEASURE V MOBILE HOME P,YES,235,485,0,-3,0,3,27,0.00%,5KT-4.MEASURE V MOBILE HOME PARK SPACE RENT STABILIZATION..YES
000108 ,1,1,011 056 088 089 203 227 229 240,PRES,DONALD_J_TRUMP,80,485,405,0,~  5KT-4,PRESIDENT AND VICE PRES,DONALD J. TRUMP      ,80,485,0,0,0,0,253,0.00%,5KT-4.PRESIDENT AND VICE PRESIDENT.DONALD J. TRUMP      and MICHAEL R. PENCE
000108 ,1,1,011 056 088 089 203 227 229 240,PRES,GARY_JOHNSON,9,485,476,0,~  5KT-4,PRESIDENT AND VICE PRES,GARY JOHNSON      and,9,485,0,0,0,0,253,0.00%,5KT-4.PRESIDENT AND VICE PRESIDENT.GARY JOHNSON      and BILL WELD
000108 ,1,1,011 056 088 089 203 227 229 240,PRES,GLORIA_ESTELA_LA_RIVA,11,485,474,1,~  5KT-4,PRESIDENT AND VICE PRES,GLORIA ESTELA LA RIVA,11,485,0,0,0,0,253,0.00%,5KT-4.PRESIDENT AND VICE PRESIDENT.GLORIA ESTELA LA RIVA      and DENNIS J. BANKS
000108 ,1,1,011 056 088 089 203 227 229 240,PRES,HILLARY_CLINTON,333,485,152,0,~  5KT-4,PRESIDENT AND VICE PRES,HILLARY CLINTON      ,333,485,0,0,0,0,253,0.00%,5KT-4.PRESIDENT AND VICE PRESIDENT.HILLARY CLINTON      and TIM KAINE
000108 ,1,1,011 056 088 089 203 227 229 240,PRES,JILL_STEIN,27,485,458,0,~  5KT-4,PRESIDENT AND VICE PRES,JILL STEIN      and A,27,485,0,0,0,0,253,0.00%,5KT-4.PRESIDENT AND VICE PRESIDENT.JILL STEIN      and AJAMU BARAKA
000108 ,1,1,011 056 088 089 203 227 229 240,PROP_52,NO,116,485,369,0,~  5KT-4,PROPOSITION 52 MEDI-CAL,NO,116,485,0,0,0,0,213,0.00%,5KT-4.PROPOSITION 52 MEDI-CAL HOSPITAL FEE PROGRAM. INITIATIVE CONSTITUTIONAL AMENDMENT AND STATUTE..NO
000108 ,1,1,011 056 088 089 203 227 229 240,PROP_52,YES,329,485,156,0,~  5KT-4,PROPOSITION 52 MEDI-CAL,YES,329,485,0,0,0,0,213,0.00%,5KT-4.PROPOSITION 52 MEDI-CAL HOSPITAL FEE PROGRAM. INITIATIVE CONSTITUTIONAL AMENDMENT AND STATUTE..YES
000108 ,1,1,011 056 088 089 203 227 229 240,PROP_53,YES,216,485,269,0,~  5KT-4,PROPOSITION 53 REVENUE ,YES,216,485,0,0,0,0,1,0.00%,5KT-4.PROPOSITION 53 REVENUE BONDS. STATEWIDE VOTER APPROVAL. INITIATIVE CONSTITUTIONAL AMENDMENT..YES
000108 ,1,1,011 056 088 089 203 227 229 240,PROP_54,NO,179,485,306,0,~  5KT-4,PROPOSITION 54 LEGISLAT,NO,179,485,0,0,0,0,67,0.00%,5KT-4.PROPOSITION 54 LEGISLATURE. LEGISLATION AND PROCEEDINGS. INITIATIVE CONSTITUTIONAL AMENDMENT AND.NO
000108 ,1,1,011 056 088 089 203 227 229 240,PROP_55,NO,111,485,374,0,~  5KT-4,PROPOSITION 55 TAX EXTE,NO,111,485,0,0,0,0,227,0.00%,5KT-4.PROPOSITION 55 TAX EXTENSION TO FUND EDUCATION AND HEALTHCARE. INITIATIVE CONSTITUTIONAL AMENDMENT..NO
000108 ,1,1,011 056 088 089 203 227 229 240,PROP_55,YES,338,485,147,0,~  5KT-4,PROPOSITION 55 TAX EXTE,YES,338,485,0,0,0,0,227,0.00%,5KT-4.PROPOSITION 55 TAX EXTENSION TO FUND EDUCATION AND HEALTHCARE. INITIATIVE CONSTITUTIONAL AMENDMENT..YES
000108 ,1,2,011 056 088 089 203 227 229 240,PROP_56,NO,194,485,291,1,~  5KT-4,PROPOSITION 56 CIGARETT,NO,194,485,0,0,0,0,68,0.00%,"5KT-4.PROPOSITION 56 CIGARETTE TAX TO FUND HEALTHCARE, TOBACCO USE PREVENTION, RESEARCH, AND.NO"
000108 ,1,2,011 056 088 089 203 227 229 240,PROP_57,NO,140,485,345,0,~  5KT-4,PROPOSITION 57 CRIMINAL,NO,140,485,0,0,0,0,158,0.00%,5KT-4.PROPOSITION 57 CRIMINAL SENTENCES. PAROLE. JUVENILE CRIMINAL PROCEEDINGS AND SENTENCING. INITIATIVE.NO
000108 ,1,2,011 056 088 089 203 227 229 240,PROP_57,YES,298,485,187,0,~  5KT-4,PROPOSITION 57 CRIMINAL,YES,298,485,0,0,0,0,158,0.00%,5KT-4.PROPOSITION 57 CRIMINAL SENTENCES. PAROLE. JUVENILE CRIMINAL PROCEEDINGS AND SENTENCING. INITIATIVE.YES
000108 ,1,2,011 056 088 089 203 227 229 240,PROP_58,NO,98,485,387,0,~  5KT-4,PROPOSITION 58 ENGLISH ,NO,98,485,0,0,0,0,236,0.00%,5KT-4.PROPOSITION 58 ENGLISH PROFICIENCY. MULTILINGUAL EDUCATION. INITIATIVE STATUTE..NO
000108 ,1,2,011 056 088 089 203 227 229 240,PROP_58,YES,334,485,151,0,~  5KT-4,PROPOSITION 58 ENGLISH ,YES,334,485,0,0,0,0,236,0.00%,5KT-4.PROPOSITION 58 ENGLISH PROFICIENCY. MULTILINGUAL EDUCATION. INITIATIVE STATUTE..YES
000108 ,1,2,011 056 088 089 203 227 229 240,PROP_59,NO,208,485,277,0,~  5KT-4,PROPOSITION 59 CORPORAT,NO,208,485,0,0,0,0,1,0.00%,5KT-4.PROPOSITION 59 CORPORATIONS. POLITICAL SPENDING. FEDERAL CONSTITUTIONAL PROTECTIONS..NO
000108 ,1,2,011 056 088 089 203 227 229 240,PROP_59,YES,207,485,278,0,~  5KT-4,PROPOSITION 59 CORPORAT,YES,207,485,0,0,0,0,1,0.00%,5KT-4.PROPOSITION 59 CORPORATIONS. POLITICAL SPENDING. FEDERAL CONSTITUTIONAL PROTECTIONS..YES
000108 ,1,2,011 056 088 089 203 227 229 240,PROP_60,NO,161,485,324,1,~  5KT-4,PROPOSITION 60 ADULT FI,NO,161,485,0,0,0,0,111,0.00%,5KT-4.PROPOSITION 60 ADULT FILMS. CONDOMS. HEALTH REQUIREMENTS. INITIATIVE STATUTE..NO
000108 ,1,2,011 056 088 089 203 227 229 240,PROP_60,YES,272,485,213,1,~  5KT-4,PROPOSITION 60 ADULT FI,YES,272,485,0,0,0,0,111,0.00%,5KT-4.PROPOSITION 60 ADULT FILMS. CONDOMS. HEALTH REQUIREMENTS. INITIATIVE STATUTE..YES
000108 ,1,2,011 056 088 089 203 227 229 240,PROP_61,NO,183,485,302,0,~  5KT-4,PROPOSITION 61 STATE PR,NO,183,485,0,0,0,0,65,0.00%,5KT-4.PROPOSITION 61 STATE PRESCRIPTION DRUG PURCHASES. PRICING STANDARDS. INITIATIVE STATUTE..NO
000108 ,1,2,011 056 088 089 203 227 229 240,PROP_62,NO,250,485,235,0,~  5KT-4,PROPOSITION 62 DEATH PE,NO,250,485,0,0,0,0,58,0.00%,5KT-4.PROPOSITION 62 DEATH PENALTY. INITIATIVE STATUTE..NO
000108 ,1,2,011 056 088 089 203 227 229 240,PROP_62,YES,192,485,293,0,~  5KT-4,PROPOSITION 62 DEATH PE,YES,192,485,0,0,0,0,58,0.00%,5KT-4.PROPOSITION 62 DEATH PENALTY. INITIATIVE STATUTE..YES
000108 ,1,2,011 056 088 089 203 227 229 240,PROP_63,NO,249,485,236,0,~  5KT-4,PROPOSITION 63 FIREARMS,NO,249,485,0,0,0,0,53,0.00%,5KT-4.PROPOSITION 63 FIREARMS. AMMUNITION SALES. INITIATIVE STATUTE..NO
000108 ,1,2,011 056 088 089 203 227 229 240,PROP_63,YES,196,485,289,0,~  5KT-4,PROPOSITION 63 FIREARMS,YES,196,485,0,0,0,0,53,0.00%,5KT-4.PROPOSITION 63 FIREARMS. AMMUNITION SALES. INITIATIVE STATUTE..YES
000108 ,2,3,011 056 088 203 227 240,PROP_64,NO,239,482,243,1,~  5KT-4,PROPOSITION 64 MARIJUAN,NO,239,485,0,-3,0,3,3,0.00%,5KT-4.PROPOSITION 64 MARIJUANA LEGALIZATION. INITIATIVE STATUTE..NO
000108 ,2,3,011 056 088 203 227 240,PROP_64,YES,236,482,246,1,~  5KT-4,PROPOSITION 64 MARIJUAN,YES,236,485,0,-3,0,3,3,0.00%,5KT-4.PROPOSITION 64 MARIJUANA LEGALIZATION. INITIATIVE STATUTE..YES
000108 ,2,3,011 056 088 203 227 240,PROP_65,NO,226,482,256,0,~  5KT-4,PROPOSITION 65 CARRYOUT,NO,226,485,0,-3,0,3,13,0.00%,5KT-4.PROPOSITION 65 CARRYOUT BAGS. CHARGES. INITIATIVE STATUTE..NO
000108 ,2,3,011 056 088 203 227 240,PROP_66,YES,195,482,287,0,~  5KT-4,PROPOSITION 66 DEATH PE,YES,195,485,0,-3,0,3,41,0.00%,5KT-4.PROPOSITION 66 DEATH PENALTY. PROCEDURES. INITIATIVE STATUTE..YES
000108 ,2,3,011 056 088 203 227 240,PROP_67,NO,197,482,285,1,~  5KT-4,PROPOSITION 67 BAN ON S,NO,197,485,0,-3,0,3,58,0.00%,5KT-4.PROPOSITION 67 BAN ON SINGLE-USE PLASTIC BAGS. REFERENDUM..NO
000108 ,1,1,011 056 088 089 203 227 229 240,STATEASS2,JIM_WOOD,329,485,156,0,~  5KT-4,"STATE ASSEMBLY, DISTRIC",JIM WOOD,329,485,0,0,0,0,245,0.00%,"5KT-4.STATE ASSEMBLY, DISTRICT 2.JIM WOOD"
000108 ,1,1,011 056 088 089 203 227 229 240,STATEASS2,KEN_ANTON,84,485,401,0,~  5KT-4,"STATE ASSEMBLY, DISTRIC",KEN ANTON,84,485,0,0,0,0,245,0.00%,"5KT-4.STATE ASSEMBLY, DISTRICT 2.KEN ANTON"
000108 ,1,1,011 056 088 089 203 227 229 240,USREP,DALE_K_MENSING,72,485,413,0,~  5KT-4,US REPRESENTATIVE IN CO,DALE K. MENSING,72,485,0,0,0,0,303,0.00%,"5KT-4.US REPRESENTATIVE IN CONGRESS, DISTRICT 2.DALE K. MENSING"
000108 ,1,1,011 056 088 089 203 227 229 240,USSEN,KAMALA_D_HARRIS,231,485,254,1,~  5KT-4,US SENATOR,KAMALA D. HARRIS,231,485,0,0,0,0,50,0.00%,5KT-4.US SENATOR.KAMALA D. HARRIS
000109 ,2,3,013 049 055 056 090 203 204 227 240 243,MEAS_Q,YES,297,789,492,1,~  5KT-6,MEASURE Q HUMBOLDT COUN,YES,297,788,0,1,0,1,86,0.00%,5KT-6.MEASURE Q HUMBOLDT COUNTY CREATION OF FINANCE DEPARTMENT MEASURE..YES
000109 ,2,3,013 049 055 056 090 203 204 227 240 243,MEAS_R,NO,410,789,379,1,~  5KT-6,MEASURE R HUMBOLDT COUN,NO,410,788,0,1,0,1,143,0.00%,5KT-6.MEASURE R HUMBOLDT COUNTY FINANCE DEPARTMENT ELECTIVE OFFICE MEASURE..NO
000109 ,2,3,013 049 055 056 090 203 204 227 240 243,MEAS_R,YES,267,789,522,1,~  5KT-6,MEASURE R HUMBOLDT COUN,YES,267,788,0,1,0,1,143,0.00%,5KT-6.MEASURE R HUMBOLDT COUNTY FINANCE DEPARTMENT ELECTIVE OFFICE MEASURE..YES
000109 ,2,3,013 049 055 056 090 203 204 227 240 243,MEAS_S,NO,314,789,475,3,~  5KT-6,MEASURE S HUMBOLDT COUN,NO,314,788,0,1,0,1,127,0.00%,5KT-6.MEASURE S HUMBOLDT COUNTY COMMERCIAL MARIJUANA CULTIVATION MEASURE..NO
000109 ,2,3,013 049 055 056 090 203 204 227 240 243,MEAS_U,NO,440,789,349,0,~  5KT-6,MEASURE U LOCAL TRANSPO,NO,440,788,0,1,0,1,151,0.00%,5KT-6.MEASURE U LOCAL TRANSPORTATION AUTHORITY RETAIL TRANSACTIONS AND USE TAX..NO
000109 ,2,3,013 049 055 056 090 203 204 227 240 243,MEAS_U,YES,289,789,500,0,~  5KT-6,MEASURE U LOCAL TRANSPO,YES,289,788,0,1,0,1,151,0.00%,5KT-6.MEASURE U LOCAL TRANSPORTATION AUTHORITY RETAIL TRANSACTIONS AND USE TAX..YES
000109 ,1,1,013 049 055 056 089 090 203 204 227 229 240,PRES,GARY_JOHNSON,26,789,763,0,~  5KT-6,PRESIDENT AND VICE PRES,GARY JOHNSON      and,26,788,0,1,0,1,7,0.00%,5KT-6.PRESIDENT AND VICE PRESIDENT.GARY JOHNSON      and BILL WELD
000109 ,1,1,013 049 055 056 089 090 203 204 227 229 240,PRES,GLORIA_ESTELA_LA_RIVA,1,789,788,0,~  5KT-6,PRESIDENT AND VICE PRES,GLORIA ESTELA LA RIVA,1,788,0,1,0,1,7,0.00%,5KT-6.PRESIDENT AND VICE PRESIDENT.GLORIA ESTELA LA RIVA      and DENNIS J. BANKS
000109 ,1,1,013 049 055 056 089 090 203 204 227 229 240,PRES,HILLARY_CLINTON,330,789,459,0,~  5KT-6,PRESIDENT AND VICE PRES,HILLARY CLINTON      ,330,788,0,1,0,1,7,0.00%,5KT-6.PRESIDENT AND VICE PRESIDENT.HILLARY CLINTON      and TIM KAINE
000109 ,1,1,013 049 055 056 089 090 203 204 227 229 240,PRES,JILL_STEIN,55,789,734,0,~  5KT-6,PRESIDENT AND VICE PRES,JILL STEIN      and A,55,788,0,1,0,1,7,0.00%,5KT-6.PRESIDENT AND VICE PRESIDENT.JILL STEIN      and AJAMU BARAKA
000109 ,1,2,013 049 055 056 089 090 203 204 227 229 240,PROP_57,NO,247,788,541,1,~  5KT-6,PROPOSITION 57 CRIMINAL,NO,247,788,0,0,0,0,228,0.00%,5KT-6.PROPOSITION 57 CRIMINAL SENTENCES. PAROLE. JUVENILE CRIMINAL PROCEEDINGS AND SENTENCING. INITIATIVE.NO
000109 ,1,2,013 049 055 056 089 090 203 204 227 229 240,PROP_58,YES,512,788,276,1,~  5KT-6,PROPOSITION 58 ENGLISH ,YES,512,788,0,0,0,0,301,0.00%,5KT-6.PROPOSITION 58 ENGLISH PROFICIENCY. MULTILINGUAL EDUCATION. INITIATIVE STATUTE..YES
000109 ,1,2,013 049 055 056 089 090 203 204 227 229 240,PROP_59,NO,336,788,452,1,~  5KT-6,PROPOSITION 59 CORPORAT,NO,336,788,0,0,0,0,18,0.00%,5KT-6.PROPOSITION 59 CORPORATIONS. POLITICAL SPENDING. FEDERAL CONSTITUTIONAL PROTECTIONS..NO
000109 ,1,2,013 049 055 056 089 090 203 204 227 229 240,PROP_60,YES,280,788,508,1,~  5KT-6,PROPOSITION 60 ADULT FI,YES,280,788,0,0,0,0,132,0.00%,5KT-6.PROPOSITION 60 ADULT FILMS. CONDOMS. HEALTH REQUIREMENTS. INITIATIVE STATUTE..YES
000109 ,1,2,013 049 055 056 089 090 203 204 227 229 240,PROP_63,NO,464,788,324,0,~  5KT-6,PROPOSITION 63 FIREARMS,NO,464,788,0,0,0,0,197,0.00%,5KT-6.PROPOSITION 63 FIREARMS. AMMUNITION SALES. INITIATIVE STATUTE..NO
000109 ,1,2,013 049 055 056 089 090 203 204 227 229 240,PROP_63,YES,267,788,521,0,~  5KT-6,PROPOSITION 63 FIREARMS,YES,267,788,0,0,0,0,197,0.00%,5KT-6.PROPOSITION 63 FIREARMS. AMMUNITION SALES. INITIATIVE STATUTE..YES
000109 ,2,3,013 049 055 056 090 203 204 227 240 243,PROP_66,NO,393,789,396,1,~  5KT-6,PROPOSITION 66 DEATH PE,NO,393,788,0,1,0,1,89,0.00%,5KT-6.PROPOSITION 66 DEATH PENALTY. PROCEDURES. INITIATIVE STATUTE..NO
000109 ,2,3,013 049 055 056 090 203 204 227 240 243,PROP_67,YES,377,789,412,1,~  5KT-6,PROPOSITION 67 BAN ON S,YES,377,788,0,1,0,1,3,0.00%,5KT-6.PROPOSITION 67 BAN ON SINGLE-USE PLASTIC BAGS. REFERENDUM..YES
000109 ,1,1,013 049 055 056 089 090 203 204 227 229 240,USSEN,LORETTA_L_SANCHEZ,239,789,550,0,~  5KT-6,US SENATOR,LORETTA L. SANCHEZ,239,788,0,1,0,1,108,0.00%,5KT-6.US SENATOR.LORETTA L. SANCHEZ
000110 ,2,3,036 222 223,MEAS_Q,NO,53,102,49,0,~  5KTS3,MEASURE Q HUMBOLDT COUN,NO,53,103,0,-1,0,1,18,0.00%,5KTS3.MEASURE Q HUMBOLDT COUNTY CREATION OF FINANCE DEPARTMENT MEASURE..NO
000110 ,2,3,036 222 223,MEAS_Q,YES,35,102,67,0,~  5KTS3,MEASURE Q HUMBOLDT COUN,YES,35,103,0,-1,0,1,18,0.00%,5KTS3.MEASURE Q HUMBOLDT COUNTY CREATION OF FINANCE DEPARTMENT MEASURE..YES
000110 ,2,3,036 222 223,MEAS_U,YES,44,102,58,1,~  5KTS3,MEASURE U LOCAL TRANSPO,YES,44,103,0,-1,0,1,10,0.00%,5KTS3.MEASURE U LOCAL TRANSPORTATION AUTHORITY RETAIL TRANSACTIONS AND USE TAX..YES
000110 ,2,3,036 222 223,MEAS_V,NO,38,102,64,0,~  5KTS3,MEASURE V MOBILE HOME P,NO,38,103,0,-1,0,1,18,0.00%,5KTS3.MEASURE V MOBILE HOME PARK SPACE RENT STABILIZATION..NO
000110 ,2,3,036 222 223,MEAS_V,YES,56,102,46,0,~  5KTS3,MEASURE V MOBILE HOME P,YES,56,103,0,-1,0,1,18,0.00%,5KTS3.MEASURE V MOBILE HOME PARK SPACE RENT STABILIZATION..YES
000110 ,1,1,036 222 223 229,PRES,DONALD_J_TRUMP,24,103,79,0,~  5KTS3,PRESIDENT AND VICE PRES,DONALD J. TRUMP      ,24,103,0,0,0,0,30,0.00%,5KTS3.PRESIDENT AND VICE PRESIDENT.DONALD J. TRUMP      and MICHAEL R. PENCE
000110 ,1,1,036 222 223 229,PRES,GARY_JOHNSON,8,103,95,0,~  5KTS3,PRESIDENT AND VICE PRES,GARY JOHNSON      and,8,103,0,0,0,0,30,0.00%,5KTS3.PRESIDENT AND VICE PRESIDENT.GARY JOHNSON      and BILL WELD
000110 ,1,1,036 222 223 229,PRES,GLORIA_ESTELA_LA_RIVA,4,103,99,0,~  5KTS3,PRESIDENT AND VICE PRES,GLORIA ESTELA LA RIVA,4,103,0,0,0,0,30,0.00%,5KTS3.PRESIDENT AND VICE PRESIDENT.GLORIA ESTELA LA RIVA      and DENNIS J. BANKS
000110 ,1,1,036 222 223 229,PRES,HILLARY_CLINTON,54,103,49,0,~  5KTS3,PRESIDENT AND VICE PRES,HILLARY CLINTON      ,54,103,0,0,0,0,30,0.00%,5KTS3.PRESIDENT AND VICE PRESIDENT.HILLARY CLINTON      and TIM KAINE
000110 ,1,1,036 222 223 229,PRES,JILL_STEIN,8,103,95,0,~  5KTS3,PRESIDENT AND VICE PRES,JILL STEIN      and A,8,103,0,0,0,0,30,0.00%,5KTS3.PRESIDENT AND VICE PRESIDENT.JILL STEIN      and AJAMU BARAKA
000110 ,1,1,036 222 223 229,PRES,Write_in,3,103,100,0,~  5KTS3,PRESIDENT AND VICE PRES,Write_in,3,103,0,0,0,0,30,0.00%,5KTS3.PRESIDENT AND VICE PRESIDENT.Write_in
000110 ,1,1,036 222 223 229,PROP_51,NO,50,103,53,0,~  5KTS3,PROPOSITION 51 SCHOOL B,NO,50,103,0,0,0,0,0,--,5KTS3.PROPOSITION 51 SCHOOL BONDS. FUNDING FOR K-12 SCHOOL AND COMMUNITY COLLEGE FACILITIES. INITIATIVE.NO
000110 ,1,1,036 222 223 229,PROP_51,YES,50,103,53,0,~  5KTS3,PROPOSITION 51 SCHOOL B,YES,50,103,0,0,0,0,0,--,5KTS3.PROPOSITION 51 SCHOOL BONDS. FUNDING FOR K-12 SCHOOL AND COMMUNITY COLLEGE FACILITIES. INITIATIVE.YES
000110 ,1,1,036 222 223 229,PROP_53,NO,48,103,55,1,~  5KTS3,PROPOSITION 53 REVENUE ,NO,48,103,0,0,0,0,2,0.00%,5KTS3.PROPOSITION 53 REVENUE BONDS. STATEWIDE VOTER APPROVAL. INITIATIVE CONSTITUTIONAL AMENDMENT..NO
000110 ,1,1,036 222 223 229,PROP_54,NO,37,103,66,0,~  5KTS3,PROPOSITION 54 LEGISLAT,NO,37,103,0,0,0,0,23,0.00%,5KTS3.PROPOSITION 54 LEGISLATURE. LEGISLATION AND PROCEEDINGS. INITIATIVE CONSTITUTIONAL AMENDMENT AND.NO
000110 ,1,1,036 222 223 229,PROP_54,YES,60,103,43,0,~  5KTS3,PROPOSITION 54 LEGISLAT,YES,60,103,0,0,0,0,23,0.00%,5KTS3.PROPOSITION 54 LEGISLATURE. LEGISLATION AND PROCEEDINGS. INITIATIVE CONSTITUTIONAL AMENDMENT AND.YES
000110 ,1,1,036 222 223 229,PROP_55,NO,24,103,79,0,~  5KTS3,PROPOSITION 55 TAX EXTE,NO,24,103,0,0,0,0,50,0.00%,5KTS3.PROPOSITION 55 TAX EXTENSION TO FUND EDUCATION AND HEALTHCARE. INITIATIVE CONSTITUTIONAL AMENDMENT..NO
000110 ,1,1,036 222 223 229,PROP_55,YES,74,103,29,0,~  5KTS3,PROPOSITION 55 TAX EXTE,YES,74,103,0,0,0,0,50,0.00%,5KTS3.PROPOSITION 55 TAX EXTENSION TO FUND EDUCATION AND HEALTHCARE. INITIATIVE CONSTITUTIONAL AMENDMENT..YES
000110 ,1,2,036 222 223 229,PROP_56,NO,56,103,47,2,~  5KTS3,PROPOSITION 56 CIGARETT,NO,56,103,0,0,0,0,14,0.00%,"5KTS3.PROPOSITION 56 CIGARETTE TAX TO FUND HEALTHCARE, TOBACCO USE PREVENTION, RESEARCH, AND.NO"
000110 ,1,2,036 222 223 229,PROP_57,NO,23,103,80,0,~  5KTS3,PROPOSITION 57 CRIMINAL,NO,23,103,0,0,0,0,51,0.00%,5KTS3.PROPOSITION 57 CRIMINAL SENTENCES. PAROLE. JUVENILE CRIMINAL PROCEEDINGS AND SENTENCING. INITIATIVE.NO
000110 ,1,2,036 222 223 229,PROP_57,YES,74,103,29,0,~  5KTS3,PROPOSITION 57 CRIMINAL,YES,74,103,0,0,0,0,51,0.00%,5KTS3.PROPOSITION 57 CRIMINAL SENTENCES. PAROLE. JUVENILE CRIMINAL PROCEEDINGS AND SENTENCING. INITIATIVE.YES
000110 ,1,2,036 222 223 229,PROP_58,NO,18,103,85,0,~  5KTS3,PROPOSITION 58 ENGLISH ,NO,18,103,0,0,0,0,60,0.00%,5KTS3.PROPOSITION 58 ENGLISH PROFICIENCY. MULTILINGUAL EDUCATION. INITIATIVE STATUTE..NO
000110 ,1,2,036 222 223 229,PROP_58,YES,78,103,25,0,~  5KTS3,PROPOSITION 58 ENGLISH ,YES,78,103,0,0,0,0,60,0.00%,5KTS3.PROPOSITION 58 ENGLISH PROFICIENCY. MULTILINGUAL EDUCATION. INITIATIVE STATUTE..YES
000110 ,1,2,036 222 223 229,PROP_59,NO,34,103,69,0,~  5KTS3,PROPOSITION 59 CORPORAT,NO,34,103,0,0,0,0,29,0.00%,5KTS3.PROPOSITION 59 CORPORATIONS. POLITICAL SPENDING. FEDERAL CONSTITUTIONAL PROTECTIONS..NO
000110 ,1,2,036 222 223 229,PROP_59,YES,63,103,40,0,~  5KTS3,PROPOSITION 59 CORPORAT,YES,63,103,0,0,0,0,29,0.00%,5KTS3.PROPOSITION 59 CORPORATIONS. POLITICAL SPENDING. FEDERAL CONSTITUTIONAL PROTECTIONS..YES
000110 ,1,2,036 222 223 229,PROP_60,NO,53,103,50,0,~  5KTS3,PROPOSITION 60 ADULT FI,NO,53,103,0,0,0,0,14,0.00%,5KTS3.PROPOSITION 60 ADULT FILMS. CONDOMS. HEALTH REQUIREMENTS. INITIATIVE STATUTE..NO
000110 ,1,2,036 222 223 229,PROP_60,YES,39,103,64,0,~  5KTS3,PROPOSITION 60 ADULT FI,YES,39,103,0,0,0,0,14,0.00%,5KTS3.PROPOSITION 60 ADULT FILMS. CONDOMS. HEALTH REQUIREMENTS. INITIATIVE STATUTE..YES
000110 ,1,2,036 222 223 229,PROP_61,NO,28,103,75,1,~  5KTS3,PROPOSITION 61 STATE PR,NO,28,103,0,0,0,0,41,0.00%,5KTS3.PROPOSITION 61 STATE PRESCRIPTION DRUG PURCHASES. PRICING STANDARDS. INITIATIVE STATUTE..NO
000110 ,1,2,036 222 223 229,PROP_62,NO,40,103,63,0,~  5KTS3,PROPOSITION 62 DEATH PE,NO,40,103,0,0,0,0,18,0.00%,5KTS3.PROPOSITION 62 DEATH PENALTY. INITIATIVE STATUTE..NO
000110 ,1,2,036 222 223 229,PROP_62,YES,58,103,45,0,~  5KTS3,PROPOSITION 62 DEATH PE,YES,58,103,0,0,0,0,18,0.00%,5KTS3.PROPOSITION 62 DEATH PENALTY. INITIATIVE STATUTE..YES
000110 ,1,2,036 222 223 229,PROP_63,NO,61,103,42,0,~  5KTS3,PROPOSITION 63 FIREARMS,NO,61,103,0,0,0,0,21,0.00%,5KTS3.PROPOSITION 63 FIREARMS. AMMUNITION SALES. INITIATIVE STATUTE..NO
000110 ,1,2,036 222 223 229,PROP_63,YES,40,103,63,0,~  5KTS3,PROPOSITION 63 FIREARMS,YES,40,103,0,0,0,0,21,0.00%,5KTS3.PROPOSITION 63 FIREARMS. AMMUNITION SALES. INITIATIVE STATUTE..YES
000110 ,2,3,036 222 223,PROP_64,NO,38,102,64,0,~  5KTS3,PROPOSITION 64 MARIJUAN,NO,38,103,0,-1,0,1,26,0.00%,5KTS3.PROPOSITION 64 MARIJUANA LEGALIZATION. INITIATIVE STATUTE..NO
000110 ,2,3,036 222 223,PROP_64,YES,64,102,38,0,~  5KTS3,PROPOSITION 64 MARIJUAN,YES,64,103,0,-1,0,1,26,0.00%,5KTS3.PROPOSITION 64 MARIJUANA LEGALIZATION. INITIATIVE STATUTE..YES
000110 ,2,3,036 222 223,PROP_65,NO,58,102,44,0,~  5KTS3,PROPOSITION 65 CARRYOUT,NO,58,103,0,-1,0,1,17,0.00%,5KTS3.PROPOSITION 65 CARRYOUT BAGS. CHARGES. INITIATIVE STATUTE..NO
000110 ,2,3,036 222 223,PROP_65,YES,41,102,61,0,~  5KTS3,PROPOSITION 65 CARRYOUT,YES,41,103,0,-1,0,1,17,0.00%,5KTS3.PROPOSITION 65 CARRYOUT BAGS. CHARGES. INITIATIVE STATUTE..YES
000110 ,2,3,036 222 223,PROP_66,NO,49,102,53,0,~  5KTS3,PROPOSITION 66 DEATH PE,NO,49,103,0,-1,0,1,7,0.00%,5KTS3.PROPOSITION 66 DEATH PENALTY. PROCEDURES. INITIATIVE STATUTE..NO
000110 ,2,3,036 222 223,PROP_66,YES,42,102,60,0,~  5KTS3,PROPOSITION 66 DEATH PE,YES,42,103,0,-1,0,1,7,0.00%,5KTS3.PROPOSITION 66 DEATH PENALTY. PROCEDURES. INITIATIVE STATUTE..YES
000110 ,2,3,036 222 223,PROP_67,NO,39,102,63,1,~  5KTS3,PROPOSITION 67 BAN ON S,NO,39,103,0,-1,0,1,21,0.00%,5KTS3.PROPOSITION 67 BAN ON SINGLE-USE PLASTIC BAGS. REFERENDUM..NO
000110 ,1,1,036 222 223 229,STATEASS2,JIM_WOOD,67,103,36,0,~  5KTS3,"STATE ASSEMBLY, DISTRIC",JIM WOOD,67,103,0,0,0,0,38,0.00%,"5KTS3.STATE ASSEMBLY, DISTRICT 2.JIM WOOD"
000110 ,1,1,036 222 223 229,STATEASS2,KEN_ANTON,29,103,74,0,~  5KTS3,"STATE ASSEMBLY, DISTRIC",KEN ANTON,29,103,0,0,0,0,38,0.00%,"5KTS3.STATE ASSEMBLY, DISTRICT 2.KEN ANTON"
000110 ,1,1,036 222 223 229,USREP,DALE_K_MENSING,31,103,72,0,~  5KTS3,US REPRESENTATIVE IN CO,DALE K. MENSING,31,103,0,0,0,0,40,0.00%,"5KTS3.US REPRESENTATIVE IN CONGRESS, DISTRICT 2.DALE K. MENSING"
000110 ,1,1,036 222 223 229,USREP,JARED_W_HUFFMAN,71,103,32,0,~  5KTS3,US REPRESENTATIVE IN CO,JARED W. HUFFMAN,71,103,0,0,0,0,40,0.00%,"5KTS3.US REPRESENTATIVE IN CONGRESS, DISTRICT 2.JARED W. HUFFMAN"
000110 ,1,1,036 222 223 229,USSEN,KAMALA_D_HARRIS,64,103,39,0,~  5KTS3,US SENATOR,KAMALA D. HARRIS,64,103,0,0,0,0,37,0.00%,5KTS3.US SENATOR.KAMALA D. HARRIS
000110 ,1,1,036 222 223 229,USSEN,LORETTA_L_SANCHEZ,27,103,76,0,~  5KTS3,US SENATOR,LORETTA L. SANCHEZ,27,103,0,0,0,0,37,0.00%,5KTS3.US SENATOR.LORETTA L. SANCHEZ
000111 ,2,3,036 222 223 229,MEAS_Q,NO,15,25,10,0,~  5MC,MEASURE Q HUMBOLDT COUN,NO,15,25,0,0,0,0,9,0.00%,5MC.MEASURE Q HUMBOLDT COUNTY CREATION OF FINANCE DEPARTMENT MEASURE..NO
000111 ,2,3,036 222 223 229,MEAS_Q,YES,6,25,19,0,~  5MC,MEASURE Q HUMBOLDT COUN,YES,6,25,0,0,0,0,9,0.00%,5MC.MEASURE Q HUMBOLDT COUNTY CREATION OF FINANCE DEPARTMENT MEASURE..YES
000111 ,2,3,036 222 223 229,MEAS_R,NO,7,25,18,0,~  5MC,MEASURE R HUMBOLDT COUN,NO,7,25,0,0,0,0,7,0.00%,5MC.MEASURE R HUMBOLDT COUNTY FINANCE DEPARTMENT ELECTIVE OFFICE MEASURE..NO
000111 ,2,3,036 222 223 229,MEAS_R,YES,14,25,11,0,~  5MC,MEASURE R HUMBOLDT COUN,YES,14,25,0,0,0,0,7,0.00%,5MC.MEASURE R HUMBOLDT COUNTY FINANCE DEPARTMENT ELECTIVE OFFICE MEASURE..YES
000111 ,2,3,036 222 223 229,MEAS_S,NO,5,25,20,0,~  5MC,MEASURE S HUMBOLDT COUN,NO,5,25,0,0,0,0,13,0.00%,5MC.MEASURE S HUMBOLDT COUNTY COMMERCIAL MARIJUANA CULTIVATION MEASURE..NO
000111 ,2,3,036 222 223 229,MEAS_S,YES,18,25,7,0,~  5MC,MEASURE S HUMBOLDT COUN,YES,18,25,0,0,0,0,13,0.00%,5MC.MEASURE S HUMBOLDT COUNTY COMMERCIAL MARIJUANA CULTIVATION MEASURE..YES
000111 ,2,3,036 222 223 229,MEAS_U,NO,13,25,12,0,~  5MC,MEASURE U LOCAL TRANSPO,NO,13,25,0,0,0,0,2,0.00%,5MC.MEASURE U LOCAL TRANSPORTATION AUTHORITY RETAIL TRANSACTIONS AND USE TAX..NO
000111 ,2,3,036 222 223 229,MEAS_U,YES,11,25,14,0,~  5MC,MEASURE U LOCAL TRANSPO,YES,11,25,0,0,0,0,2,0.00%,5MC.MEASURE U LOCAL TRANSPORTATION AUTHORITY RETAIL TRANSACTIONS AND USE TAX..YES
000111 ,2,3,036 222 223 229,MEAS_V,NO,11,25,14,0,~  5MC,MEASURE V MOBILE HOME P,NO,11,25,0,0,0,0,0,--,5MC.MEASURE V MOBILE HOME PARK SPACE RENT STABILIZATION..NO
000111 ,2,3,036 222 223 229,MEAS_V,YES,11,25,14,0,~  5MC,MEASURE V MOBILE HOME P,YES,11,25,0,0,0,0,0,--,5MC.MEASURE V MOBILE HOME PARK SPACE RENT STABILIZATION..YES
000111 ,1,1,036 222 223,PRES,DONALD_J_TRUMP,5,24,19,0,~  5MC,PRESIDENT AND VICE PRES,DONALD J. TRUMP      ,5,25,0,-1,0,1,9,0.00%,5MC.PRESIDENT AND VICE PRESIDENT.DONALD J. TRUMP      and MICHAEL R. PENCE
000111 ,1,1,036 222 223,PRES,GARY_JOHNSON,0,24,24,0,~  5MC,PRESIDENT AND VICE PRES,GARY JOHNSON      and,0,25,0,-1,0,1,9,0.00%,5MC.PRESIDENT AND VICE PRESIDENT.GARY JOHNSON      and BILL WELD
000111 ,1,1,036 222 223,PRES,GLORIA_ESTELA_LA_RIVA,0,24,24,0,~  5MC,PRESIDENT AND VICE PRES,GLORIA ESTELA LA RIVA,0,25,0,-1,0,1,9,0.00%,5MC.PRESIDENT AND VICE PRESIDENT.GLORIA ESTELA LA RIVA      and DENNIS J. BANKS
000111 ,1,1,036 222 223,PRES,HILLARY_CLINTON,14,24,10,0,~  5MC,PRESIDENT AND VICE PRES,HILLARY CLINTON      ,14,25,0,-1,0,1,9,0.00%,5MC.PRESIDENT AND VICE PRESIDENT.HILLARY CLINTON      and TIM KAINE
000111 ,1,1,036 222 223,PRES,JILL_STEIN,3,24,21,0,~  5MC,PRESIDENT AND VICE PRES,JILL STEIN      and A,3,25,0,-1,0,1,9,0.00%,5MC.PRESIDENT AND VICE PRESIDENT.JILL STEIN      and AJAMU BARAKA
000111 ,1,1,036 222 223,PRES,Write_in,1,24,23,0,~  5MC,PRESIDENT AND VICE PRES,Write_in,1,25,0,-1,0,1,9,0.00%,5MC.PRESIDENT AND VICE PRESIDENT.Write_in
000111 ,1,1,036 222 223,PROP_51,NO,12,24,12,0,~  5MC,PROPOSITION 51 SCHOOL B,NO,12,25,0,-1,0,1,1,0.00%,5MC.PROPOSITION 51 SCHOOL BONDS. FUNDING FOR K-12 SCHOOL AND COMMUNITY COLLEGE FACILITIES. INITIATIVE.NO
000111 ,1,1,036 222 223,PROP_51,YES,11,24,13,0,~  5MC,PROPOSITION 51 SCHOOL B,YES,11,25,0,-1,0,1,1,0.00%,5MC.PROPOSITION 51 SCHOOL BONDS. FUNDING FOR K-12 SCHOOL AND COMMUNITY COLLEGE FACILITIES. INITIATIVE.YES
000111 ,1,1,036 222 223,PROP_52,NO,1,24,23,0,~  5MC,PROPOSITION 52 MEDI-CAL,NO,1,25,0,-1,0,1,20,0.00%,5MC.PROPOSITION 52 MEDI-CAL HOSPITAL FEE PROGRAM. INITIATIVE CONSTITUTIONAL AMENDMENT AND STATUTE..NO
000111 ,1,1,036 222 223,PROP_52,YES,21,24,3,0,~  5MC,PROPOSITION 52 MEDI-CAL,YES,21,25,0,-1,0,1,20,0.00%,5MC.PROPOSITION 52 MEDI-CAL HOSPITAL FEE PROGRAM. INITIATIVE CONSTITUTIONAL AMENDMENT AND STATUTE..YES
000111 ,1,1,036 222 223,PROP_53,NO,10,24,14,0,~  5MC,PROPOSITION 53 REVENUE ,NO,10,25,0,-1,0,1,2,0.00%,5MC.PROPOSITION 53 REVENUE BONDS. STATEWIDE VOTER APPROVAL. INITIATIVE CONSTITUTIONAL AMENDMENT..NO
000111 ,1,1,036 222 223,PROP_53,YES,12,24,12,0,~  5MC,PROPOSITION 53 REVENUE ,YES,12,25,0,-1,0,1,2,0.00%,5MC.PROPOSITION 53 REVENUE BONDS. STATEWIDE VOTER APPROVAL. INITIATIVE CONSTITUTIONAL AMENDMENT..YES
000111 ,1,1,036 222 223,PROP_54,NO,7,24,17,0,~  5MC,PROPOSITION 54 LEGISLAT,NO,7,25,0,-1,0,1,8,0.00%,5MC.PROPOSITION 54 LEGISLATURE. LEGISLATION AND PROCEEDINGS. INITIATIVE CONSTITUTIONAL AMENDMENT AND.NO
000111 ,1,1,036 222 223,PROP_54,YES,15,24,9,0,~  5MC,PROPOSITION 54 LEGISLAT,YES,15,25,0,-1,0,1,8,0.00%,5MC.PROPOSITION 54 LEGISLATURE. LEGISLATION AND PROCEEDINGS. INITIATIVE CONSTITUTIONAL AMENDMENT AND.YES
000111 ,1,1,036 222 223,PROP_55,NO,5,24,19,0,~  5MC,PROPOSITION 55 TAX EXTE,NO,5,25,0,-1,0,1,12,0.00%,5MC.PROPOSITION 55 TAX EXTENSION TO FUND EDUCATION AND HEALTHCARE. INITIATIVE CONSTITUTIONAL AMENDMENT..NO
000111 ,1,1,036 222 223,PROP_55,YES,17,24,7,0,~  5MC,PROPOSITION 55 TAX EXTE,YES,17,25,0,-1,0,1,12,0.00%,5MC.PROPOSITION 55 TAX EXTENSION TO FUND EDUCATION AND HEALTHCARE. INITIATIVE CONSTITUTIONAL AMENDMENT..YES
000111 ,1,2,036 222 223,PROP_56,NO,9,24,15,0,~  5MC,PROPOSITION 56 CIGARETT,NO,9,25,0,-1,0,1,4,0.00%,"5MC.PROPOSITION 56 CIGARETTE TAX TO FUND HEALTHCARE, TOBACCO USE PREVENTION, RESEARCH, AND.NO"
000111 ,1,2,036 222 223,PROP_56,YES,13,24,11,0,~  5MC,PROPOSITION 56 CIGARETT,YES,13,25,0,-1,0,1,4,0.00%,"5MC.PROPOSITION 56 CIGARETTE TAX TO FUND HEALTHCARE, TOBACCO USE PREVENTION, RESEARCH, AND.YES"
000111 ,1,2,036 222 223,PROP_57,NO,9,24,15,0,~  5MC,PROPOSITION 57 CRIMINAL,NO,9,25,0,-1,0,1,3,0.00%,5MC.PROPOSITION 57 CRIMINAL SENTENCES. PAROLE. JUVENILE CRIMINAL PROCEEDINGS AND SENTENCING. INITIATIVE.NO
000111 ,1,2,036 222 223,PROP_57,YES,12,24,12,0,~  5MC,PROPOSITION 57 CRIMINAL,YES,12,25,0,-1,0,1,3,0.00%,5MC.PROPOSITION 57 CRIMINAL SENTENCES. PAROLE. JUVENILE CRIMINAL PROCEEDINGS AND SENTENCING. INITIATIVE.YES
000111 ,1,2,036 222 223,PROP_58,NO,4,24,20,0,~  5MC,PROPOSITION 58 ENGLISH ,NO,4,25,0,-1,0,1,14,0.00%,5MC.PROPOSITION 58 ENGLISH PROFICIENCY. MULTILINGUAL EDUCATION. INITIATIVE STATUTE..NO
000111 ,1,2,036 222 223,PROP_58,YES,18,24,6,0,~  5MC,PROPOSITION 58 ENGLISH ,YES,18,25,0,-1,0,1,14,0.00%,5MC.PROPOSITION 58 ENGLISH PROFICIENCY. MULTILINGUAL EDUCATION. INITIATIVE STATUTE..YES
000111 ,1,2,036 222 223,PROP_59,NO,1,24,23,0,~  5MC,PROPOSITION 59 CORPORAT,NO,1,25,0,-1,0,1,21,0.00%,5MC.PROPOSITION 59 CORPORATIONS. POLITICAL SPENDING. FEDERAL CONSTITUTIONAL PROTECTIONS..NO
000111 ,1,2,036 222 223,PROP_59,YES,22,24,2,0,~  5MC,PROPOSITION 59 CORPORAT,YES,22,25,0,-1,0,1,21,0.00%,5MC.PROPOSITION 59 CORPORATIONS. POLITICAL SPENDING. FEDERAL CONSTITUTIONAL PROTECTIONS..YES
000111 ,1,2,036 222 223,PROP_60,NO,11,24,13,0,~  5MC,PROPOSITION 60 ADULT FI,NO,11,25,0,-1,0,1,1,0.00%,5MC.PROPOSITION 60 ADULT FILMS. CONDOMS. HEALTH REQUIREMENTS. INITIATIVE STATUTE..NO
000111 ,1,2,036 222 223,PROP_60,YES,10,24,14,0,~  5MC,PROPOSITION 60 ADULT FI,YES,10,25,0,-1,0,1,1,0.00%,5MC.PROPOSITION 60 ADULT FILMS. CONDOMS. HEALTH REQUIREMENTS. INITIATIVE STATUTE..YES
000111 ,1,2,036 222 223,PROP_61,NO,9,24,15,0,~  5MC,PROPOSITION 61 STATE PR,NO,9,25,0,-1,0,1,3,0.00%,5MC.PROPOSITION 61 STATE PRESCRIPTION DRUG PURCHASES. PRICING STANDARDS. INITIATIVE STATUTE..NO
000111 ,1,2,036 222 223,PROP_61,YES,12,24,12,0,~  5MC,PROPOSITION 61 STATE PR,YES,12,25,0,-1,0,1,3,0.00%,5MC.PROPOSITION 61 STATE PRESCRIPTION DRUG PURCHASES. PRICING STANDARDS. INITIATIVE STATUTE..YES
000111 ,1,2,036 222 223,PROP_63,NO,14,24,10,0,~  5MC,PROPOSITION 63 FIREARMS,NO,14,25,0,-1,0,1,6,0.00%,5MC.PROPOSITION 63 FIREARMS. AMMUNITION SALES. INITIATIVE STATUTE..NO
000111 ,1,2,036 222 223,PROP_63,YES,8,24,16,0,~  5MC,PROPOSITION 63 FIREARMS,YES,8,25,0,-1,0,1,6,0.00%,5MC.PROPOSITION 63 FIREARMS. AMMUNITION SALES. INITIATIVE STATUTE..YES
000111 ,2,3,036 222 223 229,PROP_64,NO,7,25,18,0,~  5MC,PROPOSITION 64 MARIJUAN,NO,7,25,0,0,0,0,10,0.00%,5MC.PROPOSITION 64 MARIJUANA LEGALIZATION. INITIATIVE STATUTE..NO
000111 ,2,3,036 222 223 229,PROP_64,YES,17,25,8,0,~  5MC,PROPOSITION 64 MARIJUAN,YES,17,25,0,0,0,0,10,0.00%,5MC.PROPOSITION 64 MARIJUANA LEGALIZATION. INITIATIVE STATUTE..YES
000111 ,2,3,036 222 223 229,PROP_65,NO,13,25,12,0,~  5MC,PROPOSITION 65 CARRYOUT,NO,13,25,0,0,0,0,2,0.00%,5MC.PROPOSITION 65 CARRYOUT BAGS. CHARGES. INITIATIVE STATUTE..NO
000111 ,2,3,036 222 223 229,PROP_65,YES,11,25,14,0,~  5MC,PROPOSITION 65 CARRYOUT,YES,11,25,0,0,0,0,2,0.00%,5MC.PROPOSITION 65 CARRYOUT BAGS. CHARGES. INITIATIVE STATUTE..YES
000111 ,2,3,036 222 223 229,PROP_66,NO,8,25,17,0,~  5MC,PROPOSITION 66 DEATH PE,NO,8,25,0,0,0,0,5,0.00%,5MC.PROPOSITION 66 DEATH PENALTY. PROCEDURES. INITIATIVE STATUTE..NO
000111 ,2,3,036 222 223 229,PROP_66,YES,13,25,12,0,~  5MC,PROPOSITION 66 DEATH PE,YES,13,25,0,0,0,0,5,0.00%,5MC.PROPOSITION 66 DEATH PENALTY. PROCEDURES. INITIATIVE STATUTE..YES
000111 ,2,3,036 222 223 229,PROP_67,NO,7,25,18,0,~  5MC,PROPOSITION 67 BAN ON S,NO,7,25,0,0,0,0,11,0.00%,5MC.PROPOSITION 67 BAN ON SINGLE-USE PLASTIC BAGS. REFERENDUM..NO
000111 ,2,3,036 222 223 229,PROP_67,YES,18,25,7,0,~  5MC,PROPOSITION 67 BAN ON S,YES,18,25,0,0,0,0,11,0.00%,5MC.PROPOSITION 67 BAN ON SINGLE-USE PLASTIC BAGS. REFERENDUM..YES
000111 ,1,1,036 222 223,STATEASS2,JIM_WOOD,17,24,7,0,~  5MC,"STATE ASSEMBLY, DISTRIC",JIM WOOD,17,25,0,-1,0,1,11,0.00%,"5MC.STATE ASSEMBLY, DISTRICT 2.JIM WOOD"
000111 ,1,1,036 222 223,STATEASS2,KEN_ANTON,6,24,18,0,~  5MC,"STATE ASSEMBLY, DISTRIC",KEN ANTON,6,25,0,-1,0,1,11,0.00%,"5MC.STATE ASSEMBLY, DISTRICT 2.KEN ANTON"
000111 ,1,1,036 222 223,USREP,DALE_K_MENSING,4,24,20,0,~  5MC,US REPRESENTATIVE IN CO,DALE K. MENSING,4,25,0,-1,0,1,16,0.00%,"5MC.US REPRESENTATIVE IN CONGRESS, DISTRICT 2.DALE K. MENSING"
000111 ,1,1,036 222 223,USREP,JARED_W_HUFFMAN,20,24,4,0,~  5MC,US REPRESENTATIVE IN CO,JARED W. HUFFMAN,20,25,0,-1,0,1,16,0.00%,"5MC.US REPRESENTATIVE IN CONGRESS, DISTRICT 2.JARED W. HUFFMAN"
000111 ,1,1,036 222 223,USSEN,KAMALA_D_HARRIS,18,24,6,0,~  5MC,US SENATOR,KAMALA D. HARRIS,18,25,0,-1,0,1,15,0.00%,5MC.US SENATOR.KAMALA D. HARRIS
000111 ,1,1,036 222 223,USSEN,LORETTA_L_SANCHEZ,3,24,21,0,~  5MC,US SENATOR,LORETTA L. SANCHEZ,3,25,0,-1,0,1,15,0.00%,5MC.US SENATOR.LORETTA L. SANCHEZ
000112 ,2,3,012 013 049 093 094 204 205 227 240,MEAS_Q,YES,349,823,474,0,~  5MK-1,MEASURE Q HUMBOLDT COUN,YES,349,831,0,-8,0,8,10,0.00%,5MK-1.MEASURE Q HUMBOLDT COUNTY CREATION OF FINANCE DEPARTMENT MEASURE..YES
000112 ,2,3,012 013 049 093 094 204 205 227 240,MEAS_S,NO,244,823,579,0,~  5MK-1,MEASURE S HUMBOLDT COUN,NO,244,831,0,-8,0,8,303,0.00%,5MK-1.MEASURE S HUMBOLDT COUNTY COMMERCIAL MARIJUANA CULTIVATION MEASURE..NO
000112 ,2,3,012 013 049 093 094 204 205 227 240,MEAS_V,NO,323,823,500,0,~  5MK-1,MEASURE V MOBILE HOME P,NO,323,831,0,-8,0,8,119,0.00%,5MK-1.MEASURE V MOBILE HOME PARK SPACE RENT STABILIZATION..NO
000112 ,1,1,012 013 049 092 093 204 205 227 229 240,PRES,DONALD_J_TRUMP,234,830,596,1,~  5MK-1,PRESIDENT AND VICE PRES,DONALD J. TRUMP      ,234,831,0,-1,0,1,257,0.00%,5MK-1.PRESIDENT AND VICE PRESIDENT.DONALD J. TRUMP      and MICHAEL R. PENCE
000112 ,1,1,012 013 049 092 093 204 205 227 229 240,PRES,GARY_JOHNSON,24,830,806,0,~  5MK-1,PRESIDENT AND VICE PRES,GARY JOHNSON      and,24,831,0,-1,0,1,257,0.00%,5MK-1.PRESIDENT AND VICE PRESIDENT.GARY JOHNSON      and BILL WELD
000112 ,1,1,012 013 049 092 093 204 205 227 229 240,PRES,GLORIA_ESTELA_LA_RIVA,2,830,828,0,~  5MK-1,PRESIDENT AND VICE PRES,GLORIA ESTELA LA RIVA,2,831,0,-1,0,1,257,0.00%,5MK-1.PRESIDENT AND VICE PRESIDENT.GLORIA ESTELA LA RIVA      and DENNIS J. BANKS
000112 ,1,1,012 013 049 092 093 204 205 227 229 240,PRES,Write_in,20,830,810,0,~  5MK-1,PRESIDENT AND VICE PRES,Write_in,20,831,0,-1,0,1,257,0.00%,5MK-1.PRESIDENT AND VICE PRESIDENT.Write_in
000112 ,1,1,012 013 049 092 093 204 205 227 229 240,PROP_51,NO,396,830,434,1,~  5MK-1,PROPOSITION 51 SCHOOL B,NO,396,831,0,-1,0,1,1,0.00%,5MK-1.PROPOSITION 51 SCHOOL BONDS. FUNDING FOR K-12 SCHOOL AND COMMUNITY COLLEGE FACILITIES. INITIATIVE.NO
000112 ,1,1,012 013 049 092 093 204 205 227 229 240,PROP_51,YES,395,830,435,1,~  5MK-1,PROPOSITION 51 SCHOOL B,YES,395,831,0,-1,0,1,1,0.00%,5MK-1.PROPOSITION 51 SCHOOL BONDS. FUNDING FOR K-12 SCHOOL AND COMMUNITY COLLEGE FACILITIES. INITIATIVE.YES
000112 ,1,1,012 013 049 092 093 204 205 227 229 240,PROP_52,NO,221,830,609,0,~  5MK-1,PROPOSITION 52 MEDI-CAL,NO,221,831,0,-1,0,1,337,0.00%,5MK-1.PROPOSITION 52 MEDI-CAL HOSPITAL FEE PROGRAM. INITIATIVE CONSTITUTIONAL AMENDMENT AND STATUTE..NO
000112 ,1,1,012 013 049 092 093 204 205 227 229 240,PROP_53,NO,419,830,411,2,~  5MK-1,PROPOSITION 53 REVENUE ,NO,419,831,0,-1,0,1,89,0.00%,5MK-1.PROPOSITION 53 REVENUE BONDS. STATEWIDE VOTER APPROVAL. INITIATIVE CONSTITUTIONAL AMENDMENT..NO
000112 ,1,1,012 013 049 092 093 204 205 227 229 240,PROP_54,NO,302,830,528,0,~  5MK-1,PROPOSITION 54 LEGISLAT,NO,302,831,0,-1,0,1,176,0.00%,5MK-1.PROPOSITION 54 LEGISLATURE. LEGISLATION AND PROCEEDINGS. INITIATIVE CONSTITUTIONAL AMENDMENT AND.NO
000112 ,1,2,012 013 049 092 093 204 205 227 229 240,PROP_58,YES,612,831,219,1,~  5MK-1,PROPOSITION 58 ENGLISH ,YES,612,831,0,0,0,0,443,0.00%,5MK-1.PROPOSITION 58 ENGLISH PROFICIENCY. MULTILINGUAL EDUCATION. INITIATIVE STATUTE..YES
000112 ,1,2,012 013 049 092 093 204 205 227 229 240,PROP_59,NO,278,831,553,0,~  5MK-1,PROPOSITION 59 CORPORAT,NO,278,831,0,0,0,0,192,0.00%,5MK-1.PROPOSITION 59 CORPORATIONS. POLITICAL SPENDING. FEDERAL CONSTITUTIONAL PROTECTIONS..NO
000112 ,1,2,012 013 049 092 093 204 205 227 229 240,PROP_59,YES,470,831,361,0,~  5MK-1,PROPOSITION 59 CORPORAT,YES,470,831,0,0,0,0,192,0.00%,5MK-1.PROPOSITION 59 CORPORATIONS. POLITICAL SPENDING. FEDERAL CONSTITUTIONAL PROTECTIONS..YES
000112 ,1,2,012 013 049 092 093 204 205 227 229 240,PROP_60,NO,474,831,357,1,~  5MK-1,PROPOSITION 60 ADULT FI,NO,474,831,0,0,0,0,188,0.00%,5MK-1.PROPOSITION 60 ADULT FILMS. CONDOMS. HEALTH REQUIREMENTS. INITIATIVE STATUTE..NO
000112 ,1,2,012 013 049 092 093 204 205 227 229 240,PROP_63,NO,354,831,477,1,~  5MK-1,PROPOSITION 63 FIREARMS,NO,354,831,0,0,0,0,86,0.00%,5MK-1.PROPOSITION 63 FIREARMS. AMMUNITION SALES. INITIATIVE STATUTE..NO
000112 ,1,2,012 013 049 092 093 204 205 227 229 240,PROP_63,YES,440,831,391,1,~  5MK-1,PROPOSITION 63 FIREARMS,YES,440,831,0,0,0,0,86,0.00%,5MK-1.PROPOSITION 63 FIREARMS. AMMUNITION SALES. INITIATIVE STATUTE..YES
000112 ,2,3,012 013 049 093 094 204 205 227 240,PROP_64,NO,316,823,507,1,~  5MK-1,PROPOSITION 64 MARIJUAN,NO,316,831,0,-8,0,8,177,0.00%,5MK-1.PROPOSITION 64 MARIJUANA LEGALIZATION. INITIATIVE STATUTE..NO
000112 ,2,3,012 013 049 093 094 204 205 227 240,PROP_64,YES,493,823,330,1,~  5MK-1,PROPOSITION 64 MARIJUAN,YES,493,831,0,-8,0,8,177,0.00%,5MK-1.PROPOSITION 64 MARIJUANA LEGALIZATION. INITIATIVE STATUTE..YES
000112 ,2,3,012 013 049 093 094 204 205 227 240,PROP_65,YES,333,823,490,0,~  5MK-1,PROPOSITION 65 CARRYOUT,YES,333,831,0,-8,0,8,116,0.00%,5MK-1.PROPOSITION 65 CARRYOUT BAGS. CHARGES. INITIATIVE STATUTE..YES
000112 ,2,3,012 013 049 093 094 204 205 227 240,PROP_66,YES,308,823,515,0,~  5MK-1,PROPOSITION 66 DEATH PE,YES,308,831,0,-8,0,8,128,0.00%,5MK-1.PROPOSITION 66 DEATH PENALTY. PROCEDURES. INITIATIVE STATUTE..YES
000112 ,1,1,012 013 049 092 093 204 205 227 229 240,STATEASS2,KEN_ANTON,206,830,624,0,~  5MK-1,"STATE ASSEMBLY, DISTRIC",KEN ANTON,206,831,0,-1,0,1,319,0.00%,"5MK-1.STATE ASSEMBLY, DISTRICT 2.KEN ANTON"
000112 ,1,1,012 013 049 092 093 204 205 227 229 240,USREP,DALE_K_MENSING,192,830,638,0,~  5MK-1,US REPRESENTATIVE IN CO,DALE K. MENSING,192,831,0,-1,0,1,392,0.00%,"5MK-1.US REPRESENTATIVE IN CONGRESS, DISTRICT 2.DALE K. MENSING"
000112 ,1,1,012 013 049 092 093 204 205 227 229 240,USREP,JARED_W_HUFFMAN,584,830,246,0,~  5MK-1,US REPRESENTATIVE IN CO,JARED W. HUFFMAN,584,831,0,-1,0,1,392,0.00%,"5MK-1.US REPRESENTATIVE IN CONGRESS, DISTRICT 2.JARED W. HUFFMAN"
000112 ,1,1,012 013 049 092 093 204 205 227 229 240,USSEN,KAMALA_D_HARRIS,490,830,340,2,~  5MK-1,US SENATOR,KAMALA D. HARRIS,490,831,0,-1,0,1,273,0.00%,5MK-1.US SENATOR.KAMALA D. HARRIS
000113 ,2,3,014 051 091 092 205 206 227 229 240,MEAS_U,NO,345,753,408,1,~  5MK-2,MEASURE U LOCAL TRANSPO,NO,345,755,0,-2,0,2,2,0.00%,5MK-2.MEASURE U LOCAL TRANSPORTATION AUTHORITY RETAIL TRANSACTIONS AND USE TAX..NO
000113 ,2,3,014 051 091 092 205 206 227 229 240,MEAS_V,NO,367,753,386,0,~  5MK-2,MEASURE V MOBILE HOME P,NO,367,755,0,-2,0,2,45,0.00%,5MK-2.MEASURE V MOBILE HOME PARK SPACE RENT STABILIZATION..NO
000113 ,1,1,014 051 092 205 206 227 229 240,PRES,GARY_JOHNSON,21,746,725,0,~  5MK-2,PRESIDENT AND VICE PRES,GARY JOHNSON      and,21,755,0,-9,0,9,159,0.00%,5MK-2.PRESIDENT AND VICE PRESIDENT.GARY JOHNSON      and BILL WELD
000113 ,1,1,014 051 092 205 206 227 229 240,PRES,GLORIA_ESTELA_LA_RIVA,1,746,745,0,~  5MK-2,PRESIDENT AND VICE PRES,GLORIA ESTELA LA RIVA,1,755,0,-9,0,9,159,0.00%,5MK-2.PRESIDENT AND VICE PRESIDENT.GLORIA ESTELA LA RIVA      and DENNIS J. BANKS
000113 ,1,1,014 051 092 205 206 227 229 240,PRES,JILL_STEIN,36,746,710,0,~  5MK-2,PRESIDENT AND VICE PRES,JILL STEIN      and A,36,755,0,-9,0,9,159,0.00%,5MK-2.PRESIDENT AND VICE PRESIDENT.JILL STEIN      and AJAMU BARAKA
000113 ,1,1,014 051 092 205 206 227 229 240,PRES,Write_in,36,746,710,0,~  5MK-2,PRESIDENT AND VICE PRES,Write_in,36,755,0,-9,0,9,159,0.00%,5MK-2.PRESIDENT AND VICE PRESIDENT.Write_in
000113 ,1,2,014 051 092 205 206 227 229 240,PROP_57,NO,248,754,506,0,~  5MK-2,PROPOSITION 57 CRIMINAL,NO,248,755,0,-1,0,1,210,0.00%,5MK-2.PROPOSITION 57 CRIMINAL SENTENCES. PAROLE. JUVENILE CRIMINAL PROCEEDINGS AND SENTENCING. INITIATIVE.NO
000113 ,1,2,014 051 092 205 206 227 229 240,PROP_57,YES,458,754,296,0,~  5MK-2,PROPOSITION 57 CRIMINAL,YES,458,755,0,-1,0,1,210,0.00%,5MK-2.PROPOSITION 57 CRIMINAL SENTENCES. PAROLE. JUVENILE CRIMINAL PROCEEDINGS AND SENTENCING. INITIATIVE.YES
000113 ,1,2,014 051 092 205 206 227 229 240,PROP_58,YES,536,754,218,1,~  5MK-2,PROPOSITION 58 ENGLISH ,YES,536,755,0,-1,0,1,366,0.00%,5MK-2.PROPOSITION 58 ENGLISH PROFICIENCY. MULTILINGUAL EDUCATION. INITIATIVE STATUTE..YES
000113 ,1,2,014 051 092 205 206 227 229 240,PROP_59,NO,278,754,476,0,~  5MK-2,PROPOSITION 59 CORPORAT,NO,278,755,0,-1,0,1,125,0.00%,5MK-2.PROPOSITION 59 CORPORATIONS. POLITICAL SPENDING. FEDERAL CONSTITUTIONAL PROTECTIONS..NO
000113 ,1,2,014 051 092 205 206 227 229 240,PROP_59,YES,403,754,351,0,~  5MK-2,PROPOSITION 59 CORPORAT,YES,403,755,0,-1,0,1,125,0.00%,5MK-2.PROPOSITION 59 CORPORATIONS. POLITICAL SPENDING. FEDERAL CONSTITUTIONAL PROTECTIONS..YES
000113 ,1,2,014 051 092 205 206 227 229 240,PROP_63,NO,352,754,402,0,~  5MK-2,PROPOSITION 63 FIREARMS,NO,352,755,0,-1,0,1,27,0.00%,5MK-2.PROPOSITION 63 FIREARMS. AMMUNITION SALES. INITIATIVE STATUTE..NO
000114 ,2,3,013 014 051 093 106 206 227 240,MEAS_R,NO,245,555,310,0,~  5MK-3,MEASURE R HUMBOLDT COUN,NO,245,557,0,-2,0,2,34,0.00%,5MK-3.MEASURE R HUMBOLDT COUNTY FINANCE DEPARTMENT ELECTIVE OFFICE MEASURE..NO
000114 ,2,3,013 014 051 093 106 206 227 240,MEAS_R,YES,211,555,344,0,~  5MK-3,MEASURE R HUMBOLDT COUN,YES,211,557,0,-2,0,2,34,0.00%,5MK-3.MEASURE R HUMBOLDT COUNTY FINANCE DEPARTMENT ELECTIVE OFFICE MEASURE..YES
000114 ,2,3,013 014 051 093 106 206 227 240,MEAS_U,NO,222,555,333,1,~  5MK-3,MEASURE U LOCAL TRANSPO,NO,222,557,0,-2,0,2,54,0.00%,5MK-3.MEASURE U LOCAL TRANSPORTATION AUTHORITY RETAIL TRANSACTIONS AND USE TAX..NO
000114 ,1,1,013 014 051 093 106 206 227 229 240,PRES,DONALD_J_TRUMP,137,557,420,1,~  5MK-3,PRESIDENT AND VICE PRES,DONALD J. TRUMP      ,137,557,0,0,0,0,200,0.00%,5MK-3.PRESIDENT AND VICE PRESIDENT.DONALD J. TRUMP      and MICHAEL R. PENCE
000114 ,1,1,013 014 051 093 106 206 227 229 240,PRES,GARY_JOHNSON,16,557,541,0,~  5MK-3,PRESIDENT AND VICE PRES,GARY JOHNSON      and,16,557,0,0,0,0,200,0.00%,5MK-3.PRESIDENT AND VICE PRESIDENT.GARY JOHNSON      and BILL WELD
000114 ,1,1,013 014 051 093 106 206 227 229 240,PRES,GLORIA_ESTELA_LA_RIVA,3,557,554,0,~  5MK-3,PRESIDENT AND VICE PRES,GLORIA ESTELA LA RIVA,3,557,0,0,0,0,200,0.00%,5MK-3.PRESIDENT AND VICE PRESIDENT.GLORIA ESTELA LA RIVA      and DENNIS J. BANKS
000114 ,1,1,013 014 051 093 106 206 227 229 240,PRES,JILL_STEIN,40,557,517,0,~  5MK-3,PRESIDENT AND VICE PRES,JILL STEIN      and A,40,557,0,0,0,0,200,0.00%,5MK-3.PRESIDENT AND VICE PRESIDENT.JILL STEIN      and AJAMU BARAKA
000114 ,1,1,013 014 051 093 106 206 227 229 240,PRES,Write_in,20,557,537,0,~  5MK-3,PRESIDENT AND VICE PRES,Write_in,20,557,0,0,0,0,200,0.00%,5MK-3.PRESIDENT AND VICE PRESIDENT.Write_in
000114 ,1,1,013 014 051 093 106 206 227 229 240,PROP_53,NO,298,557,259,0,~  5MK-3,PROPOSITION 53 REVENUE ,NO,298,557,0,0,0,0,86,0.00%,5MK-3.PROPOSITION 53 REVENUE BONDS. STATEWIDE VOTER APPROVAL. INITIATIVE CONSTITUTIONAL AMENDMENT..NO
000114 ,1,1,013 014 051 093 106 206 227 229 240,PROP_53,YES,212,557,345,0,~  5MK-3,PROPOSITION 53 REVENUE ,YES,212,557,0,0,0,0,86,0.00%,5MK-3.PROPOSITION 53 REVENUE BONDS. STATEWIDE VOTER APPROVAL. INITIATIVE CONSTITUTIONAL AMENDMENT..YES
000114 ,1,1,013 014 051 093 106 206 227 229 240,PROP_54,NO,208,557,349,2,~  5MK-3,PROPOSITION 54 LEGISLAT,NO,208,557,0,0,0,0,87,0.00%,5MK-3.PROPOSITION 54 LEGISLATURE. LEGISLATION AND PROCEEDINGS. INITIATIVE CONSTITUTIONAL AMENDMENT AND.NO
000114 ,1,1,013 014 051 093 106 206 227 229 240,PROP_55,NO,137,557,420,0,~  5MK-3,PROPOSITION 55 TAX EXTE,NO,137,557,0,0,0,0,248,0.00%,5MK-3.PROPOSITION 55 TAX EXTENSION TO FUND EDUCATION AND HEALTHCARE. INITIATIVE CONSTITUTIONAL AMENDMENT..NO
000114 ,1,1,013 014 051 093 106 206 227 229 240,PROP_55,YES,385,557,172,0,~  5MK-3,PROPOSITION 55 TAX EXTE,YES,385,557,0,0,0,0,248,0.00%,5MK-3.PROPOSITION 55 TAX EXTENSION TO FUND EDUCATION AND HEALTHCARE. INITIATIVE CONSTITUTIONAL AMENDMENT..YES
000114 ,1,2,013 014 051 093 106 206 227 229 240,PROP_56,YES,326,557,231,3,~  5MK-3,PROPOSITION 56 CIGARETT,YES,326,557,0,0,0,0,113,0.00%,"5MK-3.PROPOSITION 56 CIGARETTE TAX TO FUND HEALTHCARE, TOBACCO USE PREVENTION, RESEARCH, AND.YES"
000114 ,1,2,013 014 051 093 106 206 227 229 240,PROP_58,NO,97,557,460,0,~  5MK-3,PROPOSITION 58 ENGLISH ,NO,97,557,0,0,0,0,325,0.00%,5MK-3.PROPOSITION 58 ENGLISH PROFICIENCY. MULTILINGUAL EDUCATION. INITIATIVE STATUTE..NO
000114 ,1,2,013 014 051 093 106 206 227 229 240,PROP_58,YES,422,557,135,0,~  5MK-3,PROPOSITION 58 ENGLISH ,YES,422,557,0,0,0,0,325,0.00%,5MK-3.PROPOSITION 58 ENGLISH PROFICIENCY. MULTILINGUAL EDUCATION. INITIATIVE STATUTE..YES
000114 ,1,2,013 014 051 093 106 206 227 229 240,PROP_59,YES,328,557,229,1,~  5MK-3,PROPOSITION 59 CORPORAT,YES,328,557,0,0,0,0,158,0.00%,5MK-3.PROPOSITION 59 CORPORATIONS. POLITICAL SPENDING. FEDERAL CONSTITUTIONAL PROTECTIONS..YES
000114 ,1,2,013 014 051 093 106 206 227 229 240,PROP_60,NO,336,557,221,0,~  5MK-3,PROPOSITION 60 ADULT FI,NO,336,557,0,0,0,0,172,0.00%,5MK-3.PROPOSITION 60 ADULT FILMS. CONDOMS. HEALTH REQUIREMENTS. INITIATIVE STATUTE..NO
000114 ,1,2,013 014 051 093 106 206 227 229 240,PROP_60,YES,164,557,393,0,~  5MK-3,PROPOSITION 60 ADULT FI,YES,164,557,0,0,0,0,172,0.00%,5MK-3.PROPOSITION 60 ADULT FILMS. CONDOMS. HEALTH REQUIREMENTS. INITIATIVE STATUTE..YES
000114 ,1,2,013 014 051 093 106 206 227 229 240,PROP_63,YES,285,557,272,1,~  5MK-3,PROPOSITION 63 FIREARMS,YES,285,557,0,0,0,0,43,0.00%,5MK-3.PROPOSITION 63 FIREARMS. AMMUNITION SALES. INITIATIVE STATUTE..YES
000114 ,2,3,013 014 051 093 106 206 227 240,PROP_65,NO,325,555,230,0,~  5MK-3,PROPOSITION 65 CARRYOUT,NO,325,557,0,-2,0,2,124,0.00%,5MK-3.PROPOSITION 65 CARRYOUT BAGS. CHARGES. INITIATIVE STATUTE..NO
000114 ,2,3,013 014 051 093 106 206 227 240,PROP_65,YES,201,555,354,0,~  5MK-3,PROPOSITION 65 CARRYOUT,YES,201,557,0,-2,0,2,124,0.00%,5MK-3.PROPOSITION 65 CARRYOUT BAGS. CHARGES. INITIATIVE STATUTE..YES
000114 ,2,3,013 014 051 093 106 206 227 240,PROP_67,YES,347,555,208,1,~  5MK-3,PROPOSITION 67 BAN ON S,YES,347,557,0,-2,0,2,159,0.00%,5MK-3.PROPOSITION 67 BAN ON SINGLE-USE PLASTIC BAGS. REFERENDUM..YES
000114 ,1,1,013 014 051 093 106 206 227 229 240,STATEASS2,KEN_ANTON,126,557,431,1,~  5MK-3,"STATE ASSEMBLY, DISTRIC",KEN ANTON,126,557,0,0,0,0,224,0.00%,"5MK-3.STATE ASSEMBLY, DISTRICT 2.KEN ANTON"
000114 ,1,1,013 014 051 093 106 206 227 229 240,USREP,DALE_K_MENSING,117,557,440,0,~  5MK-3,US REPRESENTATIVE IN CO,DALE K. MENSING,117,557,0,0,0,0,282,0.00%,"5MK-3.US REPRESENTATIVE IN CONGRESS, DISTRICT 2.DALE K. MENSING"
000114 ,1,1,013 014 051 093 106 206 227 229 240,USREP,JARED_W_HUFFMAN,399,557,158,0,~  5MK-3,US REPRESENTATIVE IN CO,JARED W. HUFFMAN,399,557,0,0,0,0,282,0.00%,"5MK-3.US REPRESENTATIVE IN CONGRESS, DISTRICT 2.JARED W. HUFFMAN"
000115 ,2,3,014 015 050 051 096 206 207 227 240,MEAS_Q,NO,389,858,469,0,~  5MK-4,MEASURE Q HUMBOLDT COUN,NO,389,860,0,-2,0,2,46,0.00%,5MK-4.MEASURE Q HUMBOLDT COUNTY CREATION OF FINANCE DEPARTMENT MEASURE..NO
000115 ,2,3,014 015 050 051 096 206 207 227 240,MEAS_R,NO,368,858,490,0,~  5MK-4,MEASURE R HUMBOLDT COUN,NO,368,860,0,-2,0,2,8,0.00%,5MK-4.MEASURE R HUMBOLDT COUNTY FINANCE DEPARTMENT ELECTIVE OFFICE MEASURE..NO
000115 ,2,3,014 015 050 051 096 206 207 227 240,MEAS_R,YES,360,858,498,0,~  5MK-4,MEASURE R HUMBOLDT COUN,YES,360,860,0,-2,0,2,8,0.00%,5MK-4.MEASURE R HUMBOLDT COUNTY FINANCE DEPARTMENT ELECTIVE OFFICE MEASURE..YES
000115 ,2,3,014 015 050 051 096 206 207 227 240,MEAS_S,YES,556,858,302,2,~  5MK-4,MEASURE S HUMBOLDT COUN,YES,556,860,0,-2,0,2,306,0.00%,5MK-4.MEASURE S HUMBOLDT COUNTY COMMERCIAL MARIJUANA CULTIVATION MEASURE..YES
000115 ,2,3,014 015 050 051 096 206 207 227 240,MEAS_U,YES,372,858,486,2,~  5MK-4,MEASURE U LOCAL TRANSPO,YES,372,860,0,-2,0,2,36,0.00%,5MK-4.MEASURE U LOCAL TRANSPORTATION AUTHORITY RETAIL TRANSACTIONS AND USE TAX..YES
000115 ,2,3,014 015 050 051 096 206 207 227 240,MEAS_V,NO,391,858,467,2,~  5MK-4,MEASURE V MOBILE HOME P,NO,391,860,0,-2,0,2,13,0.00%,5MK-4.MEASURE V MOBILE HOME PARK SPACE RENT STABILIZATION..NO
000115 ,1,1,014 015 050 051 095 096 206 207 227 240,PRES,GLORIA_ESTELA_LA_RIVA,8,860,852,0,~  5MK-4,PRESIDENT AND VICE PRES,GLORIA ESTELA LA RIVA,8,860,0,0,0,0,202,0.00%,5MK-4.PRESIDENT AND VICE PRESIDENT.GLORIA ESTELA LA RIVA      and DENNIS J. BANKS
000115 ,1,1,014 015 050 051 095 096 206 207 227 240,PRES,HILLARY_CLINTON,476,860,384,0,~  5MK-4,PRESIDENT AND VICE PRES,HILLARY CLINTON      ,476,860,0,0,0,0,202,0.00%,5MK-4.PRESIDENT AND VICE PRESIDENT.HILLARY CLINTON      and TIM KAINE
000115 ,1,1,014 015 050 051 095 096 206 207 227 240,PRES,JILL_STEIN,46,860,814,0,~  5MK-4,PRESIDENT AND VICE PRES,JILL STEIN      and A,46,860,0,0,0,0,202,0.00%,5MK-4.PRESIDENT AND VICE PRESIDENT.JILL STEIN      and AJAMU BARAKA
000115 ,1,1,014 015 050 051 095 096 206 207 227 240,PROP_51,YES,409,860,451,1,~  5MK-4,PROPOSITION 51 SCHOOL B,YES,409,860,0,0,0,0,6,0.00%,5MK-4.PROPOSITION 51 SCHOOL BONDS. FUNDING FOR K-12 SCHOOL AND COMMUNITY COLLEGE FACILITIES. INITIATIVE.YES
000115 ,1,1,014 015 050 051 095 096 206 207 227 240,PROP_52,YES,539,860,321,2,~  5MK-4,PROPOSITION 52 MEDI-CAL,YES,539,860,0,0,0,0,268,0.00%,5MK-4.PROPOSITION 52 MEDI-CAL HOSPITAL FEE PROGRAM. INITIATIVE CONSTITUTIONAL AMENDMENT AND STATUTE..YES
000115 ,1,1,014 015 050 051 095 096 206 207 227 240,PROP_53,YES,388,860,472,3,~  5MK-4,PROPOSITION 53 REVENUE ,YES,388,860,0,0,0,0,14,0.00%,5MK-4.PROPOSITION 53 REVENUE BONDS. STATEWIDE VOTER APPROVAL. INITIATIVE CONSTITUTIONAL AMENDMENT..YES
000115 ,1,1,014 015 050 051 095 096 206 207 227 240,PROP_54,NO,302,860,558,2,~  5MK-4,PROPOSITION 54 LEGISLAT,NO,302,860,0,0,0,0,189,0.00%,5MK-4.PROPOSITION 54 LEGISLATURE. LEGISLATION AND PROCEEDINGS. INITIATIVE CONSTITUTIONAL AMENDMENT AND.NO
000115 ,1,1,014 015 050 051 095 096 206 207 227 240,PROP_55,NO,232,860,628,1,~  5MK-4,PROPOSITION 55 TAX EXTE,NO,232,860,0,0,0,0,350,0.00%,5MK-4.PROPOSITION 55 TAX EXTENSION TO FUND EDUCATION AND HEALTHCARE. INITIATIVE CONSTITUTIONAL AMENDMENT..NO
000115 ,1,1,014 015 050 051 095 096 206 207 227 240,PROP_55,YES,582,860,278,1,~  5MK-4,PROPOSITION 55 TAX EXTE,YES,582,860,0,0,0,0,350,0.00%,5MK-4.PROPOSITION 55 TAX EXTENSION TO FUND EDUCATION AND HEALTHCARE. INITIATIVE CONSTITUTIONAL AMENDMENT..YES
000115 ,1,2,014 015 050 051 095 096 206 207 227 240,PROP_56,YES,516,860,344,4,~  5MK-4,PROPOSITION 56 CIGARETT,YES,516,860,0,0,0,0,200,0.00%,"5MK-4.PROPOSITION 56 CIGARETTE TAX TO FUND HEALTHCARE, TOBACCO USE PREVENTION, RESEARCH, AND.YES"
000115 ,1,2,014 015 050 051 095 096 206 207 227 240,PROP_61,NO,375,860,485,0,~  5MK-4,PROPOSITION 61 STATE PR,NO,375,860,0,0,0,0,31,0.00%,5MK-4.PROPOSITION 61 STATE PRESCRIPTION DRUG PURCHASES. PRICING STANDARDS. INITIATIVE STATUTE..NO
000115 ,1,2,014 015 050 051 095 096 206 207 227 240,PROP_61,YES,406,860,454,0,~  5MK-4,PROPOSITION 61 STATE PR,YES,406,860,0,0,0,0,31,0.00%,5MK-4.PROPOSITION 61 STATE PRESCRIPTION DRUG PURCHASES. PRICING STANDARDS. INITIATIVE STATUTE..YES
000115 ,2,3,014 015 050 051 096 206 207 227 240,PROP_64,YES,523,858,335,1,~  5MK-4,PROPOSITION 64 MARIJUAN,YES,523,860,0,-2,0,2,207,0.00%,5MK-4.PROPOSITION 64 MARIJUANA LEGALIZATION. INITIATIVE STATUTE..YES
000115 ,2,3,014 015 050 051 096 206 207 227 240,PROP_66,NO,423,858,435,1,~  5MK-4,PROPOSITION 66 DEATH PE,NO,423,860,0,-2,0,2,82,0.00%,5MK-4.PROPOSITION 66 DEATH PENALTY. PROCEDURES. INITIATIVE STATUTE..NO
000115 ,2,3,014 015 050 051 096 206 207 227 240,PROP_66,YES,341,858,517,1,~  5MK-4,PROPOSITION 66 DEATH PE,YES,341,860,0,-2,0,2,82,0.00%,5MK-4.PROPOSITION 66 DEATH PENALTY. PROCEDURES. INITIATIVE STATUTE..YES
000115 ,1,1,014 015 050 051 095 096 206 207 227 240,STATEASS2,JIM_WOOD,507,860,353,0,~  5MK-4,"STATE ASSEMBLY, DISTRIC",JIM WOOD,507,860,0,0,0,0,276,0.00%,"5MK-4.STATE ASSEMBLY, DISTRICT 2.JIM WOOD"
000115 ,1,1,014 015 050 051 095 096 206 207 227 240,STATEASS2,KEN_ANTON,231,860,629,0,~  5MK-4,"STATE ASSEMBLY, DISTRIC",KEN ANTON,231,860,0,0,0,0,276,0.00%,"5MK-4.STATE ASSEMBLY, DISTRICT 2.KEN ANTON"
000115 ,1,1,014 015 050 051 095 096 206 207 227 240,USREP,DALE_K_MENSING,243,860,617,0,~  5MK-4,US REPRESENTATIVE IN CO,DALE K. MENSING,243,860,0,0,0,0,319,0.00%,"5MK-4.US REPRESENTATIVE IN CONGRESS, DISTRICT 2.DALE K. MENSING"
000115 ,1,1,014 015 050 051 095 096 206 207 227 240,USREP,JARED_W_HUFFMAN,562,860,298,0,~  5MK-4,US REPRESENTATIVE IN CO,JARED W. HUFFMAN,562,860,0,0,0,0,319,0.00%,"5MK-4.US REPRESENTATIVE IN CONGRESS, DISTRICT 2.JARED W. HUFFMAN"
000115 ,1,1,014 015 050 051 095 096 206 207 227 240,USSEN,KAMALA_D_HARRIS,446,860,414,2,~  5MK-4,US SENATOR,KAMALA D. HARRIS,446,860,0,0,0,0,214,0.00%,5MK-4.US SENATOR.KAMALA D. HARRIS
000116 ,2,3,014 050 107 207 208 227 228 241,MEAS_Q,NO,260,558,298,1,~  5MK-4A,MEASURE Q HUMBOLDT COUN,NO,260,558,0,0,0,0,44,0.00%,5MK-4A.MEASURE Q HUMBOLDT COUNTY CREATION OF FINANCE DEPARTMENT MEASURE..NO
000116 ,2,3,014 050 107 207 208 227 228 241,MEAS_S,NO,175,558,383,1,~  5MK-4A,MEASURE S HUMBOLDT COUN,NO,175,558,0,0,0,0,180,0.00%,5MK-4A.MEASURE S HUMBOLDT COUNTY COMMERCIAL MARIJUANA CULTIVATION MEASURE..NO
000116 ,2,3,014 050 107 207 208 227 228 241,MEAS_S,YES,355,558,203,1,~  5MK-4A,MEASURE S HUMBOLDT COUN,YES,355,558,0,0,0,0,180,0.00%,5MK-4A.MEASURE S HUMBOLDT COUNTY COMMERCIAL MARIJUANA CULTIVATION MEASURE..YES
000116 ,2,3,014 050 107 207 208 227 228 241,MEAS_U,NO,290,558,268,1,~  5MK-4A,MEASURE U LOCAL TRANSPO,NO,290,558,0,0,0,0,67,0.00%,5MK-4A.MEASURE U LOCAL TRANSPORTATION AUTHORITY RETAIL TRANSACTIONS AND USE TAX..NO
000116 ,2,3,014 050 107 207 208 227 228 241,MEAS_V,NO,259,558,299,0,~  5MK-4A,MEASURE V MOBILE HOME P,NO,259,558,0,0,0,0,1,0.00%,5MK-4A.MEASURE V MOBILE HOME PARK SPACE RENT STABILIZATION..NO
000116 ,1,1,014 050 106 107 207 208 227 228 241,PRES,DONALD_J_TRUMP,172,558,386,0,~  5MK-4A,PRESIDENT AND VICE PRES,DONALD J. TRUMP      ,172,558,0,0,0,0,134,0.00%,5MK-4A.PRESIDENT AND VICE PRESIDENT.DONALD J. TRUMP      and MICHAEL R. PENCE
000116 ,1,1,014 050 106 107 207 208 227 228 241,PRES,GARY_JOHNSON,17,558,541,0,~  5MK-4A,PRESIDENT AND VICE PRES,GARY JOHNSON      and,17,558,0,0,0,0,134,0.00%,5MK-4A.PRESIDENT AND VICE PRESIDENT.GARY JOHNSON      and BILL WELD
000116 ,1,1,014 050 106 107 207 208 227 228 241,PRES,GLORIA_ESTELA_LA_RIVA,3,558,555,0,~  5MK-4A,PRESIDENT AND VICE PRES,GLORIA ESTELA LA RIVA,3,558,0,0,0,0,134,0.00%,5MK-4A.PRESIDENT AND VICE PRESIDENT.GLORIA ESTELA LA RIVA      and DENNIS J. BANKS
000116 ,1,1,014 050 106 107 207 208 227 228 241,PRES,HILLARY_CLINTON,306,558,252,0,~  5MK-4A,PRESIDENT AND VICE PRES,HILLARY CLINTON      ,306,558,0,0,0,0,134,0.00%,5MK-4A.PRESIDENT AND VICE PRESIDENT.HILLARY CLINTON      and TIM KAINE
000116 ,1,1,014 050 106 107 207 208 227 228 241,PRES,JILL_STEIN,26,558,532,0,~  5MK-4A,PRESIDENT AND VICE PRES,JILL STEIN      and A,26,558,0,0,0,0,134,0.00%,5MK-4A.PRESIDENT AND VICE PRESIDENT.JILL STEIN      and AJAMU BARAKA
000116 ,1,1,014 050 106 107 207 208 227 228 241,PRES,Write_in,25,558,533,0,~  5MK-4A,PRESIDENT AND VICE PRES,Write_in,25,558,0,0,0,0,134,0.00%,5MK-4A.PRESIDENT AND VICE PRESIDENT.Write_in
000116 ,1,1,014 050 106 107 207 208 227 228 241,PROP_52,YES,377,558,181,1,~  5MK-4A,PROPOSITION 52 MEDI-CAL,YES,377,558,0,0,0,0,224,0.00%,5MK-4A.PROPOSITION 52 MEDI-CAL HOSPITAL FEE PROGRAM. INITIATIVE CONSTITUTIONAL AMENDMENT AND STATUTE..YES
000116 ,1,2,014 050 106 107 207 208 227 228 241,PROP_58,NO,113,558,445,0,~  5MK-4A,PROPOSITION 58 ENGLISH ,NO,113,558,0,0,0,0,292,0.00%,5MK-4A.PROPOSITION 58 ENGLISH PROFICIENCY. MULTILINGUAL EDUCATION. INITIATIVE STATUTE..NO
000116 ,1,2,014 050 106 107 207 208 227 228 241,PROP_59,YES,310,558,248,1,~  5MK-4A,PROPOSITION 59 CORPORAT,YES,310,558,0,0,0,0,122,0.00%,5MK-4A.PROPOSITION 59 CORPORATIONS. POLITICAL SPENDING. FEDERAL CONSTITUTIONAL PROTECTIONS..YES
000116 ,1,2,014 050 106 107 207 208 227 228 241,PROP_61,NO,209,558,349,0,~  5MK-4A,PROPOSITION 61 STATE PR,NO,209,558,0,0,0,0,80,0.00%,5MK-4A.PROPOSITION 61 STATE PRESCRIPTION DRUG PURCHASES. PRICING STANDARDS. INITIATIVE STATUTE..NO
000116 ,1,2,014 050 106 107 207 208 227 228 241,PROP_62,NO,263,558,295,2,~  5MK-4A,PROPOSITION 62 DEATH PE,NO,263,558,0,0,0,0,5,0.00%,5MK-4A.PROPOSITION 62 DEATH PENALTY. INITIATIVE STATUTE..NO
000116 ,1,2,014 050 106 107 207 208 227 228 241,PROP_63,NO,265,558,293,0,~  5MK-4A,PROPOSITION 63 FIREARMS,NO,265,558,0,0,0,0,6,0.00%,5MK-4A.PROPOSITION 63 FIREARMS. AMMUNITION SALES. INITIATIVE STATUTE..NO
000116 ,1,2,014 050 106 107 207 208 227 228 241,PROP_63,YES,271,558,287,0,~  5MK-4A,PROPOSITION 63 FIREARMS,YES,271,558,0,0,0,0,6,0.00%,5MK-4A.PROPOSITION 63 FIREARMS. AMMUNITION SALES. INITIATIVE STATUTE..YES
000116 ,2,3,014 050 107 207 208 227 228 241,PROP_64,NO,233,558,325,0,~  5MK-4A,PROPOSITION 64 MARIJUAN,NO,233,558,0,0,0,0,81,0.00%,5MK-4A.PROPOSITION 64 MARIJUANA LEGALIZATION. INITIATIVE STATUTE..NO
000116 ,2,3,014 050 107 207 208 227 228 241,PROP_64,YES,314,558,244,0,~  5MK-4A,PROPOSITION 64 MARIJUAN,YES,314,558,0,0,0,0,81,0.00%,5MK-4A.PROPOSITION 64 MARIJUANA LEGALIZATION. INITIATIVE STATUTE..YES
000116 ,2,3,014 050 107 207 208 227 228 241,PROP_67,NO,207,558,351,0,~  5MK-4A,PROPOSITION 67 BAN ON S,NO,207,558,0,0,0,0,128,0.00%,5MK-4A.PROPOSITION 67 BAN ON SINGLE-USE PLASTIC BAGS. REFERENDUM..NO
000116 ,2,3,014 050 107 207 208 227 228 241,PROP_67,YES,335,558,223,0,~  5MK-4A,PROPOSITION 67 BAN ON S,YES,335,558,0,0,0,0,128,0.00%,5MK-4A.PROPOSITION 67 BAN ON SINGLE-USE PLASTIC BAGS. REFERENDUM..YES
000116 ,1,1,014 050 106 107 207 208 227 228 241,STATEASS2,JIM_WOOD,335,558,223,1,~  5MK-4A,"STATE ASSEMBLY, DISTRIC",JIM WOOD,335,558,0,0,0,0,192,0.00%,"5MK-4A.STATE ASSEMBLY, DISTRICT 2.JIM WOOD"
000116 ,1,1,014 050 106 107 207 208 227 228 241,USREP,JARED_W_HUFFMAN,386,558,172,1,~  5MK-4A,US REPRESENTATIVE IN CO,JARED W. HUFFMAN,386,558,0,0,0,0,248,0.00%,"5MK-4A.US REPRESENTATIVE IN CONGRESS, DISTRICT 2.JARED W. HUFFMAN"
000117 ,2,3,015 016 054 055 097 208 209 228 241,MEAS_Q,NO,324,751,427,2,~  5MK-5,MEASURE Q HUMBOLDT COUN,NO,324,755,0,-4,0,4,11,0.00%,5MK-5.MEASURE Q HUMBOLDT COUNTY CREATION OF FINANCE DEPARTMENT MEASURE..NO
000117 ,2,3,015 016 054 055 097 208 209 228 241,MEAS_R,YES,337,751,414,2,~  5MK-5,MEASURE R HUMBOLDT COUN,YES,337,755,0,-4,0,4,22,0.00%,5MK-5.MEASURE R HUMBOLDT COUNTY FINANCE DEPARTMENT ELECTIVE OFFICE MEASURE..YES
000117 ,2,3,015 016 054 055 097 208 209 228 241,MEAS_S,YES,507,751,244,0,~  5MK-5,MEASURE S HUMBOLDT COUN,YES,507,755,0,-4,0,4,315,0.00%,5MK-5.MEASURE S HUMBOLDT COUNTY COMMERCIAL MARIJUANA CULTIVATION MEASURE..YES
000117 ,1,1,015 016 054 055 096 097 208 209 228 229 241,PRES,GARY_JOHNSON,24,755,731,0,~  5MK-5,PRESIDENT AND VICE PRES,GARY JOHNSON      and,24,755,0,0,0,0,217,0.00%,5MK-5.PRESIDENT AND VICE PRESIDENT.GARY JOHNSON      and BILL WELD
000117 ,1,1,015 016 054 055 096 097 208 209 228 229 241,PRES,GLORIA_ESTELA_LA_RIVA,1,755,754,0,~  5MK-5,PRESIDENT AND VICE PRES,GLORIA ESTELA LA RIVA,1,755,0,0,0,0,217,0.00%,5MK-5.PRESIDENT AND VICE PRESIDENT.GLORIA ESTELA LA RIVA      and DENNIS J. BANKS
000117 ,1,1,015 016 054 055 096 097 208 209 228 229 241,PRES,JILL_STEIN,46,755,709,0,~  5MK-5,PRESIDENT AND VICE PRES,JILL STEIN      and A,46,755,0,0,0,0,217,0.00%,5MK-5.PRESIDENT AND VICE PRESIDENT.JILL STEIN      and AJAMU BARAKA
000117 ,1,1,015 016 054 055 096 097 208 209 228 229 241,PRES,Write_in,33,755,722,0,~  5MK-5,PRESIDENT AND VICE PRES,Write_in,33,755,0,0,0,0,217,0.00%,5MK-5.PRESIDENT AND VICE PRESIDENT.Write_in
000117 ,1,1,015 016 054 055 096 097 208 209 228 229 241,PROP_51,NO,343,755,412,0,~  5MK-5,PROPOSITION 51 SCHOOL B,NO,343,755,0,0,0,0,25,0.00%,5MK-5.PROPOSITION 51 SCHOOL BONDS. FUNDING FOR K-12 SCHOOL AND COMMUNITY COLLEGE FACILITIES. INITIATIVE.NO
000117 ,1,1,015 016 054 055 096 097 208 209 228 229 241,PROP_52,NO,207,755,548,1,~  5MK-5,PROPOSITION 52 MEDI-CAL,NO,207,755,0,0,0,0,299,0.00%,5MK-5.PROPOSITION 52 MEDI-CAL HOSPITAL FEE PROGRAM. INITIATIVE CONSTITUTIONAL AMENDMENT AND STATUTE..NO
000117 ,1,1,015 016 054 055 096 097 208 209 228 229 241,PROP_52,YES,506,755,249,1,~  5MK-5,PROPOSITION 52 MEDI-CAL,YES,506,755,0,0,0,0,299,0.00%,5MK-5.PROPOSITION 52 MEDI-CAL HOSPITAL FEE PROGRAM. INITIATIVE CONSTITUTIONAL AMENDMENT AND STATUTE..YES
000117 ,1,1,015 016 054 055 096 097 208 209 228 229 241,PROP_53,YES,324,755,431,1,~  5MK-5,PROPOSITION 53 REVENUE ,YES,324,755,0,0,0,0,45,0.00%,5MK-5.PROPOSITION 53 REVENUE BONDS. STATEWIDE VOTER APPROVAL. INITIATIVE CONSTITUTIONAL AMENDMENT..YES
000117 ,1,1,015 016 054 055 096 097 208 209 228 229 241,PROP_54,YES,457,755,298,1,~  5MK-5,PROPOSITION 54 LEGISLAT,YES,457,755,0,0,0,0,215,0.00%,5MK-5.PROPOSITION 54 LEGISLATURE. LEGISLATION AND PROCEEDINGS. INITIATIVE CONSTITUTIONAL AMENDMENT AND.YES
000117 ,1,1,015 016 054 055 096 097 208 209 228 229 241,PROP_55,NO,209,755,546,0,~  5MK-5,PROPOSITION 55 TAX EXTE,NO,209,755,0,0,0,0,301,0.00%,5MK-5.PROPOSITION 55 TAX EXTENSION TO FUND EDUCATION AND HEALTHCARE. INITIATIVE CONSTITUTIONAL AMENDMENT..NO
000117 ,1,1,015 016 054 055 096 097 208 209 228 229 241,PROP_55,YES,510,755,245,0,~  5MK-5,PROPOSITION 55 TAX EXTE,YES,510,755,0,0,0,0,301,0.00%,5MK-5.PROPOSITION 55 TAX EXTENSION TO FUND EDUCATION AND HEALTHCARE. INITIATIVE CONSTITUTIONAL AMENDMENT..YES
000117 ,1,2,015 016 054 055 096 097 208 209 228 229 241,PROP_57,NO,213,752,539,3,~  5MK-5,PROPOSITION 57 CRIMINAL,NO,213,755,0,-3,0,3,285,0.00%,5MK-5.PROPOSITION 57 CRIMINAL SENTENCES. PAROLE. JUVENILE CRIMINAL PROCEEDINGS AND SENTENCING. INITIATIVE.NO
000117 ,1,2,015 016 054 055 096 097 208 209 228 229 241,PROP_62,NO,354,752,398,0,~  5MK-5,PROPOSITION 62 DEATH PE,NO,354,755,0,-3,0,3,5,0.00%,5MK-5.PROPOSITION 62 DEATH PENALTY. INITIATIVE STATUTE..NO
000117 ,2,3,015 016 054 055 097 208 209 228 241,PROP_64,NO,272,751,479,1,~  5MK-5,PROPOSITION 64 MARIJUAN,NO,272,755,0,-4,0,4,185,0.00%,5MK-5.PROPOSITION 64 MARIJUANA LEGALIZATION. INITIATIVE STATUTE..NO
000117 ,2,3,015 016 054 055 097 208 209 228 241,PROP_67,NO,274,751,477,1,~  5MK-5,PROPOSITION 67 BAN ON S,NO,274,755,0,-4,0,4,167,0.00%,5MK-5.PROPOSITION 67 BAN ON SINGLE-USE PLASTIC BAGS. REFERENDUM..NO
000117 ,2,3,015 016 054 055 097 208 209 228 241,PROP_67,YES,441,751,310,1,~  5MK-5,PROPOSITION 67 BAN ON S,YES,441,755,0,-4,0,4,167,0.00%,5MK-5.PROPOSITION 67 BAN ON SINGLE-USE PLASTIC BAGS. REFERENDUM..YES
000117 ,1,1,015 016 054 055 096 097 208 209 228 229 241,USREP,DALE_K_MENSING,192,755,563,0,~  5MK-5,US REPRESENTATIVE IN CO,DALE K. MENSING,192,755,0,0,0,0,331,0.00%,"5MK-5.US REPRESENTATIVE IN CONGRESS, DISTRICT 2.DALE K. MENSING"
000118 ,2,3,015 054 055 103 209 228 241,MEAS_Q,YES,274,696,422,1,~  5MK-5A,MEASURE Q HUMBOLDT COUN,YES,274,697,0,-1,0,1,48,0.00%,5MK-5A.MEASURE Q HUMBOLDT COUNTY CREATION OF FINANCE DEPARTMENT MEASURE..YES
000118 ,2,3,015 054 055 103 209 228 241,MEAS_S,NO,207,696,489,0,~  5MK-5A,MEASURE S HUMBOLDT COUN,NO,207,697,0,-1,0,1,245,0.00%,5MK-5A.MEASURE S HUMBOLDT COUNTY COMMERCIAL MARIJUANA CULTIVATION MEASURE..NO
000118 ,2,3,015 054 055 103 209 228 241,MEAS_S,YES,452,696,244,0,~  5MK-5A,MEASURE S HUMBOLDT COUN,YES,452,697,0,-1,0,1,245,0.00%,5MK-5A.MEASURE S HUMBOLDT COUNTY COMMERCIAL MARIJUANA CULTIVATION MEASURE..YES
000118 ,2,3,015 054 055 103 209 228 241,MEAS_U,NO,341,696,355,1,~  5MK-5A,MEASURE U LOCAL TRANSPO,NO,341,697,0,-1,0,1,46,0.00%,5MK-5A.MEASURE U LOCAL TRANSPORTATION AUTHORITY RETAIL TRANSACTIONS AND USE TAX..NO
000118 ,1,1,015 054 055 102 103 209 228 229 241,PRES,GARY_JOHNSON,27,697,670,0,~  5MK-5A,PRESIDENT AND VICE PRES,GARY JOHNSON      and,27,697,0,0,0,0,151,0.00%,5MK-5A.PRESIDENT AND VICE PRESIDENT.GARY JOHNSON      and BILL WELD
000118 ,1,1,015 054 055 102 103 209 228 229 241,PRES,GLORIA_ESTELA_LA_RIVA,2,697,695,0,~  5MK-5A,PRESIDENT AND VICE PRES,GLORIA ESTELA LA RIVA,2,697,0,0,0,0,151,0.00%,5MK-5A.PRESIDENT AND VICE PRESIDENT.GLORIA ESTELA LA RIVA      and DENNIS J. BANKS
000118 ,1,1,015 054 055 102 103 209 228 229 241,PRES,HILLARY_CLINTON,380,697,317,0,~  5MK-5A,PRESIDENT AND VICE PRES,HILLARY CLINTON      ,380,697,0,0,0,0,151,0.00%,5MK-5A.PRESIDENT AND VICE PRESIDENT.HILLARY CLINTON      and TIM KAINE
000118 ,1,1,015 054 055 102 103 209 228 229 241,PRES,JILL_STEIN,31,697,666,0,~  5MK-5A,PRESIDENT AND VICE PRES,JILL STEIN      and A,31,697,0,0,0,0,151,0.00%,5MK-5A.PRESIDENT AND VICE PRESIDENT.JILL STEIN      and AJAMU BARAKA
000118 ,1,1,015 054 055 102 103 209 228 229 241,PRES,Write_in,20,697,677,0,~  5MK-5A,PRESIDENT AND VICE PRES,Write_in,20,697,0,0,0,0,151,0.00%,5MK-5A.PRESIDENT AND VICE PRESIDENT.Write_in
000118 ,1,1,015 054 055 102 103 209 228 229 241,PROP_53,YES,288,697,409,1,~  5MK-5A,PROPOSITION 53 REVENUE ,YES,288,697,0,0,0,0,67,0.00%,5MK-5A.PROPOSITION 53 REVENUE BONDS. STATEWIDE VOTER APPROVAL. INITIATIVE CONSTITUTIONAL AMENDMENT..YES
000118 ,1,1,015 054 055 102 103 209 228 229 241,PROP_55,NO,221,697,476,0,~  5MK-5A,PROPOSITION 55 TAX EXTE,NO,221,697,0,0,0,0,230,0.00%,5MK-5A.PROPOSITION 55 TAX EXTENSION TO FUND EDUCATION AND HEALTHCARE. INITIATIVE CONSTITUTIONAL AMENDMENT..NO
000118 ,1,1,015 054 055 102 103 209 228 229 241,PROP_55,YES,451,697,246,0,~  5MK-5A,PROPOSITION 55 TAX EXTE,YES,451,697,0,0,0,0,230,0.00%,5MK-5A.PROPOSITION 55 TAX EXTENSION TO FUND EDUCATION AND HEALTHCARE. INITIATIVE CONSTITUTIONAL AMENDMENT..YES
000118 ,1,2,015 054 055 102 103 209 228 229 241,PROP_56,NO,284,697,413,0,~  5MK-5A,PROPOSITION 56 CIGARETT,NO,284,697,0,0,0,0,116,0.00%,"5MK-5A.PROPOSITION 56 CIGARETTE TAX TO FUND HEALTHCARE, TOBACCO USE PREVENTION, RESEARCH, AND.NO"
000118 ,1,2,015 054 055 102 103 209 228 229 241,PROP_56,YES,400,697,297,0,~  5MK-5A,PROPOSITION 56 CIGARETT,YES,400,697,0,0,0,0,116,0.00%,"5MK-5A.PROPOSITION 56 CIGARETTE TAX TO FUND HEALTHCARE, TOBACCO USE PREVENTION, RESEARCH, AND.YES"
000118 ,1,2,015 054 055 102 103 209 228 229 241,PROP_57,YES,387,697,310,0,~  5MK-5A,PROPOSITION 57 CRIMINAL,YES,387,697,0,0,0,0,114,0.00%,5MK-5A.PROPOSITION 57 CRIMINAL SENTENCES. PAROLE. JUVENILE CRIMINAL PROCEEDINGS AND SENTENCING. INITIATIVE.YES
000118 ,1,2,015 054 055 102 103 209 228 229 241,PROP_58,YES,499,697,198,0,~  5MK-5A,PROPOSITION 58 ENGLISH ,YES,499,697,0,0,0,0,337,0.00%,5MK-5A.PROPOSITION 58 ENGLISH PROFICIENCY. MULTILINGUAL EDUCATION. INITIATIVE STATUTE..YES
000118 ,1,2,015 054 055 102 103 209 228 229 241,PROP_59,YES,351,697,346,0,~  5MK-5A,PROPOSITION 59 CORPORAT,YES,351,697,0,0,0,0,75,0.00%,5MK-5A.PROPOSITION 59 CORPORATIONS. POLITICAL SPENDING. FEDERAL CONSTITUTIONAL PROTECTIONS..YES
000118 ,1,2,015 054 055 102 103 209 228 229 241,PROP_60,NO,430,697,267,1,~  5MK-5A,PROPOSITION 60 ADULT FI,NO,430,697,0,0,0,0,217,0.00%,5MK-5A.PROPOSITION 60 ADULT FILMS. CONDOMS. HEALTH REQUIREMENTS. INITIATIVE STATUTE..NO
000118 ,1,2,015 054 055 102 103 209 228 229 241,PROP_62,NO,368,697,329,0,~  5MK-5A,PROPOSITION 62 DEATH PE,NO,368,697,0,0,0,0,76,0.00%,5MK-5A.PROPOSITION 62 DEATH PENALTY. INITIATIVE STATUTE..NO
000118 ,1,2,015 054 055 102 103 209 228 229 241,PROP_62,YES,292,697,405,0,~  5MK-5A,PROPOSITION 62 DEATH PE,YES,292,697,0,0,0,0,76,0.00%,5MK-5A.PROPOSITION 62 DEATH PENALTY. INITIATIVE STATUTE..YES
000118 ,1,2,015 054 055 102 103 209 228 229 241,PROP_63,YES,335,697,362,1,~  5MK-5A,PROPOSITION 63 FIREARMS,YES,335,697,0,0,0,0,1,0.00%,5MK-5A.PROPOSITION 63 FIREARMS. AMMUNITION SALES. INITIATIVE STATUTE..YES
000118 ,2,3,015 054 055 103 209 228 241,PROP_64,NO,243,696,453,0,~  5MK-5A,PROPOSITION 64 MARIJUAN,NO,243,697,0,-1,0,1,193,0.00%,5MK-5A.PROPOSITION 64 MARIJUANA LEGALIZATION. INITIATIVE STATUTE..NO
000118 ,2,3,015 054 055 103 209 228 241,PROP_64,YES,436,696,260,0,~  5MK-5A,PROPOSITION 64 MARIJUAN,YES,436,697,0,-1,0,1,193,0.00%,5MK-5A.PROPOSITION 64 MARIJUANA LEGALIZATION. INITIATIVE STATUTE..YES
000118 ,2,3,015 054 055 103 209 228 241,PROP_66,YES,268,696,428,0,~  5MK-5A,PROPOSITION 66 DEATH PE,YES,268,697,0,-1,0,1,88,0.00%,5MK-5A.PROPOSITION 66 DEATH PENALTY. PROCEDURES. INITIATIVE STATUTE..YES
000118 ,2,3,015 054 055 103 209 228 241,PROP_67,YES,381,696,315,2,~  5MK-5A,PROPOSITION 67 BAN ON S,YES,381,697,0,-1,0,1,82,0.00%,5MK-5A.PROPOSITION 67 BAN ON SINGLE-USE PLASTIC BAGS. REFERENDUM..YES
000118 ,1,1,015 054 055 102 103 209 228 229 241,STATEASS2,KEN_ANTON,191,697,506,0,~  5MK-5A,"STATE ASSEMBLY, DISTRIC",KEN ANTON,191,697,0,0,0,0,221,0.00%,"5MK-5A.STATE ASSEMBLY, DISTRICT 2.KEN ANTON"
000119 ,2,3,016 055 094 095 209 210 228 241,MEAS_Q,NO,292,704,412,0,~  5MK-6,MEASURE Q HUMBOLDT COUN,NO,292,704,0,0,0,0,16,0.00%,5MK-6.MEASURE Q HUMBOLDT COUNTY CREATION OF FINANCE DEPARTMENT MEASURE..NO
000119 ,2,3,016 055 094 095 209 210 228 241,MEAS_Q,YES,308,704,396,0,~  5MK-6,MEASURE Q HUMBOLDT COUN,YES,308,704,0,0,0,0,16,0.00%,5MK-6.MEASURE Q HUMBOLDT COUNTY CREATION OF FINANCE DEPARTMENT MEASURE..YES
000119 ,2,3,016 055 094 095 209 210 228 241,MEAS_R,YES,322,704,382,0,~  5MK-6,MEASURE R HUMBOLDT COUN,YES,322,704,0,0,0,0,42,0.00%,5MK-6.MEASURE R HUMBOLDT COUNTY FINANCE DEPARTMENT ELECTIVE OFFICE MEASURE..YES
000119 ,2,3,016 055 094 095 209 210 228 241,MEAS_S,NO,209,704,495,0,~  5MK-6,MEASURE S HUMBOLDT COUN,NO,209,704,0,0,0,0,237,0.00%,5MK-6.MEASURE S HUMBOLDT COUNTY COMMERCIAL MARIJUANA CULTIVATION MEASURE..NO
000119 ,2,3,016 055 094 095 209 210 228 241,MEAS_S,YES,446,704,258,0,~  5MK-6,MEASURE S HUMBOLDT COUN,YES,446,704,0,0,0,0,237,0.00%,5MK-6.MEASURE S HUMBOLDT COUNTY COMMERCIAL MARIJUANA CULTIVATION MEASURE..YES
000119 ,2,3,016 055 094 095 209 210 228 241,MEAS_U,NO,321,704,383,0,~  5MK-6,MEASURE U LOCAL TRANSPO,NO,321,704,0,0,0,0,10,0.00%,5MK-6.MEASURE U LOCAL TRANSPORTATION AUTHORITY RETAIL TRANSACTIONS AND USE TAX..NO
000119 ,1,1,016 055 094 209 210 228 229 241,PRES,DONALD_J_TRUMP,216,704,488,0,~  5MK-6,PRESIDENT AND VICE PRES,DONALD J. TRUMP      ,216,704,0,0,0,0,158,0.00%,5MK-6.PRESIDENT AND VICE PRESIDENT.DONALD J. TRUMP      and MICHAEL R. PENCE
000119 ,1,1,016 055 094 209 210 228 229 241,PRES,JILL_STEIN,40,704,664,0,~  5MK-6,PRESIDENT AND VICE PRES,JILL STEIN      and A,40,704,0,0,0,0,158,0.00%,5MK-6.PRESIDENT AND VICE PRESIDENT.JILL STEIN      and AJAMU BARAKA
000119 ,1,1,016 055 094 209 210 228 229 241,PRES,Write_in,33,704,671,0,~  5MK-6,PRESIDENT AND VICE PRES,Write_in,33,704,0,0,0,0,158,0.00%,5MK-6.PRESIDENT AND VICE PRESIDENT.Write_in
000119 ,1,1,016 055 094 209 210 228 229 241,PROP_51,NO,315,704,389,0,~  5MK-6,PROPOSITION 51 SCHOOL B,NO,315,704,0,0,0,0,31,0.00%,5MK-6.PROPOSITION 51 SCHOOL BONDS. FUNDING FOR K-12 SCHOOL AND COMMUNITY COLLEGE FACILITIES. INITIATIVE.NO
000119 ,1,1,016 055 094 209 210 228 229 241,PROP_52,NO,189,704,515,0,~  5MK-6,PROPOSITION 52 MEDI-CAL,NO,189,704,0,0,0,0,280,0.00%,5MK-6.PROPOSITION 52 MEDI-CAL HOSPITAL FEE PROGRAM. INITIATIVE CONSTITUTIONAL AMENDMENT AND STATUTE..NO
000119 ,1,1,016 055 094 209 210 228 229 241,PROP_52,YES,469,704,235,0,~  5MK-6,PROPOSITION 52 MEDI-CAL,YES,469,704,0,0,0,0,280,0.00%,5MK-6.PROPOSITION 52 MEDI-CAL HOSPITAL FEE PROGRAM. INITIATIVE CONSTITUTIONAL AMENDMENT AND STATUTE..YES
000119 ,1,1,016 055 094 209 210 228 229 241,PROP_54,YES,420,704,284,1,~  5MK-6,PROPOSITION 54 LEGISLAT,YES,420,704,0,0,0,0,195,0.00%,5MK-6.PROPOSITION 54 LEGISLATURE. LEGISLATION AND PROCEEDINGS. INITIATIVE CONSTITUTIONAL AMENDMENT AND.YES
000119 ,1,1,016 055 094 209 210 228 229 241,PROP_55,YES,485,704,219,1,~  5MK-6,PROPOSITION 55 TAX EXTE,YES,485,704,0,0,0,0,304,0.00%,5MK-6.PROPOSITION 55 TAX EXTENSION TO FUND EDUCATION AND HEALTHCARE. INITIATIVE CONSTITUTIONAL AMENDMENT..YES
000119 ,1,2,016 055 094 209 210 228 229 241,PROP_56,NO,270,704,434,0,~  5MK-6,PROPOSITION 56 CIGARETT,NO,270,704,0,0,0,0,137,0.00%,"5MK-6.PROPOSITION 56 CIGARETTE TAX TO FUND HEALTHCARE, TOBACCO USE PREVENTION, RESEARCH, AND.NO"
000119 ,1,2,016 055 094 209 210 228 229 241,PROP_56,YES,407,704,297,0,~  5MK-6,PROPOSITION 56 CIGARETT,YES,407,704,0,0,0,0,137,0.00%,"5MK-6.PROPOSITION 56 CIGARETTE TAX TO FUND HEALTHCARE, TOBACCO USE PREVENTION, RESEARCH, AND.YES"
000119 ,1,2,016 055 094 209 210 228 229 241,PROP_57,NO,218,704,486,1,~  5MK-6,PROPOSITION 57 CRIMINAL,NO,218,704,0,0,0,0,223,0.00%,5MK-6.PROPOSITION 57 CRIMINAL SENTENCES. PAROLE. JUVENILE CRIMINAL PROCEEDINGS AND SENTENCING. INITIATIVE.NO
000119 ,1,2,016 055 094 209 210 228 229 241,PROP_58,YES,513,704,191,2,~  5MK-6,PROPOSITION 58 ENGLISH ,YES,513,704,0,0,0,0,366,0.00%,5MK-6.PROPOSITION 58 ENGLISH PROFICIENCY. MULTILINGUAL EDUCATION. INITIATIVE STATUTE..YES
000119 ,1,2,016 055 094 209 210 228 229 241,PROP_59,YES,373,704,331,0,~  5MK-6,PROPOSITION 59 CORPORAT,YES,373,704,0,0,0,0,120,0.00%,5MK-6.PROPOSITION 59 CORPORATIONS. POLITICAL SPENDING. FEDERAL CONSTITUTIONAL PROTECTIONS..YES
000119 ,1,2,016 055 094 209 210 228 229 241,PROP_60,NO,364,704,340,0,~  5MK-6,PROPOSITION 60 ADULT FI,NO,364,704,0,0,0,0,78,0.00%,5MK-6.PROPOSITION 60 ADULT FILMS. CONDOMS. HEALTH REQUIREMENTS. INITIATIVE STATUTE..NO
000119 ,1,2,016 055 094 209 210 228 229 241,PROP_60,YES,286,704,418,0,~  5MK-6,PROPOSITION 60 ADULT FI,YES,286,704,0,0,0,0,78,0.00%,5MK-6.PROPOSITION 60 ADULT FILMS. CONDOMS. HEALTH REQUIREMENTS. INITIATIVE STATUTE..YES
000119 ,1,2,016 055 094 209 210 228 229 241,PROP_62,NO,382,704,322,0,~  5MK-6,PROPOSITION 62 DEATH PE,NO,382,704,0,0,0,0,106,0.00%,5MK-6.PROPOSITION 62 DEATH PENALTY. INITIATIVE STATUTE..NO
000119 ,1,2,016 055 094 209 210 228 229 241,PROP_62,YES,276,704,428,0,~  5MK-6,PROPOSITION 62 DEATH PE,YES,276,704,0,0,0,0,106,0.00%,5MK-6.PROPOSITION 62 DEATH PENALTY. INITIATIVE STATUTE..YES
000119 ,1,2,016 055 094 209 210 228 229 241,PROP_63,YES,328,704,376,1,~  5MK-6,PROPOSITION 63 FIREARMS,YES,328,704,0,0,0,0,16,0.00%,5MK-6.PROPOSITION 63 FIREARMS. AMMUNITION SALES. INITIATIVE STATUTE..YES
000119 ,2,3,016 055 094 095 209 210 228 241,PROP_64,NO,268,704,436,0,~  5MK-6,PROPOSITION 64 MARIJUAN,NO,268,704,0,0,0,0,157,0.00%,5MK-6.PROPOSITION 64 MARIJUANA LEGALIZATION. INITIATIVE STATUTE..NO
000119 ,2,3,016 055 094 095 209 210 228 241,PROP_64,YES,425,704,279,0,~  5MK-6,PROPOSITION 64 MARIJUAN,YES,425,704,0,0,0,0,157,0.00%,5MK-6.PROPOSITION 64 MARIJUANA LEGALIZATION. INITIATIVE STATUTE..YES
000119 ,2,3,016 055 094 095 209 210 228 241,PROP_65,NO,368,704,336,0,~  5MK-6,PROPOSITION 65 CARRYOUT,NO,368,704,0,0,0,0,76,0.00%,5MK-6.PROPOSITION 65 CARRYOUT BAGS. CHARGES. INITIATIVE STATUTE..NO
000119 ,2,3,016 055 094 095 209 210 228 241,PROP_65,YES,292,704,412,0,~  5MK-6,PROPOSITION 65 CARRYOUT,YES,292,704,0,0,0,0,76,0.00%,5MK-6.PROPOSITION 65 CARRYOUT BAGS. CHARGES. INITIATIVE STATUTE..YES
000119 ,2,3,016 055 094 095 209 210 228 241,PROP_66,NO,349,704,355,0,~  5MK-6,PROPOSITION 66 DEATH PE,NO,349,704,0,0,0,0,80,0.00%,5MK-6.PROPOSITION 66 DEATH PENALTY. PROCEDURES. INITIATIVE STATUTE..NO
000119 ,2,3,016 055 094 095 209 210 228 241,PROP_66,YES,269,704,435,0,~  5MK-6,PROPOSITION 66 DEATH PE,YES,269,704,0,0,0,0,80,0.00%,5MK-6.PROPOSITION 66 DEATH PENALTY. PROCEDURES. INITIATIVE STATUTE..YES
000119 ,2,3,016 055 094 095 209 210 228 241,PROP_67,NO,287,704,417,0,~  5MK-6,PROPOSITION 67 BAN ON S,NO,287,704,0,0,0,0,102,0.00%,5MK-6.PROPOSITION 67 BAN ON SINGLE-USE PLASTIC BAGS. REFERENDUM..NO
000119 ,2,3,016 055 094 095 209 210 228 241,PROP_67,YES,389,704,315,0,~  5MK-6,PROPOSITION 67 BAN ON S,YES,389,704,0,0,0,0,102,0.00%,5MK-6.PROPOSITION 67 BAN ON SINGLE-USE PLASTIC BAGS. REFERENDUM..YES
000119 ,1,1,016 055 094 209 210 228 229 241,STATEASS2,JIM_WOOD,419,704,285,0,~  5MK-6,"STATE ASSEMBLY, DISTRIC",JIM WOOD,419,704,0,0,0,0,244,0.00%,"5MK-6.STATE ASSEMBLY, DISTRICT 2.JIM WOOD"
000119 ,1,1,016 055 094 209 210 228 229 241,STATEASS2,KEN_ANTON,175,704,529,0,~  5MK-6,"STATE ASSEMBLY, DISTRIC",KEN ANTON,175,704,0,0,0,0,244,0.00%,"5MK-6.STATE ASSEMBLY, DISTRICT 2.KEN ANTON"
000119 ,1,1,016 055 094 209 210 228 229 241,USREP,DALE_K_MENSING,192,704,512,0,~  5MK-6,US REPRESENTATIVE IN CO,DALE K. MENSING,192,704,0,0,0,0,263,0.00%,"5MK-6.US REPRESENTATIVE IN CONGRESS, DISTRICT 2.DALE K. MENSING"
000119 ,1,1,016 055 094 209 210 228 229 241,USREP,JARED_W_HUFFMAN,455,704,249,0,~  5MK-6,US REPRESENTATIVE IN CO,JARED W. HUFFMAN,455,704,0,0,0,0,263,0.00%,"5MK-6.US REPRESENTATIVE IN CONGRESS, DISTRICT 2.JARED W. HUFFMAN"
000119 ,1,1,016 055 094 209 210 228 229 241,USSEN,KAMALA_D_HARRIS,368,704,336,0,~  5MK-6,US SENATOR,KAMALA D. HARRIS,368,704,0,0,0,0,171,0.00%,5MK-6.US SENATOR.KAMALA D. HARRIS
000120 ,2,3,016 055 101 102 210 211 228 241,MEAS_Q,NO,232,503,271,0,~  5MK-6A,MEASURE Q HUMBOLDT COUN,NO,232,507,0,-4,0,4,31,0.00%,5MK-6A.MEASURE Q HUMBOLDT COUNTY CREATION OF FINANCE DEPARTMENT MEASURE..NO
000120 ,2,3,016 055 101 102 210 211 228 241,MEAS_Q,YES,201,503,302,0,~  5MK-6A,MEASURE Q HUMBOLDT COUN,YES,201,507,0,-4,0,4,31,0.00%,5MK-6A.MEASURE Q HUMBOLDT COUNTY CREATION OF FINANCE DEPARTMENT MEASURE..YES
000120 ,2,3,016 055 101 102 210 211 228 241,MEAS_R,YES,216,503,287,1,~  5MK-6A,MEASURE R HUMBOLDT COUN,YES,216,507,0,-4,0,4,4,0.00%,5MK-6A.MEASURE R HUMBOLDT COUNTY FINANCE DEPARTMENT ELECTIVE OFFICE MEASURE..YES
000120 ,2,3,016 055 101 102 210 211 228 241,MEAS_S,NO,153,503,350,0,~  5MK-6A,MEASURE S HUMBOLDT COUN,NO,153,507,0,-4,0,4,173,0.00%,5MK-6A.MEASURE S HUMBOLDT COUNTY COMMERCIAL MARIJUANA CULTIVATION MEASURE..NO
000120 ,2,3,016 055 101 102 210 211 228 241,MEAS_U,NO,246,503,257,1,~  5MK-6A,MEASURE U LOCAL TRANSPO,NO,246,507,0,-4,0,4,32,0.00%,5MK-6A.MEASURE U LOCAL TRANSPORTATION AUTHORITY RETAIL TRANSACTIONS AND USE TAX..NO
000120 ,2,3,016 055 101 102 210 211 228 241,MEAS_V,NO,211,503,292,0,~  5MK-6A,MEASURE V MOBILE HOME P,NO,211,507,0,-4,0,4,41,0.00%,5MK-6A.MEASURE V MOBILE HOME PARK SPACE RENT STABILIZATION..NO
000120 ,1,1,016 055 101 210 211 228 229 241,PRES,DONALD_J_TRUMP,164,506,342,1,~  5MK-6A,PRESIDENT AND VICE PRES,DONALD J. TRUMP      ,164,507,0,-1,0,1,113,0.00%,5MK-6A.PRESIDENT AND VICE PRESIDENT.DONALD J. TRUMP      and MICHAEL R. PENCE
000120 ,1,1,016 055 101 210 211 228 229 241,PRES,GARY_JOHNSON,22,506,484,0,~  5MK-6A,PRESIDENT AND VICE PRES,GARY JOHNSON      and,22,507,0,-1,0,1,113,0.00%,5MK-6A.PRESIDENT AND VICE PRESIDENT.GARY JOHNSON      and BILL WELD
000120 ,1,1,016 055 101 210 211 228 229 241,PRES,GLORIA_ESTELA_LA_RIVA,4,506,502,0,~  5MK-6A,PRESIDENT AND VICE PRES,GLORIA ESTELA LA RIVA,4,507,0,-1,0,1,113,0.00%,5MK-6A.PRESIDENT AND VICE PRESIDENT.GLORIA ESTELA LA RIVA      and DENNIS J. BANKS
000120 ,1,1,016 055 101 210 211 228 229 241,PRES,HILLARY_CLINTON,277,506,229,0,~  5MK-6A,PRESIDENT AND VICE PRES,HILLARY CLINTON      ,277,507,0,-1,0,1,113,0.00%,5MK-6A.PRESIDENT AND VICE PRESIDENT.HILLARY CLINTON      and TIM KAINE
000120 ,1,1,016 055 101 210 211 228 229 241,PRES,JILL_STEIN,25,506,481,0,~  5MK-6A,PRESIDENT AND VICE PRES,JILL STEIN      and A,25,507,0,-1,0,1,113,0.00%,5MK-6A.PRESIDENT AND VICE PRESIDENT.JILL STEIN      and AJAMU BARAKA
000120 ,1,1,016 055 101 210 211 228 229 241,PROP_51,YES,228,506,278,0,~  5MK-6A,PROPOSITION 51 SCHOOL B,YES,228,507,0,-1,0,1,28,0.00%,5MK-6A.PROPOSITION 51 SCHOOL BONDS. FUNDING FOR K-12 SCHOOL AND COMMUNITY COLLEGE FACILITIES. INITIATIVE.YES
000120 ,1,1,016 055 101 210 211 228 229 241,PROP_52,YES,330,506,176,0,~  5MK-6A,PROPOSITION 52 MEDI-CAL,YES,330,507,0,-1,0,1,188,0.00%,5MK-6A.PROPOSITION 52 MEDI-CAL HOSPITAL FEE PROGRAM. INITIATIVE CONSTITUTIONAL AMENDMENT AND STATUTE..YES
000120 ,1,1,016 055 101 210 211 228 229 241,PROP_53,NO,245,506,261,2,~  5MK-6A,PROPOSITION 53 REVENUE ,NO,245,507,0,-1,0,1,20,0.00%,5MK-6A.PROPOSITION 53 REVENUE BONDS. STATEWIDE VOTER APPROVAL. INITIATIVE CONSTITUTIONAL AMENDMENT..NO
000120 ,1,1,016 055 101 210 211 228 229 241,PROP_55,NO,140,506,366,1,~  5MK-6A,PROPOSITION 55 TAX EXTE,NO,140,507,0,-1,0,1,208,0.00%,5MK-6A.PROPOSITION 55 TAX EXTENSION TO FUND EDUCATION AND HEALTHCARE. INITIATIVE CONSTITUTIONAL AMENDMENT..NO
000120 ,1,2,016 055 101 210 211 228 229 241,PROP_57,YES,303,505,202,1,~  5MK-6A,PROPOSITION 57 CRIMINAL,YES,303,507,0,-2,0,2,135,0.00%,5MK-6A.PROPOSITION 57 CRIMINAL SENTENCES. PAROLE. JUVENILE CRIMINAL PROCEEDINGS AND SENTENCING. INITIATIVE.YES
000120 ,1,2,016 055 101 210 211 228 229 241,PROP_59,YES,296,505,209,1,~  5MK-6A,PROPOSITION 59 CORPORAT,YES,296,507,0,-2,0,2,134,0.00%,5MK-6A.PROPOSITION 59 CORPORATIONS. POLITICAL SPENDING. FEDERAL CONSTITUTIONAL PROTECTIONS..YES
000120 ,1,2,016 055 101 210 211 228 229 241,PROP_61,YES,250,505,255,1,~  5MK-6A,PROPOSITION 61 STATE PR,YES,250,507,0,-2,0,2,34,0.00%,5MK-6A.PROPOSITION 61 STATE PRESCRIPTION DRUG PURCHASES. PRICING STANDARDS. INITIATIVE STATUTE..YES
000120 ,2,3,016 055 101 102 210 211 228 241,PROP_64,NO,203,503,300,0,~  5MK-6A,PROPOSITION 64 MARIJUAN,NO,203,507,0,-4,0,4,89,0.00%,5MK-6A.PROPOSITION 64 MARIJUANA LEGALIZATION. INITIATIVE STATUTE..NO
000120 ,2,3,016 055 101 102 210 211 228 241,PROP_66,NO,249,503,254,1,~  5MK-6A,PROPOSITION 66 DEATH PE,NO,249,507,0,-4,0,4,43,0.00%,5MK-6A.PROPOSITION 66 DEATH PENALTY. PROCEDURES. INITIATIVE STATUTE..NO
000120 ,1,1,016 055 101 210 211 228 229 241,STATEASS2,KEN_ANTON,143,506,363,0,~  5MK-6A,"STATE ASSEMBLY, DISTRIC",KEN ANTON,143,507,0,-1,0,1,139,0.00%,"5MK-6A.STATE ASSEMBLY, DISTRICT 2.KEN ANTON"
000120 ,1,1,016 055 101 210 211 228 229 241,USREP,JARED_W_HUFFMAN,338,506,168,0,~  5MK-6A,US REPRESENTATIVE IN CO,JARED W. HUFFMAN,338,507,0,-1,0,1,202,0.00%,"5MK-6A.US REPRESENTATIVE IN CONGRESS, DISTRICT 2.JARED W. HUFFMAN"
000120 ,1,1,016 055 101 210 211 228 229 241,USSEN,KAMALA_D_HARRIS,271,506,235,0,~  5MK-6A,US SENATOR,KAMALA D. HARRIS,271,507,0,-1,0,1,138,0.00%,5MK-6A.US SENATOR.KAMALA D. HARRIS
000121 ,2,3,017 055 098 099 211 228 241 243,MEAS_Q,YES,227,579,352,1,~  5MK-7,MEASURE Q HUMBOLDT COUN,YES,227,580,0,-1,0,1,61,0.00%,5MK-7.MEASURE Q HUMBOLDT COUNTY CREATION OF FINANCE DEPARTMENT MEASURE..YES
000121 ,2,3,017 055 098 099 211 228 241 243,MEAS_R,NO,294,579,285,0,~  5MK-7,MEASURE R HUMBOLDT COUN,NO,294,580,0,-1,0,1,70,0.00%,5MK-7.MEASURE R HUMBOLDT COUNTY FINANCE DEPARTMENT ELECTIVE OFFICE MEASURE..NO
000121 ,2,3,017 055 098 099 211 228 241 243,MEAS_R,YES,224,579,355,0,~  5MK-7,MEASURE R HUMBOLDT COUN,YES,224,580,0,-1,0,1,70,0.00%,5MK-7.MEASURE R HUMBOLDT COUNTY FINANCE DEPARTMENT ELECTIVE OFFICE MEASURE..YES
000121 ,2,3,017 055 098 099 211 228 241 243,MEAS_S,NO,179,579,400,1,~  5MK-7,MEASURE S HUMBOLDT COUN,NO,179,580,0,-1,0,1,194,0.00%,5MK-7.MEASURE S HUMBOLDT COUNTY COMMERCIAL MARIJUANA CULTIVATION MEASURE..NO
000121 ,2,3,017 055 098 099 211 228 241 243,MEAS_U,NO,299,579,280,1,~  5MK-7,MEASURE U LOCAL TRANSPO,NO,299,580,0,-1,0,1,61,0.00%,5MK-7.MEASURE U LOCAL TRANSPORTATION AUTHORITY RETAIL TRANSACTIONS AND USE TAX..NO
000121 ,2,3,017 055 098 099 211 228 241 243,MEAS_V,NO,276,579,303,0,~  5MK-7,MEASURE V MOBILE HOME P,NO,276,580,0,-1,0,1,1,0.00%,5MK-7.MEASURE V MOBILE HOME PARK SPACE RENT STABILIZATION..NO
000121 ,2,3,017 055 098 099 211 228 241 243,MEAS_V,YES,275,579,304,0,~  5MK-7,MEASURE V MOBILE HOME P,YES,275,580,0,-1,0,1,1,0.00%,5MK-7.MEASURE V MOBILE HOME PARK SPACE RENT STABILIZATION..YES
000121 ,1,1,017 055 099 211 228 229 241 243,PRES,DONALD_J_TRUMP,216,580,364,0,~  5MK-7,PRESIDENT AND VICE PRES,DONALD J. TRUMP      ,216,580,0,0,0,0,85,0.00%,5MK-7.PRESIDENT AND VICE PRESIDENT.DONALD J. TRUMP      and MICHAEL R. PENCE
000121 ,1,1,017 055 099 211 228 229 241 243,PRES,GARY_JOHNSON,14,580,566,0,~  5MK-7,PRESIDENT AND VICE PRES,GARY JOHNSON      and,14,580,0,0,0,0,85,0.00%,5MK-7.PRESIDENT AND VICE PRESIDENT.GARY JOHNSON      and BILL WELD
000121 ,1,1,017 055 099 211 228 229 241 243,PRES,GLORIA_ESTELA_LA_RIVA,2,580,578,0,~  5MK-7,PRESIDENT AND VICE PRES,GLORIA ESTELA LA RIVA,2,580,0,0,0,0,85,0.00%,5MK-7.PRESIDENT AND VICE PRESIDENT.GLORIA ESTELA LA RIVA      and DENNIS J. BANKS
000121 ,1,1,017 055 099 211 228 229 241 243,PRES,HILLARY_CLINTON,301,580,279,0,~  5MK-7,PRESIDENT AND VICE PRES,HILLARY CLINTON      ,301,580,0,0,0,0,85,0.00%,5MK-7.PRESIDENT AND VICE PRESIDENT.HILLARY CLINTON      and TIM KAINE
000121 ,1,1,017 055 099 211 228 229 241 243,PRES,Write_in,18,580,562,0,~  5MK-7,PRESIDENT AND VICE PRES,Write_in,18,580,0,0,0,0,85,0.00%,5MK-7.PRESIDENT AND VICE PRESIDENT.Write_in
000121 ,1,1,017 055 099 211 228 229 241 243,PROP_51,NO,307,580,273,0,~  5MK-7,PROPOSITION 51 SCHOOL B,NO,307,580,0,0,0,0,50,0.00%,5MK-7.PROPOSITION 51 SCHOOL BONDS. FUNDING FOR K-12 SCHOOL AND COMMUNITY COLLEGE FACILITIES. INITIATIVE.NO
000121 ,1,1,017 055 099 211 228 229 241 243,PROP_51,YES,257,580,323,0,~  5MK-7,PROPOSITION 51 SCHOOL B,YES,257,580,0,0,0,0,50,0.00%,5MK-7.PROPOSITION 51 SCHOOL BONDS. FUNDING FOR K-12 SCHOOL AND COMMUNITY COLLEGE FACILITIES. INITIATIVE.YES
000121 ,1,1,017 055 099 211 228 229 241 243,PROP_52,NO,186,580,394,0,~  5MK-7,PROPOSITION 52 MEDI-CAL,NO,186,580,0,0,0,0,179,0.00%,5MK-7.PROPOSITION 52 MEDI-CAL HOSPITAL FEE PROGRAM. INITIATIVE CONSTITUTIONAL AMENDMENT AND STATUTE..NO
000121 ,1,1,017 055 099 211 228 229 241 243,PROP_52,YES,365,580,215,0,~  5MK-7,PROPOSITION 52 MEDI-CAL,YES,365,580,0,0,0,0,179,0.00%,5MK-7.PROPOSITION 52 MEDI-CAL HOSPITAL FEE PROGRAM. INITIATIVE CONSTITUTIONAL AMENDMENT AND STATUTE..YES
000121 ,1,1,017 055 099 211 228 229 241 243,PROP_53,YES,276,580,304,1,~  5MK-7,PROPOSITION 53 REVENUE ,YES,276,580,0,0,0,0,9,0.00%,5MK-7.PROPOSITION 53 REVENUE BONDS. STATEWIDE VOTER APPROVAL. INITIATIVE CONSTITUTIONAL AMENDMENT..YES
000121 ,1,1,017 055 099 211 228 229 241 243,PROP_54,NO,217,580,363,0,~  5MK-7,PROPOSITION 54 LEGISLAT,NO,217,580,0,0,0,0,108,0.00%,5MK-7.PROPOSITION 54 LEGISLATURE. LEGISLATION AND PROCEEDINGS. INITIATIVE CONSTITUTIONAL AMENDMENT AND.NO
000121 ,1,1,017 055 099 211 228 229 241 243,PROP_54,YES,325,580,255,0,~  5MK-7,PROPOSITION 54 LEGISLAT,YES,325,580,0,0,0,0,108,0.00%,5MK-7.PROPOSITION 54 LEGISLATURE. LEGISLATION AND PROCEEDINGS. INITIATIVE CONSTITUTIONAL AMENDMENT AND.YES
000121 ,1,1,017 055 099 211 228 229 241 243,PROP_55,NO,190,580,390,0,~  5MK-7,PROPOSITION 55 TAX EXTE,NO,190,580,0,0,0,0,177,0.00%,5MK-7.PROPOSITION 55 TAX EXTENSION TO FUND EDUCATION AND HEALTHCARE. INITIATIVE CONSTITUTIONAL AMENDMENT..NO
000121 ,1,1,017 055 099 211 228 229 241 243,PROP_55,YES,367,580,213,0,~  5MK-7,PROPOSITION 55 TAX EXTE,YES,367,580,0,0,0,0,177,0.00%,5MK-7.PROPOSITION 55 TAX EXTENSION TO FUND EDUCATION AND HEALTHCARE. INITIATIVE CONSTITUTIONAL AMENDMENT..YES
000121 ,1,2,017 055 099 211 228 229 241,PROP_56,NO,235,577,342,0,~  5MK-7,PROPOSITION 56 CIGARETT,NO,235,580,0,-3,0,3,95,0.00%,"5MK-7.PROPOSITION 56 CIGARETTE TAX TO FUND HEALTHCARE, TOBACCO USE PREVENTION, RESEARCH, AND.NO"
000121 ,1,2,017 055 099 211 228 229 241,PROP_57,NO,209,577,368,1,~  5MK-7,PROPOSITION 57 CRIMINAL,NO,209,580,0,-3,0,3,130,0.00%,5MK-7.PROPOSITION 57 CRIMINAL SENTENCES. PAROLE. JUVENILE CRIMINAL PROCEEDINGS AND SENTENCING. INITIATIVE.NO
000121 ,1,2,017 055 099 211 228 229 241,PROP_58,NO,139,577,438,0,~  5MK-7,PROPOSITION 58 ENGLISH ,NO,139,580,0,-3,0,3,268,0.00%,5MK-7.PROPOSITION 58 ENGLISH PROFICIENCY. MULTILINGUAL EDUCATION. INITIATIVE STATUTE..NO
000121 ,1,2,017 055 099 211 228 229 241,PROP_59,NO,215,577,362,0,~  5MK-7,PROPOSITION 59 CORPORAT,NO,215,580,0,-3,0,3,89,0.00%,5MK-7.PROPOSITION 59 CORPORATIONS. POLITICAL SPENDING. FEDERAL CONSTITUTIONAL PROTECTIONS..NO
000121 ,1,2,017 055 099 211 228 229 241,PROP_62,NO,303,577,274,0,~  5MK-7,PROPOSITION 62 DEATH PE,NO,303,580,0,-3,0,3,65,0.00%,5MK-7.PROPOSITION 62 DEATH PENALTY. INITIATIVE STATUTE..NO
000121 ,2,3,017 055 098 099 211 228 241 243,PROP_64,NO,248,579,331,0,~  5MK-7,PROPOSITION 64 MARIJUAN,NO,248,580,0,-1,0,1,78,0.00%,5MK-7.PROPOSITION 64 MARIJUANA LEGALIZATION. INITIATIVE STATUTE..NO
000121 ,2,3,017 055 098 099 211 228 241 243,PROP_64,YES,326,579,253,0,~  5MK-7,PROPOSITION 64 MARIJUAN,YES,326,580,0,-1,0,1,78,0.00%,5MK-7.PROPOSITION 64 MARIJUANA LEGALIZATION. INITIATIVE STATUTE..YES
000121 ,2,3,017 055 098 099 211 228 241 243,PROP_65,NO,345,579,234,0,~  5MK-7,PROPOSITION 65 CARRYOUT,NO,345,580,0,-1,0,1,136,0.00%,5MK-7.PROPOSITION 65 CARRYOUT BAGS. CHARGES. INITIATIVE STATUTE..NO
000121 ,2,3,017 055 098 099 211 228 241 243,PROP_65,YES,209,579,370,0,~  5MK-7,PROPOSITION 65 CARRYOUT,YES,209,580,0,-1,0,1,136,0.00%,5MK-7.PROPOSITION 65 CARRYOUT BAGS. CHARGES. INITIATIVE STATUTE..YES
000121 ,2,3,017 055 098 099 211 228 241 243,PROP_67,YES,311,579,268,1,~  5MK-7,PROPOSITION 67 BAN ON S,YES,311,580,0,-1,0,1,58,0.00%,5MK-7.PROPOSITION 67 BAN ON SINGLE-USE PLASTIC BAGS. REFERENDUM..YES
000121 ,1,1,017 055 099 211 228 229 241 243,STATEASS2,JIM_WOOD,348,580,232,0,~  5MK-7,"STATE ASSEMBLY, DISTRIC",JIM WOOD,348,580,0,0,0,0,195,0.00%,"5MK-7.STATE ASSEMBLY, DISTRICT 2.JIM WOOD"
000121 ,1,1,017 055 099 211 228 229 241 243,USREP,JARED_W_HUFFMAN,369,580,211,0,~  5MK-7,US REPRESENTATIVE IN CO,JARED W. HUFFMAN,369,580,0,0,0,0,187,0.00%,"5MK-7.US REPRESENTATIVE IN CONGRESS, DISTRICT 2.JARED W. HUFFMAN"
000121 ,1,1,017 055 099 211 228 229 241 243,USSEN,KAMALA_D_HARRIS,322,580,258,0,~  5MK-7,US SENATOR,KAMALA D. HARRIS,322,580,0,0,0,0,174,0.00%,5MK-7.US SENATOR.KAMALA D. HARRIS
000121 ,1,1,017 055 099 211 228 229 241 243,USSEN,LORETTA_L_SANCHEZ,148,580,432,0,~  5MK-7,US SENATOR,LORETTA L. SANCHEZ,148,580,0,0,0,0,174,0.00%,5MK-7.US SENATOR.LORETTA L. SANCHEZ
000122 ,2,3,016 017 055 100 101 211 212 228 241,MEAS_Q,NO,354,711,357,0,~  5MK-8,MEASURE Q HUMBOLDT COUN,NO,354,715,0,-4,0,4,108,0.00%,5MK-8.MEASURE Q HUMBOLDT COUNTY CREATION OF FINANCE DEPARTMENT MEASURE..NO
000122 ,2,3,016 017 055 100 101 211 212 228 241,MEAS_Q,YES,246,711,465,0,~  5MK-8,MEASURE Q HUMBOLDT COUN,YES,246,715,0,-4,0,4,108,0.00%,5MK-8.MEASURE Q HUMBOLDT COUNTY CREATION OF FINANCE DEPARTMENT MEASURE..YES
000122 ,2,3,016 017 055 100 101 211 212 228 241,MEAS_R,YES,288,711,423,1,~  5MK-8,MEASURE R HUMBOLDT COUN,YES,288,715,0,-4,0,4,28,0.00%,5MK-8.MEASURE R HUMBOLDT COUNTY FINANCE DEPARTMENT ELECTIVE OFFICE MEASURE..YES
000122 ,1,1,016 017 055 099 100 211 212 228 229 241,PRES,GARY_JOHNSON,18,714,696,0,~  5MK-8,PRESIDENT AND VICE PRES,GARY JOHNSON      and,18,715,0,-1,0,1,204,0.00%,5MK-8.PRESIDENT AND VICE PRESIDENT.GARY JOHNSON      and BILL WELD
000122 ,1,1,016 017 055 099 100 211 212 228 229 241,PRES,GLORIA_ESTELA_LA_RIVA,4,714,710,0,~  5MK-8,PRESIDENT AND VICE PRES,GLORIA ESTELA LA RIVA,4,715,0,-1,0,1,204,0.00%,5MK-8.PRESIDENT AND VICE PRESIDENT.GLORIA ESTELA LA RIVA      and DENNIS J. BANKS
000122 ,1,1,016 017 055 099 100 211 212 228 229 241,PRES,HILLARY_CLINTON,415,714,299,0,~  5MK-8,PRESIDENT AND VICE PRES,HILLARY CLINTON      ,415,715,0,-1,0,1,204,0.00%,5MK-8.PRESIDENT AND VICE PRESIDENT.HILLARY CLINTON      and TIM KAINE
000122 ,1,1,016 017 055 099 100 211 212 228 229 241,PRES,JILL_STEIN,40,714,674,0,~  5MK-8,PRESIDENT AND VICE PRES,JILL STEIN      and A,40,715,0,-1,0,1,204,0.00%,5MK-8.PRESIDENT AND VICE PRESIDENT.JILL STEIN      and AJAMU BARAKA
000122 ,1,1,016 017 055 099 100 211 212 228 229 241,PRES,Write_in,17,714,697,0,~  5MK-8,PRESIDENT AND VICE PRES,Write_in,17,715,0,-1,0,1,204,0.00%,5MK-8.PRESIDENT AND VICE PRESIDENT.Write_in
000122 ,1,1,016 017 055 099 100 211 212 228 229 241,PROP_51,NO,352,714,362,1,~  5MK-8,PROPOSITION 51 SCHOOL B,NO,352,715,0,-1,0,1,20,0.00%,5MK-8.PROPOSITION 51 SCHOOL BONDS. FUNDING FOR K-12 SCHOOL AND COMMUNITY COLLEGE FACILITIES. INITIATIVE.NO
000122 ,1,1,016 017 055 099 100 211 212 228 229 241,PROP_51,YES,332,714,382,1,~  5MK-8,PROPOSITION 51 SCHOOL B,YES,332,715,0,-1,0,1,20,0.00%,5MK-8.PROPOSITION 51 SCHOOL BONDS. FUNDING FOR K-12 SCHOOL AND COMMUNITY COLLEGE FACILITIES. INITIATIVE.YES
000122 ,1,1,016 017 055 099 100 211 212 228 229 241,PROP_52,NO,198,714,516,0,~  5MK-8,PROPOSITION 52 MEDI-CAL,NO,198,715,0,-1,0,1,280,0.00%,5MK-8.PROPOSITION 52 MEDI-CAL HOSPITAL FEE PROGRAM. INITIATIVE CONSTITUTIONAL AMENDMENT AND STATUTE..NO
000122 ,1,1,016 017 055 099 100 211 212 228 229 241,PROP_55,NO,216,714,498,1,~  5MK-8,PROPOSITION 55 TAX EXTE,NO,216,715,0,-1,0,1,250,0.00%,5MK-8.PROPOSITION 55 TAX EXTENSION TO FUND EDUCATION AND HEALTHCARE. INITIATIVE CONSTITUTIONAL AMENDMENT..NO
000122 ,1,1,016 017 055 099 100 211 212 228 229 241,PROP_55,YES,466,714,248,1,~  5MK-8,PROPOSITION 55 TAX EXTE,YES,466,715,0,-1,0,1,250,0.00%,5MK-8.PROPOSITION 55 TAX EXTENSION TO FUND EDUCATION AND HEALTHCARE. INITIATIVE CONSTITUTIONAL AMENDMENT..YES
000122 ,1,2,016 017 055 099 100 211 212 228 229 241,PROP_56,NO,263,713,450,0,~  5MK-8,PROPOSITION 56 CIGARETT,NO,263,715,0,-2,0,2,164,0.00%,"5MK-8.PROPOSITION 56 CIGARETTE TAX TO FUND HEALTHCARE, TOBACCO USE PREVENTION, RESEARCH, AND.NO"
000122 ,1,2,016 017 055 099 100 211 212 228 229 241,PROP_57,YES,469,713,244,1,~  5MK-8,PROPOSITION 57 CRIMINAL,YES,469,715,0,-2,0,2,261,0.00%,5MK-8.PROPOSITION 57 CRIMINAL SENTENCES. PAROLE. JUVENILE CRIMINAL PROCEEDINGS AND SENTENCING. INITIATIVE.YES
000122 ,1,2,016 017 055 099 100 211 212 228 229 241,PROP_60,NO,425,713,288,2,~  5MK-8,PROPOSITION 60 ADULT FI,NO,425,715,0,-2,0,2,197,0.00%,5MK-8.PROPOSITION 60 ADULT FILMS. CONDOMS. HEALTH REQUIREMENTS. INITIATIVE STATUTE..NO
000122 ,1,2,016 017 055 099 100 211 212 228 229 241,PROP_61,YES,361,713,352,2,~  5MK-8,PROPOSITION 61 STATE PR,YES,361,715,0,-2,0,2,79,0.00%,5MK-8.PROPOSITION 61 STATE PRESCRIPTION DRUG PURCHASES. PRICING STANDARDS. INITIATIVE STATUTE..YES
000122 ,1,2,016 017 055 099 100 211 212 228 229 241,PROP_63,NO,333,713,380,1,~  5MK-8,PROPOSITION 63 FIREARMS,NO,333,715,0,-2,0,2,17,0.00%,5MK-8.PROPOSITION 63 FIREARMS. AMMUNITION SALES. INITIATIVE STATUTE..NO
000122 ,2,3,016 017 055 100 101 211 212 228 241,PROP_64,NO,286,711,425,2,~  5MK-8,PROPOSITION 64 MARIJUAN,NO,286,715,0,-4,0,4,125,0.00%,5MK-8.PROPOSITION 64 MARIJUANA LEGALIZATION. INITIATIVE STATUTE..NO
000122 ,2,3,016 017 055 100 101 211 212 228 241,PROP_67,NO,259,711,452,0,~  5MK-8,PROPOSITION 67 BAN ON S,NO,259,715,0,-4,0,4,170,0.00%,5MK-8.PROPOSITION 67 BAN ON SINGLE-USE PLASTIC BAGS. REFERENDUM..NO
000122 ,2,3,016 017 055 100 101 211 212 228 241,PROP_67,YES,429,711,282,0,~  5MK-8,PROPOSITION 67 BAN ON S,YES,429,715,0,-4,0,4,170,0.00%,5MK-8.PROPOSITION 67 BAN ON SINGLE-USE PLASTIC BAGS. REFERENDUM..YES
000122 ,1,1,016 017 055 099 100 211 212 228 229 241,STATEASS2,KEN_ANTON,150,714,564,0,~  5MK-8,"STATE ASSEMBLY, DISTRIC",KEN ANTON,150,715,0,-1,0,1,311,0.00%,"5MK-8.STATE ASSEMBLY, DISTRICT 2.KEN ANTON"
000122 ,1,1,016 017 055 099 100 211 212 228 229 241,USREP,JARED_W_HUFFMAN,503,714,211,0,~  5MK-8,US REPRESENTATIVE IN CO,JARED W. HUFFMAN,503,715,0,-1,0,1,330,0.00%,"5MK-8.US REPRESENTATIVE IN CONGRESS, DISTRICT 2.JARED W. HUFFMAN"
000123 ,2,3,036 221 222 223,MEAS_Q,NO,68,124,56,0,~  5OR,MEASURE Q HUMBOLDT COUN,NO,68,125,0,-1,0,1,26,0.00%,5OR.MEASURE Q HUMBOLDT COUNTY CREATION OF FINANCE DEPARTMENT MEASURE..NO
000123 ,2,3,036 221 222 223,MEAS_Q,YES,42,124,82,0,~  5OR,MEASURE Q HUMBOLDT COUN,YES,42,125,0,-1,0,1,26,0.00%,5OR.MEASURE Q HUMBOLDT COUNTY CREATION OF FINANCE DEPARTMENT MEASURE..YES
000123 ,2,3,036 221 222 223,MEAS_R,NO,64,124,60,0,~  5OR,MEASURE R HUMBOLDT COUN,NO,64,125,0,-1,0,1,14,0.00%,5OR.MEASURE R HUMBOLDT COUNTY FINANCE DEPARTMENT ELECTIVE OFFICE MEASURE..NO
000123 ,2,3,036 221 222 223,MEAS_R,YES,50,124,74,0,~  5OR,MEASURE R HUMBOLDT COUN,YES,50,125,0,-1,0,1,14,0.00%,5OR.MEASURE R HUMBOLDT COUNTY FINANCE DEPARTMENT ELECTIVE OFFICE MEASURE..YES
000123 ,2,3,036 221 222 223,MEAS_S,NO,49,124,75,0,~  5OR,MEASURE S HUMBOLDT COUN,NO,49,125,0,-1,0,1,21,0.00%,5OR.MEASURE S HUMBOLDT COUNTY COMMERCIAL MARIJUANA CULTIVATION MEASURE..NO
000123 ,2,3,036 221 222 223,MEAS_S,YES,70,124,54,0,~  5OR,MEASURE S HUMBOLDT COUN,YES,70,125,0,-1,0,1,21,0.00%,5OR.MEASURE S HUMBOLDT COUNTY COMMERCIAL MARIJUANA CULTIVATION MEASURE..YES
000123 ,2,3,036 221 222 223,MEAS_U,NO,86,124,38,0,~  5OR,MEASURE U LOCAL TRANSPO,NO,86,125,0,-1,0,1,55,0.00%,5OR.MEASURE U LOCAL TRANSPORTATION AUTHORITY RETAIL TRANSACTIONS AND USE TAX..NO
000123 ,2,3,036 221 222 223,MEAS_U,YES,31,124,93,0,~  5OR,MEASURE U LOCAL TRANSPO,YES,31,125,0,-1,0,1,55,0.00%,5OR.MEASURE U LOCAL TRANSPORTATION AUTHORITY RETAIL TRANSACTIONS AND USE TAX..YES
000123 ,2,3,036 221 222 223,MEAS_V,NO,65,124,59,0,~  5OR,MEASURE V MOBILE HOME P,NO,65,125,0,-1,0,1,12,0.00%,5OR.MEASURE V MOBILE HOME PARK SPACE RENT STABILIZATION..NO
000123 ,2,3,036 221 222 223,MEAS_V,YES,53,124,71,0,~  5OR,MEASURE V MOBILE HOME P,YES,53,125,0,-1,0,1,12,0.00%,5OR.MEASURE V MOBILE HOME PARK SPACE RENT STABILIZATION..YES
000123 ,1,1,036 221 222 223 229,PRES,DONALD_J_TRUMP,63,125,62,0,~  5OR,PRESIDENT AND VICE PRES,DONALD J. TRUMP      ,63,125,0,0,0,0,16,0.00%,5OR.PRESIDENT AND VICE PRESIDENT.DONALD J. TRUMP      and MICHAEL R. PENCE
000123 ,1,1,036 221 222 223 229,PRES,GARY_JOHNSON,3,125,122,0,~  5OR,PRESIDENT AND VICE PRES,GARY JOHNSON      and,3,125,0,0,0,0,16,0.00%,5OR.PRESIDENT AND VICE PRESIDENT.GARY JOHNSON      and BILL WELD
000123 ,1,1,036 221 222 223 229,PRES,GLORIA_ESTELA_LA_RIVA,1,125,124,0,~  5OR,PRESIDENT AND VICE PRES,GLORIA ESTELA LA RIVA,1,125,0,0,0,0,16,0.00%,5OR.PRESIDENT AND VICE PRESIDENT.GLORIA ESTELA LA RIVA      and DENNIS J. BANKS
000123 ,1,1,036 221 222 223 229,PRES,HILLARY_CLINTON,47,125,78,0,~  5OR,PRESIDENT AND VICE PRES,HILLARY CLINTON      ,47,125,0,0,0,0,16,0.00%,5OR.PRESIDENT AND VICE PRESIDENT.HILLARY CLINTON      and TIM KAINE
000123 ,1,1,036 221 222 223 229,PRES,JILL_STEIN,7,125,118,0,~  5OR,PRESIDENT AND VICE PRES,JILL STEIN      and A,7,125,0,0,0,0,16,0.00%,5OR.PRESIDENT AND VICE PRESIDENT.JILL STEIN      and AJAMU BARAKA
000123 ,1,1,036 221 222 223 229,PRES,Write_in,3,125,122,0,~  5OR,PRESIDENT AND VICE PRES,Write_in,3,125,0,0,0,0,16,0.00%,5OR.PRESIDENT AND VICE PRESIDENT.Write_in
000123 ,1,1,036 221 222 223 229,PROP_51,NO,75,125,50,0,~  5OR,PROPOSITION 51 SCHOOL B,NO,75,125,0,0,0,0,32,0.00%,5OR.PROPOSITION 51 SCHOOL BONDS. FUNDING FOR K-12 SCHOOL AND COMMUNITY COLLEGE FACILITIES. INITIATIVE.NO
000123 ,1,1,036 221 222 223 229,PROP_51,YES,43,125,82,0,~  5OR,PROPOSITION 51 SCHOOL B,YES,43,125,0,0,0,0,32,0.00%,5OR.PROPOSITION 51 SCHOOL BONDS. FUNDING FOR K-12 SCHOOL AND COMMUNITY COLLEGE FACILITIES. INITIATIVE.YES
000123 ,1,1,036 221 222 223 229,PROP_52,NO,37,125,88,0,~  5OR,PROPOSITION 52 MEDI-CAL,NO,37,125,0,0,0,0,46,0.00%,5OR.PROPOSITION 52 MEDI-CAL HOSPITAL FEE PROGRAM. INITIATIVE CONSTITUTIONAL AMENDMENT AND STATUTE..NO
000123 ,1,1,036 221 222 223 229,PROP_52,YES,83,125,42,0,~  5OR,PROPOSITION 52 MEDI-CAL,YES,83,125,0,0,0,0,46,0.00%,5OR.PROPOSITION 52 MEDI-CAL HOSPITAL FEE PROGRAM. INITIATIVE CONSTITUTIONAL AMENDMENT AND STATUTE..YES
000123 ,1,1,036 221 222 223 229,PROP_53,NO,51,125,74,1,~  5OR,PROPOSITION 53 REVENUE ,NO,51,125,0,0,0,0,17,0.00%,5OR.PROPOSITION 53 REVENUE BONDS. STATEWIDE VOTER APPROVAL. INITIATIVE CONSTITUTIONAL AMENDMENT..NO
000123 ,1,1,036 221 222 223 229,PROP_54,NO,42,125,83,0,~  5OR,PROPOSITION 54 LEGISLAT,NO,42,125,0,0,0,0,36,0.00%,5OR.PROPOSITION 54 LEGISLATURE. LEGISLATION AND PROCEEDINGS. INITIATIVE CONSTITUTIONAL AMENDMENT AND.NO
000123 ,1,1,036 221 222 223 229,PROP_54,YES,78,125,47,0,~  5OR,PROPOSITION 54 LEGISLAT,YES,78,125,0,0,0,0,36,0.00%,5OR.PROPOSITION 54 LEGISLATURE. LEGISLATION AND PROCEEDINGS. INITIATIVE CONSTITUTIONAL AMENDMENT AND.YES
000123 ,1,1,036 221 222 223 229,PROP_55,NO,55,125,70,0,~  5OR,PROPOSITION 55 TAX EXTE,NO,55,125,0,0,0,0,11,0.00%,5OR.PROPOSITION 55 TAX EXTENSION TO FUND EDUCATION AND HEALTHCARE. INITIATIVE CONSTITUTIONAL AMENDMENT..NO
000123 ,1,1,036 221 222 223 229,PROP_55,YES,66,125,59,0,~  5OR,PROPOSITION 55 TAX EXTE,YES,66,125,0,0,0,0,11,0.00%,5OR.PROPOSITION 55 TAX EXTENSION TO FUND EDUCATION AND HEALTHCARE. INITIATIVE CONSTITUTIONAL AMENDMENT..YES
000123 ,1,2,036 221 222 223 229,PROP_56,NO,60,125,65,0,~  5OR,PROPOSITION 56 CIGARETT,NO,60,125,0,0,0,0,1,0.00%,"5OR.PROPOSITION 56 CIGARETTE TAX TO FUND HEALTHCARE, TOBACCO USE PREVENTION, RESEARCH, AND.NO"
000123 ,1,2,036 221 222 223 229,PROP_56,YES,61,125,64,0,~  5OR,PROPOSITION 56 CIGARETT,YES,61,125,0,0,0,0,1,0.00%,"5OR.PROPOSITION 56 CIGARETTE TAX TO FUND HEALTHCARE, TOBACCO USE PREVENTION, RESEARCH, AND.YES"
000123 ,1,2,036 221 222 223 229,PROP_57,NO,46,125,79,0,~  5OR,PROPOSITION 57 CRIMINAL,NO,46,125,0,0,0,0,26,0.00%,5OR.PROPOSITION 57 CRIMINAL SENTENCES. PAROLE. JUVENILE CRIMINAL PROCEEDINGS AND SENTENCING. INITIATIVE.NO
000123 ,1,2,036 221 222 223 229,PROP_57,YES,72,125,53,0,~  5OR,PROPOSITION 57 CRIMINAL,YES,72,125,0,0,0,0,26,0.00%,5OR.PROPOSITION 57 CRIMINAL SENTENCES. PAROLE. JUVENILE CRIMINAL PROCEEDINGS AND SENTENCING. INITIATIVE.YES
000123 ,1,2,036 221 222 223 229,PROP_58,NO,28,125,97,0,~  5OR,PROPOSITION 58 ENGLISH ,NO,28,125,0,0,0,0,65,0.00%,5OR.PROPOSITION 58 ENGLISH PROFICIENCY. MULTILINGUAL EDUCATION. INITIATIVE STATUTE..NO
000123 ,1,2,036 221 222 223 229,PROP_58,YES,93,125,32,0,~  5OR,PROPOSITION 58 ENGLISH ,YES,93,125,0,0,0,0,65,0.00%,5OR.PROPOSITION 58 ENGLISH PROFICIENCY. MULTILINGUAL EDUCATION. INITIATIVE STATUTE..YES
000123 ,1,2,036 221 222 223 229,PROP_59,NO,56,125,69,0,~  5OR,PROPOSITION 59 CORPORAT,NO,56,125,0,0,0,0,5,0.00%,5OR.PROPOSITION 59 CORPORATIONS. POLITICAL SPENDING. FEDERAL CONSTITUTIONAL PROTECTIONS..NO
000123 ,1,2,036 221 222 223 229,PROP_59,YES,61,125,64,0,~  5OR,PROPOSITION 59 CORPORAT,YES,61,125,0,0,0,0,5,0.00%,5OR.PROPOSITION 59 CORPORATIONS. POLITICAL SPENDING. FEDERAL CONSTITUTIONAL PROTECTIONS..YES
000123 ,1,2,036 221 222 223 229,PROP_60,NO,71,125,54,0,~  5OR,PROPOSITION 60 ADULT FI,NO,71,125,0,0,0,0,26,0.00%,5OR.PROPOSITION 60 ADULT FILMS. CONDOMS. HEALTH REQUIREMENTS. INITIATIVE STATUTE..NO
000123 ,1,2,036 221 222 223 229,PROP_60,YES,45,125,80,0,~  5OR,PROPOSITION 60 ADULT FI,YES,45,125,0,0,0,0,26,0.00%,5OR.PROPOSITION 60 ADULT FILMS. CONDOMS. HEALTH REQUIREMENTS. INITIATIVE STATUTE..YES
000123 ,1,2,036 221 222 223 229,PROP_61,NO,49,125,76,0,~  5OR,PROPOSITION 61 STATE PR,NO,49,125,0,0,0,0,18,0.00%,5OR.PROPOSITION 61 STATE PRESCRIPTION DRUG PURCHASES. PRICING STANDARDS. INITIATIVE STATUTE..NO
000123 ,1,2,036 221 222 223 229,PROP_61,YES,67,125,58,0,~  5OR,PROPOSITION 61 STATE PR,YES,67,125,0,0,0,0,18,0.00%,5OR.PROPOSITION 61 STATE PRESCRIPTION DRUG PURCHASES. PRICING STANDARDS. INITIATIVE STATUTE..YES
000123 ,1,2,036 221 222 223 229,PROP_62,NO,65,125,60,0,~  5OR,PROPOSITION 62 DEATH PE,NO,65,125,0,0,0,0,13,0.00%,5OR.PROPOSITION 62 DEATH PENALTY. INITIATIVE STATUTE..NO
000123 ,1,2,036 221 222 223 229,PROP_62,YES,52,125,73,0,~  5OR,PROPOSITION 62 DEATH PE,YES,52,125,0,0,0,0,13,0.00%,5OR.PROPOSITION 62 DEATH PENALTY. INITIATIVE STATUTE..YES
000123 ,1,2,036 221 222 223 229,PROP_63,NO,83,125,42,0,~  5OR,PROPOSITION 63 FIREARMS,NO,83,125,0,0,0,0,43,0.00%,5OR.PROPOSITION 63 FIREARMS. AMMUNITION SALES. INITIATIVE STATUTE..NO
000123 ,1,2,036 221 222 223 229,PROP_63,YES,40,125,85,0,~  5OR,PROPOSITION 63 FIREARMS,YES,40,125,0,0,0,0,43,0.00%,5OR.PROPOSITION 63 FIREARMS. AMMUNITION SALES. INITIATIVE STATUTE..YES
000123 ,2,3,036 221 222 223,PROP_64,NO,42,124,82,0,~  5OR,PROPOSITION 64 MARIJUAN,NO,42,125,0,-1,0,1,39,0.00%,5OR.PROPOSITION 64 MARIJUANA LEGALIZATION. INITIATIVE STATUTE..NO
000123 ,2,3,036 221 222 223,PROP_64,YES,81,124,43,0,~  5OR,PROPOSITION 64 MARIJUAN,YES,81,125,0,-1,0,1,39,0.00%,5OR.PROPOSITION 64 MARIJUANA LEGALIZATION. INITIATIVE STATUTE..YES
000123 ,2,3,036 221 222 223,PROP_65,NO,82,124,42,0,~  5OR,PROPOSITION 65 CARRYOUT,NO,82,125,0,-1,0,1,44,0.00%,5OR.PROPOSITION 65 CARRYOUT BAGS. CHARGES. INITIATIVE STATUTE..NO
000123 ,2,3,036 221 222 223,PROP_65,YES,38,124,86,0,~  5OR,PROPOSITION 65 CARRYOUT,YES,38,125,0,-1,0,1,44,0.00%,5OR.PROPOSITION 65 CARRYOUT BAGS. CHARGES. INITIATIVE STATUTE..YES
000123 ,2,3,036 221 222 223,PROP_66,NO,62,124,62,0,~  5OR,PROPOSITION 66 DEATH PE,NO,62,125,0,-1,0,1,12,0.00%,5OR.PROPOSITION 66 DEATH PENALTY. PROCEDURES. INITIATIVE STATUTE..NO
000123 ,2,3,036 221 222 223,PROP_66,YES,50,124,74,0,~  5OR,PROPOSITION 66 DEATH PE,YES,50,125,0,-1,0,1,12,0.00%,5OR.PROPOSITION 66 DEATH PENALTY. PROCEDURES. INITIATIVE STATUTE..YES
000123 ,2,3,036 221 222 223,PROP_67,NO,83,124,41,0,~  5OR,PROPOSITION 67 BAN ON S,NO,83,125,0,-1,0,1,44,0.00%,5OR.PROPOSITION 67 BAN ON SINGLE-USE PLASTIC BAGS. REFERENDUM..NO
000123 ,2,3,036 221 222 223,PROP_67,YES,39,124,85,0,~  5OR,PROPOSITION 67 BAN ON S,YES,39,125,0,-1,0,1,44,0.00%,5OR.PROPOSITION 67 BAN ON SINGLE-USE PLASTIC BAGS. REFERENDUM..YES
000123 ,1,1,036 221 222 223 229,STATEASS2,JIM_WOOD,62,125,63,0,~  5OR,"STATE ASSEMBLY, DISTRIC",JIM WOOD,62,125,0,0,0,0,16,0.00%,"5OR.STATE ASSEMBLY, DISTRICT 2.JIM WOOD"
000123 ,1,1,036 221 222 223 229,STATEASS2,KEN_ANTON,46,125,79,0,~  5OR,"STATE ASSEMBLY, DISTRIC",KEN ANTON,46,125,0,0,0,0,16,0.00%,"5OR.STATE ASSEMBLY, DISTRICT 2.KEN ANTON"
000123 ,1,1,036 221 222 223 229,USREP,DALE_K_MENSING,53,125,72,0,~  5OR,US REPRESENTATIVE IN CO,DALE K. MENSING,53,125,0,0,0,0,12,0.00%,"5OR.US REPRESENTATIVE IN CONGRESS, DISTRICT 2.DALE K. MENSING"
000123 ,1,1,036 221 222 223 229,USREP,JARED_W_HUFFMAN,65,125,60,0,~  5OR,US REPRESENTATIVE IN CO,JARED W. HUFFMAN,65,125,0,0,0,0,12,0.00%,"5OR.US REPRESENTATIVE IN CONGRESS, DISTRICT 2.JARED W. HUFFMAN"
000123 ,1,1,036 221 222 223 229,USSEN,KAMALA_D_HARRIS,61,125,64,0,~  5OR,US SENATOR,KAMALA D. HARRIS,61,125,0,0,0,0,29,0.00%,5OR.US SENATOR.KAMALA D. HARRIS
000123 ,1,1,036 221 222 223 229,USSEN,LORETTA_L_SANCHEZ,32,125,93,0,~  5OR,US SENATOR,LORETTA L. SANCHEZ,32,125,0,0,0,0,29,0.00%,5OR.US SENATOR.LORETTA L. SANCHEZ
000124 ,2,3,036 221 223,MEAS_Q,NO,45,94,49,0,~  5PA-3,MEASURE Q HUMBOLDT COUN,NO,45,94,0,0,0,0,5,0.00%,5PA-3.MEASURE Q HUMBOLDT COUNTY CREATION OF FINANCE DEPARTMENT MEASURE..NO
000124 ,2,3,036 221 223,MEAS_Q,YES,40,94,54,0,~  5PA-3,MEASURE Q HUMBOLDT COUN,YES,40,94,0,0,0,0,5,0.00%,5PA-3.MEASURE Q HUMBOLDT COUNTY CREATION OF FINANCE DEPARTMENT MEASURE..YES
000124 ,2,3,036 221 223,MEAS_U,NO,40,94,54,0,~  5PA-3,MEASURE U LOCAL TRANSPO,NO,40,94,0,0,0,0,9,0.00%,5PA-3.MEASURE U LOCAL TRANSPORTATION AUTHORITY RETAIL TRANSACTIONS AND USE TAX..NO
000124 ,2,3,036 221 223,MEAS_U,YES,49,94,45,0,~  5PA-3,MEASURE U LOCAL TRANSPO,YES,49,94,0,0,0,0,9,0.00%,5PA-3.MEASURE U LOCAL TRANSPORTATION AUTHORITY RETAIL TRANSACTIONS AND USE TAX..YES
000124 ,2,3,036 221 223,MEAS_V,NO,40,94,54,0,~  5PA-3,MEASURE V MOBILE HOME P,NO,40,94,0,0,0,0,6,0.00%,5PA-3.MEASURE V MOBILE HOME PARK SPACE RENT STABILIZATION..NO
000124 ,2,3,036 221 223,MEAS_V,YES,46,94,48,0,~  5PA-3,MEASURE V MOBILE HOME P,YES,46,94,0,0,0,0,6,0.00%,5PA-3.MEASURE V MOBILE HOME PARK SPACE RENT STABILIZATION..YES
000124 ,1,1,036 221 223,PRES,DONALD_J_TRUMP,28,94,66,0,~  5PA-3,PRESIDENT AND VICE PRES,DONALD J. TRUMP      ,28,94,0,0,0,0,28,0.00%,5PA-3.PRESIDENT AND VICE PRESIDENT.DONALD J. TRUMP      and MICHAEL R. PENCE
000124 ,1,1,036 221 223,PRES,GARY_JOHNSON,3,94,91,0,~  5PA-3,PRESIDENT AND VICE PRES,GARY JOHNSON      and,3,94,0,0,0,0,28,0.00%,5PA-3.PRESIDENT AND VICE PRESIDENT.GARY JOHNSON      and BILL WELD
000124 ,1,1,036 221 223,PRES,GLORIA_ESTELA_LA_RIVA,3,94,91,0,~  5PA-3,PRESIDENT AND VICE PRES,GLORIA ESTELA LA RIVA,3,94,0,0,0,0,28,0.00%,5PA-3.PRESIDENT AND VICE PRESIDENT.GLORIA ESTELA LA RIVA      and DENNIS J. BANKS
000124 ,1,1,036 221 223,PRES,HILLARY_CLINTON,56,94,38,0,~  5PA-3,PRESIDENT AND VICE PRES,HILLARY CLINTON      ,56,94,0,0,0,0,28,0.00%,5PA-3.PRESIDENT AND VICE PRESIDENT.HILLARY CLINTON      and TIM KAINE
000124 ,1,1,036 221 223,PRES,JILL_STEIN,1,94,93,0,~  5PA-3,PRESIDENT AND VICE PRES,JILL STEIN      and A,1,94,0,0,0,0,28,0.00%,5PA-3.PRESIDENT AND VICE PRESIDENT.JILL STEIN      and AJAMU BARAKA
000124 ,1,1,036 221 223,PRES,Write_in,2,94,92,0,~  5PA-3,PRESIDENT AND VICE PRES,Write_in,2,94,0,0,0,0,28,0.00%,5PA-3.PRESIDENT AND VICE PRESIDENT.Write_in
000124 ,1,1,036 221 223,PROP_51,NO,54,94,40,0,~  5PA-3,PROPOSITION 51 SCHOOL B,NO,54,94,0,0,0,0,16,0.00%,5PA-3.PROPOSITION 51 SCHOOL BONDS. FUNDING FOR K-12 SCHOOL AND COMMUNITY COLLEGE FACILITIES. INITIATIVE.NO
000124 ,1,1,036 221 223,PROP_51,YES,38,94,56,0,~  5PA-3,PROPOSITION 51 SCHOOL B,YES,38,94,0,0,0,0,16,0.00%,5PA-3.PROPOSITION 51 SCHOOL BONDS. FUNDING FOR K-12 SCHOOL AND COMMUNITY COLLEGE FACILITIES. INITIATIVE.YES
000124 ,1,1,036 221 223,PROP_52,NO,23,94,71,0,~  5PA-3,PROPOSITION 52 MEDI-CAL,NO,23,94,0,0,0,0,43,0.00%,5PA-3.PROPOSITION 52 MEDI-CAL HOSPITAL FEE PROGRAM. INITIATIVE CONSTITUTIONAL AMENDMENT AND STATUTE..NO
000124 ,1,1,036 221 223,PROP_52,YES,66,94,28,0,~  5PA-3,PROPOSITION 52 MEDI-CAL,YES,66,94,0,0,0,0,43,0.00%,5PA-3.PROPOSITION 52 MEDI-CAL HOSPITAL FEE PROGRAM. INITIATIVE CONSTITUTIONAL AMENDMENT AND STATUTE..YES
000124 ,1,1,036 221 223,PROP_54,NO,31,94,63,0,~  5PA-3,PROPOSITION 54 LEGISLAT,NO,31,94,0,0,0,0,26,0.00%,5PA-3.PROPOSITION 54 LEGISLATURE. LEGISLATION AND PROCEEDINGS. INITIATIVE CONSTITUTIONAL AMENDMENT AND.NO
000124 ,1,1,036 221 223,PROP_54,YES,57,94,37,0,~  5PA-3,PROPOSITION 54 LEGISLAT,YES,57,94,0,0,0,0,26,0.00%,5PA-3.PROPOSITION 54 LEGISLATURE. LEGISLATION AND PROCEEDINGS. INITIATIVE CONSTITUTIONAL AMENDMENT AND.YES
000124 ,1,1,036 221 223,PROP_55,YES,60,94,34,1,~  5PA-3,PROPOSITION 55 TAX EXTE,YES,60,94,0,0,0,0,30,0.00%,5PA-3.PROPOSITION 55 TAX EXTENSION TO FUND EDUCATION AND HEALTHCARE. INITIATIVE CONSTITUTIONAL AMENDMENT..YES
000124 ,1,2,036 221 223,PROP_56,NO,28,94,66,1,~  5PA-3,PROPOSITION 56 CIGARETT,NO,28,94,0,0,0,0,37,0.00%,"5PA-3.PROPOSITION 56 CIGARETTE TAX TO FUND HEALTHCARE, TOBACCO USE PREVENTION, RESEARCH, AND.NO"
000124 ,1,2,036 221 223,PROP_57,NO,34,94,60,0,~  5PA-3,PROPOSITION 57 CRIMINAL,NO,34,94,0,0,0,0,24,0.00%,5PA-3.PROPOSITION 57 CRIMINAL SENTENCES. PAROLE. JUVENILE CRIMINAL PROCEEDINGS AND SENTENCING. INITIATIVE.NO
000124 ,1,2,036 221 223,PROP_57,YES,58,94,36,0,~  5PA-3,PROPOSITION 57 CRIMINAL,YES,58,94,0,0,0,0,24,0.00%,5PA-3.PROPOSITION 57 CRIMINAL SENTENCES. PAROLE. JUVENILE CRIMINAL PROCEEDINGS AND SENTENCING. INITIATIVE.YES
000124 ,1,2,036 221 223,PROP_58,NO,18,94,76,0,~  5PA-3,PROPOSITION 58 ENGLISH ,NO,18,94,0,0,0,0,56,0.00%,5PA-3.PROPOSITION 58 ENGLISH PROFICIENCY. MULTILINGUAL EDUCATION. INITIATIVE STATUTE..NO
000124 ,1,2,036 221 223,PROP_58,YES,74,94,20,0,~  5PA-3,PROPOSITION 58 ENGLISH ,YES,74,94,0,0,0,0,56,0.00%,5PA-3.PROPOSITION 58 ENGLISH PROFICIENCY. MULTILINGUAL EDUCATION. INITIATIVE STATUTE..YES
000124 ,1,2,036 221 223,PROP_59,NO,33,94,61,1,~  5PA-3,PROPOSITION 59 CORPORAT,NO,33,94,0,0,0,0,19,0.00%,5PA-3.PROPOSITION 59 CORPORATIONS. POLITICAL SPENDING. FEDERAL CONSTITUTIONAL PROTECTIONS..NO
000124 ,1,2,036 221 223,PROP_60,NO,58,94,36,0,~  5PA-3,PROPOSITION 60 ADULT FI,NO,58,94,0,0,0,0,33,0.00%,5PA-3.PROPOSITION 60 ADULT FILMS. CONDOMS. HEALTH REQUIREMENTS. INITIATIVE STATUTE..NO
000124 ,1,2,036 221 223,PROP_60,YES,25,94,69,0,~  5PA-3,PROPOSITION 60 ADULT FI,YES,25,94,0,0,0,0,33,0.00%,5PA-3.PROPOSITION 60 ADULT FILMS. CONDOMS. HEALTH REQUIREMENTS. INITIATIVE STATUTE..YES
000124 ,1,2,036 221 223,PROP_61,NO,38,94,56,1,~  5PA-3,PROPOSITION 61 STATE PR,NO,38,94,0,0,0,0,8,0.00%,5PA-3.PROPOSITION 61 STATE PRESCRIPTION DRUG PURCHASES. PRICING STANDARDS. INITIATIVE STATUTE..NO
000124 ,1,2,036 221 223,PROP_62,NO,48,94,46,0,~  5PA-3,PROPOSITION 62 DEATH PE,NO,48,94,0,0,0,0,6,0.00%,5PA-3.PROPOSITION 62 DEATH PENALTY. INITIATIVE STATUTE..NO
000124 ,1,2,036 221 223,PROP_62,YES,42,94,52,0,~  5PA-3,PROPOSITION 62 DEATH PE,YES,42,94,0,0,0,0,6,0.00%,5PA-3.PROPOSITION 62 DEATH PENALTY. INITIATIVE STATUTE..YES
000124 ,1,2,036 221 223,PROP_63,NO,42,94,52,0,~  5PA-3,PROPOSITION 63 FIREARMS,NO,42,94,0,0,0,0,9,0.00%,5PA-3.PROPOSITION 63 FIREARMS. AMMUNITION SALES. INITIATIVE STATUTE..NO
000124 ,1,2,036 221 223,PROP_63,YES,51,94,43,0,~  5PA-3,PROPOSITION 63 FIREARMS,YES,51,94,0,0,0,0,9,0.00%,5PA-3.PROPOSITION 63 FIREARMS. AMMUNITION SALES. INITIATIVE STATUTE..YES
000124 ,2,3,036 221 223,PROP_64,NO,23,94,71,0,~  5PA-3,PROPOSITION 64 MARIJUAN,NO,23,94,0,0,0,0,46,0.00%,5PA-3.PROPOSITION 64 MARIJUANA LEGALIZATION. INITIATIVE STATUTE..NO
000124 ,2,3,036 221 223,PROP_64,YES,69,94,25,0,~  5PA-3,PROPOSITION 64 MARIJUAN,YES,69,94,0,0,0,0,46,0.00%,5PA-3.PROPOSITION 64 MARIJUANA LEGALIZATION. INITIATIVE STATUTE..YES
000124 ,2,3,036 221 223,PROP_65,NO,61,94,33,1,~  5PA-3,PROPOSITION 65 CARRYOUT,NO,61,94,0,0,0,0,34,0.00%,5PA-3.PROPOSITION 65 CARRYOUT BAGS. CHARGES. INITIATIVE STATUTE..NO
000124 ,2,3,036 221 223,PROP_66,NO,51,94,43,0,~  5PA-3,PROPOSITION 66 DEATH PE,NO,51,94,0,0,0,0,20,0.00%,5PA-3.PROPOSITION 66 DEATH PENALTY. PROCEDURES. INITIATIVE STATUTE..NO
000124 ,2,3,036 221 223,PROP_66,YES,31,94,63,0,~  5PA-3,PROPOSITION 66 DEATH PE,YES,31,94,0,0,0,0,20,0.00%,5PA-3.PROPOSITION 66 DEATH PENALTY. PROCEDURES. INITIATIVE STATUTE..YES
000124 ,2,3,036 221 223,PROP_67,NO,31,94,63,0,~  5PA-3,PROPOSITION 67 BAN ON S,NO,31,94,0,0,0,0,29,0.00%,5PA-3.PROPOSITION 67 BAN ON SINGLE-USE PLASTIC BAGS. REFERENDUM..NO
000124 ,2,3,036 221 223,PROP_67,YES,60,94,34,0,~  5PA-3,PROPOSITION 67 BAN ON S,YES,60,94,0,0,0,0,29,0.00%,5PA-3.PROPOSITION 67 BAN ON SINGLE-USE PLASTIC BAGS. REFERENDUM..YES
000124 ,1,1,036 221 223,STATEASS2,JIM_WOOD,63,94,31,0,~  5PA-3,"STATE ASSEMBLY, DISTRIC",JIM WOOD,63,94,0,0,0,0,42,0.00%,"5PA-3.STATE ASSEMBLY, DISTRICT 2.JIM WOOD"
000124 ,1,1,036 221 223,STATEASS2,KEN_ANTON,21,94,73,0,~  5PA-3,"STATE ASSEMBLY, DISTRIC",KEN ANTON,21,94,0,0,0,0,42,0.00%,"5PA-3.STATE ASSEMBLY, DISTRICT 2.KEN ANTON"
000124 ,1,1,036 221 223,USREP,DALE_K_MENSING,27,94,67,0,~  5PA-3,US REPRESENTATIVE IN CO,DALE K. MENSING,27,94,0,0,0,0,38,0.00%,"5PA-3.US REPRESENTATIVE IN CONGRESS, DISTRICT 2.DALE K. MENSING"
000124 ,1,1,036 221 223,USREP,JARED_W_HUFFMAN,65,94,29,0,~  5PA-3,US REPRESENTATIVE IN CO,JARED W. HUFFMAN,65,94,0,0,0,0,38,0.00%,"5PA-3.US REPRESENTATIVE IN CONGRESS, DISTRICT 2.JARED W. HUFFMAN"
000124 ,1,1,036 221 223,USSEN,KAMALA_D_HARRIS,62,94,32,0,~  5PA-3,US SENATOR,KAMALA D. HARRIS,62,94,0,0,0,0,44,0.00%,5PA-3.US SENATOR.KAMALA D. HARRIS
000124 ,1,1,036 221 223,USSEN,LORETTA_L_SANCHEZ,18,94,76,0,~  5PA-3,US SENATOR,LORETTA L. SANCHEZ,18,94,0,0,0,0,44,0.00%,5PA-3.US SENATOR.LORETTA L. SANCHEZ
000125 ,2,4,018 055 101 212 229 241,MEAS_G,NO,74,218,144,0,~  5T--1,MEASURE G TRINIDAD PROP,NO,74,220,0,-2,0,2,50,0.00%,5T--1.MEASURE G TRINIDAD PROPOSAL TO CONTINUE 3/4% TRANSACTION AND USE TAX..NO
000125 ,2,4,018 055 101 212 229 241,MEAS_G,YES,124,218,94,0,~  5T--1,MEASURE G TRINIDAD PROP,YES,124,220,0,-2,0,2,50,0.00%,5T--1.MEASURE G TRINIDAD PROPOSAL TO CONTINUE 3/4% TRANSACTION AND USE TAX..YES
000125 ,2,3,018 055 101 212 229 241,MEAS_Q,YES,92,218,126,1,~  5T--1,MEASURE Q HUMBOLDT COUN,YES,92,220,0,-2,0,2,2,0.00%,5T--1.MEASURE Q HUMBOLDT COUNTY CREATION OF FINANCE DEPARTMENT MEASURE..YES
000125 ,2,3,018 055 101 212 229 241,MEAS_R,YES,83,218,135,1,~  5T--1,MEASURE R HUMBOLDT COUN,YES,83,220,0,-2,0,2,26,0.00%,5T--1.MEASURE R HUMBOLDT COUNTY FINANCE DEPARTMENT ELECTIVE OFFICE MEASURE..YES
000125 ,2,3,018 055 101 212 229 241,MEAS_S,NO,55,218,163,0,~  5T--1,MEASURE S HUMBOLDT COUN,NO,55,220,0,-2,0,2,95,0.00%,5T--1.MEASURE S HUMBOLDT COUNTY COMMERCIAL MARIJUANA CULTIVATION MEASURE..NO
000125 ,2,3,018 055 101 212 229 241,MEAS_S,YES,150,218,68,0,~  5T--1,MEASURE S HUMBOLDT COUN,YES,150,220,0,-2,0,2,95,0.00%,5T--1.MEASURE S HUMBOLDT COUNTY COMMERCIAL MARIJUANA CULTIVATION MEASURE..YES
000125 ,2,3,018 055 101 212 229 241,MEAS_U,NO,81,218,137,0,~  5T--1,MEASURE U LOCAL TRANSPO,NO,81,220,0,-2,0,2,41,0.00%,5T--1.MEASURE U LOCAL TRANSPORTATION AUTHORITY RETAIL TRANSACTIONS AND USE TAX..NO
000125 ,2,3,018 055 101 212 229 241,MEAS_U,YES,122,218,96,0,~  5T--1,MEASURE U LOCAL TRANSPO,YES,122,220,0,-2,0,2,41,0.00%,5T--1.MEASURE U LOCAL TRANSPORTATION AUTHORITY RETAIL TRANSACTIONS AND USE TAX..YES
000125 ,2,3,018 055 101 212 229 241,MEAS_V,NO,86,218,132,0,~  5T--1,MEASURE V MOBILE HOME P,NO,86,220,0,-2,0,2,34,0.00%,5T--1.MEASURE V MOBILE HOME PARK SPACE RENT STABILIZATION..NO
000125 ,2,3,018 055 101 212 229 241,MEAS_V,YES,120,218,98,0,~  5T--1,MEASURE V MOBILE HOME P,YES,120,220,0,-2,0,2,34,0.00%,5T--1.MEASURE V MOBILE HOME PARK SPACE RENT STABILIZATION..YES
000125 ,1,1,018 055 101 212 229 241,PRES,DONALD_J_TRUMP,38,220,182,0,~  5T--1,PRESIDENT AND VICE PRES,DONALD J. TRUMP      ,38,220,0,0,0,0,114,0.00%,5T--1.PRESIDENT AND VICE PRESIDENT.DONALD J. TRUMP      and MICHAEL R. PENCE
000125 ,1,1,018 055 101 212 229 241,PRES,GARY_JOHNSON,4,220,216,0,~  5T--1,PRESIDENT AND VICE PRES,GARY JOHNSON      and,4,220,0,0,0,0,114,0.00%,5T--1.PRESIDENT AND VICE PRESIDENT.GARY JOHNSON      and BILL WELD
000125 ,1,1,018 055 101 212 229 241,PRES,GLORIA_ESTELA_LA_RIVA,1,220,219,0,~  5T--1,PRESIDENT AND VICE PRES,GLORIA ESTELA LA RIVA,1,220,0,0,0,0,114,0.00%,5T--1.PRESIDENT AND VICE PRESIDENT.GLORIA ESTELA LA RIVA      and DENNIS J. BANKS
000125 ,1,1,018 055 101 212 229 241,PRES,HILLARY_CLINTON,152,220,68,0,~  5T--1,PRESIDENT AND VICE PRES,HILLARY CLINTON      ,152,220,0,0,0,0,114,0.00%,5T--1.PRESIDENT AND VICE PRESIDENT.HILLARY CLINTON      and TIM KAINE
000125 ,1,1,018 055 101 212 229 241,PRES,JILL_STEIN,16,220,204,0,~  5T--1,PRESIDENT AND VICE PRES,JILL STEIN      and A,16,220,0,0,0,0,114,0.00%,5T--1.PRESIDENT AND VICE PRESIDENT.JILL STEIN      and AJAMU BARAKA
000125 ,1,1,018 055 101 212 229 241,PRES,Write_in,7,220,213,0,~  5T--1,PRESIDENT AND VICE PRES,Write_in,7,220,0,0,0,0,114,0.00%,5T--1.PRESIDENT AND VICE PRESIDENT.Write_in
000125 ,1,1,018 055 101 212 229 241,PROP_51,YES,136,220,84,2,~  5T--1,PROPOSITION 51 SCHOOL B,YES,136,220,0,0,0,0,61,0.00%,5T--1.PROPOSITION 51 SCHOOL BONDS. FUNDING FOR K-12 SCHOOL AND COMMUNITY COLLEGE FACILITIES. INITIATIVE.YES
000125 ,1,1,018 055 101 212 229 241,PROP_52,NO,51,220,169,2,~  5T--1,PROPOSITION 52 MEDI-CAL,NO,51,220,0,0,0,0,106,0.00%,5T--1.PROPOSITION 52 MEDI-CAL HOSPITAL FEE PROGRAM. INITIATIVE CONSTITUTIONAL AMENDMENT AND STATUTE..NO
000125 ,1,1,018 055 101 212 229 241,PROP_53,NO,112,220,108,2,~  5T--1,PROPOSITION 53 REVENUE ,NO,112,220,0,0,0,0,24,0.00%,5T--1.PROPOSITION 53 REVENUE BONDS. STATEWIDE VOTER APPROVAL. INITIATIVE CONSTITUTIONAL AMENDMENT..NO
000125 ,1,1,018 055 101 212 229 241,PROP_54,NO,75,220,145,1,~  5T--1,PROPOSITION 54 LEGISLAT,NO,75,220,0,0,0,0,57,0.00%,5T--1.PROPOSITION 54 LEGISLATURE. LEGISLATION AND PROCEEDINGS. INITIATIVE CONSTITUTIONAL AMENDMENT AND.NO
000125 ,1,1,018 055 101 212 229 241,PROP_54,YES,132,220,88,1,~  5T--1,PROPOSITION 54 LEGISLAT,YES,132,220,0,0,0,0,57,0.00%,5T--1.PROPOSITION 54 LEGISLATURE. LEGISLATION AND PROCEEDINGS. INITIATIVE CONSTITUTIONAL AMENDMENT AND.YES
000125 ,1,2,018 055 101 212 229 241,PROP_55,NO,37,220,183,0,~  5T--1,PROPOSITION 55 TAX EXTE,NO,37,220,0,0,0,0,135,0.00%,5T--1.PROPOSITION 55 TAX EXTENSION TO FUND EDUCATION AND HEALTHCARE. INITIATIVE CONSTITUTIONAL AMENDMENT..NO
000125 ,1,2,018 055 101 212 229 241,PROP_55,YES,172,220,48,0,~  5T--1,PROPOSITION 55 TAX EXTE,YES,172,220,0,0,0,0,135,0.00%,5T--1.PROPOSITION 55 TAX EXTENSION TO FUND EDUCATION AND HEALTHCARE. INITIATIVE CONSTITUTIONAL AMENDMENT..YES
000125 ,1,2,018 055 101 212 229 241,PROP_56,NO,64,220,156,0,~  5T--1,PROPOSITION 56 CIGARETT,NO,64,220,0,0,0,0,87,0.00%,"5T--1.PROPOSITION 56 CIGARETTE TAX TO FUND HEALTHCARE, TOBACCO USE PREVENTION, RESEARCH, AND.NO"
000125 ,1,2,018 055 101 212 229 241,PROP_56,YES,151,220,69,0,~  5T--1,PROPOSITION 56 CIGARETT,YES,151,220,0,0,0,0,87,0.00%,"5T--1.PROPOSITION 56 CIGARETTE TAX TO FUND HEALTHCARE, TOBACCO USE PREVENTION, RESEARCH, AND.YES"
000125 ,1,2,018 055 101 212 229 241,PROP_57,YES,167,220,53,0,~  5T--1,PROPOSITION 57 CRIMINAL,YES,167,220,0,0,0,0,130,0.00%,5T--1.PROPOSITION 57 CRIMINAL SENTENCES. PAROLE. JUVENILE CRIMINAL PROCEEDINGS AND SENTENCING. INITIATIVE.YES
000125 ,1,2,018 055 101 212 229 241,PROP_58,NO,40,220,180,0,~  5T--1,PROPOSITION 58 ENGLISH ,NO,40,220,0,0,0,0,126,0.00%,5T--1.PROPOSITION 58 ENGLISH PROFICIENCY. MULTILINGUAL EDUCATION. INITIATIVE STATUTE..NO
000125 ,1,2,018 055 101 212 229 241,PROP_58,YES,166,220,54,0,~  5T--1,PROPOSITION 58 ENGLISH ,YES,166,220,0,0,0,0,126,0.00%,5T--1.PROPOSITION 58 ENGLISH PROFICIENCY. MULTILINGUAL EDUCATION. INITIATIVE STATUTE..YES
000125 ,1,2,018 055 101 212 229 241,PROP_59,NO,59,220,161,0,~  5T--1,PROPOSITION 59 CORPORAT,NO,59,220,0,0,0,0,83,0.00%,5T--1.PROPOSITION 59 CORPORATIONS. POLITICAL SPENDING. FEDERAL CONSTITUTIONAL PROTECTIONS..NO
000125 ,1,2,018 055 101 212 229 241,PROP_59,YES,142,220,78,0,~  5T--1,PROPOSITION 59 CORPORAT,YES,142,220,0,0,0,0,83,0.00%,5T--1.PROPOSITION 59 CORPORATIONS. POLITICAL SPENDING. FEDERAL CONSTITUTIONAL PROTECTIONS..YES
000125 ,1,2,018 055 101 212 229 241,PROP_61,YES,107,220,113,1,~  5T--1,PROPOSITION 61 STATE PR,YES,107,220,0,0,0,0,15,0.00%,5T--1.PROPOSITION 61 STATE PRESCRIPTION DRUG PURCHASES. PRICING STANDARDS. INITIATIVE STATUTE..YES
000125 ,2,3,018 055 101 212 229 241,PROP_63,NO,65,218,153,0,~  5T--1,PROPOSITION 63 FIREARMS,NO,65,220,0,-2,0,2,82,0.00%,5T--1.PROPOSITION 63 FIREARMS. AMMUNITION SALES. INITIATIVE STATUTE..NO
000125 ,2,3,018 055 101 212 229 241,PROP_63,YES,147,218,71,0,~  5T--1,PROPOSITION 63 FIREARMS,YES,147,220,0,-2,0,2,82,0.00%,5T--1.PROPOSITION 63 FIREARMS. AMMUNITION SALES. INITIATIVE STATUTE..YES
000125 ,2,3,018 055 101 212 229 241,PROP_64,NO,69,218,149,0,~  5T--1,PROPOSITION 64 MARIJUAN,NO,69,220,0,-2,0,2,75,0.00%,5T--1.PROPOSITION 64 MARIJUANA LEGALIZATION. INITIATIVE STATUTE..NO
000125 ,2,3,018 055 101 212 229 241,PROP_64,YES,144,218,74,0,~  5T--1,PROPOSITION 64 MARIJUAN,YES,144,220,0,-2,0,2,75,0.00%,5T--1.PROPOSITION 64 MARIJUANA LEGALIZATION. INITIATIVE STATUTE..YES
000125 ,2,3,018 055 101 212 229 241,PROP_66,NO,133,218,85,1,~  5T--1,PROPOSITION 66 DEATH PE,NO,133,220,0,-2,0,2,70,0.00%,5T--1.PROPOSITION 66 DEATH PENALTY. PROCEDURES. INITIATIVE STATUTE..NO
000125 ,2,3,018 055 101 212 229 241,PROP_67,NO,44,218,174,1,~  5T--1,PROPOSITION 67 BAN ON S,NO,44,220,0,-2,0,2,121,0.00%,5T--1.PROPOSITION 67 BAN ON SINGLE-USE PLASTIC BAGS. REFERENDUM..NO
000125 ,1,1,018 055 101 212 229 241,STATEASS2,JIM_WOOD,154,220,66,0,~  5T--1,"STATE ASSEMBLY, DISTRIC",JIM WOOD,154,220,0,0,0,0,110,0.00%,"5T--1.STATE ASSEMBLY, DISTRICT 2.JIM WOOD"
000125 ,1,1,018 055 101 212 229 241,STATEASS2,KEN_ANTON,44,220,176,0,~  5T--1,"STATE ASSEMBLY, DISTRIC",KEN ANTON,44,220,0,0,0,0,110,0.00%,"5T--1.STATE ASSEMBLY, DISTRICT 2.KEN ANTON"
000125 ,1,1,018 055 101 212 229 241,TRIN_CC,JACK_WEST,146,220,74,0,~  5T--1,TRINIDAD CITY COUNCILME,JACK WEST,146,220,0,0,0,0,36,0.00%,5T--1.TRINIDAD CITY COUNCILMEMBER.JACK WEST
000125 ,1,1,018 055 101 212 229 241,TRIN_CC,STEVE_LADWIG,110,220,110,0,~  5T--1,TRINIDAD CITY COUNCILME,STEVE LADWIG,110,220,0,0,0,0,36,0.00%,5T--1.TRINIDAD CITY COUNCILMEMBER.STEVE LADWIG
000125 ,1,1,018 055 101 212 229 241,TRIN_CC,Write_in,21,440,419,0,~  5T--1,TRINIDAD CITY COUNCILME,Write_in,21,220,0,220,0,220,36,0.00%,5T--1.TRINIDAD CITY COUNCILMEMBER.Write_in
000125 ,1,1,018 055 101 212 229 241,USREP,DALE_K_MENSING,36,220,184,0,~  5T--1,US REPRESENTATIVE IN CO,DALE K. MENSING,36,220,0,0,0,0,137,0.00%,"5T--1.US REPRESENTATIVE IN CONGRESS, DISTRICT 2.DALE K. MENSING"
000125 ,1,1,018 055 101 212 229 241,USREP,JARED_W_HUFFMAN,173,220,47,0,~  5T--1,US REPRESENTATIVE IN CO,JARED W. HUFFMAN,173,220,0,0,0,0,137,0.00%,"5T--1.US REPRESENTATIVE IN CONGRESS, DISTRICT 2.JARED W. HUFFMAN"
000125 ,1,1,018 055 101 212 229 241,USSEN,KAMALA_D_HARRIS,130,220,90,0,~  5T--1,US SENATOR,KAMALA D. HARRIS,130,220,0,0,0,0,69,0.00%,5T--1.US SENATOR.KAMALA D. HARRIS
000125 ,1,1,018 055 101 212 229 241,USSEN,LORETTA_L_SANCHEZ,61,220,159,0,~  5T--1,US SENATOR,LORETTA L. SANCHEZ,61,220,0,0,0,0,69,0.00%,5T--1.US SENATOR.LORETTA L. SANCHEZ
000126 ,2,3,017 018 056 104 212 213 228 229 241 243,MEAS_R,NO,288,698,410,1,~  5TU-1,MEASURE R HUMBOLDT COUN,NO,288,702,0,-4,0,4,18,0.00%,5TU-1.MEASURE R HUMBOLDT COUNTY FINANCE DEPARTMENT ELECTIVE OFFICE MEASURE..NO
000126 ,2,3,017 018 056 104 212 213 228 229 241 243,MEAS_S,NO,205,698,493,0,~  5TU-1,MEASURE S HUMBOLDT COUN,NO,205,702,0,-4,0,4,245,0.00%,5TU-1.MEASURE S HUMBOLDT COUNTY COMMERCIAL MARIJUANA CULTIVATION MEASURE..NO
000126 ,2,3,017 018 056 104 212 213 228 229 241 243,MEAS_S,YES,450,698,248,0,~  5TU-1,MEASURE S HUMBOLDT COUN,YES,450,702,0,-4,0,4,245,0.00%,5TU-1.MEASURE S HUMBOLDT COUNTY COMMERCIAL MARIJUANA CULTIVATION MEASURE..YES
000126 ,2,3,017 018 056 104 212 213 228 229 241 243,MEAS_U,NO,250,698,448,0,~  5TU-1,MEASURE U LOCAL TRANSPO,NO,250,702,0,-4,0,4,135,0.00%,5TU-1.MEASURE U LOCAL TRANSPORTATION AUTHORITY RETAIL TRANSACTIONS AND USE TAX..NO
000126 ,1,1,017 018 056 103 104 212 213 228 229 241 243,PRES,GARY_JOHNSON,16,701,685,0,~  5TU-1,PRESIDENT AND VICE PRES,GARY JOHNSON      and,16,702,0,-1,0,1,340,0.00%,5TU-1.PRESIDENT AND VICE PRESIDENT.GARY JOHNSON      and BILL WELD
000126 ,1,1,017 018 056 103 104 212 213 228 229 241 243,PRES,GLORIA_ESTELA_LA_RIVA,6,701,695,0,~  5TU-1,PRESIDENT AND VICE PRES,GLORIA ESTELA LA RIVA,6,702,0,-1,0,1,340,0.00%,5TU-1.PRESIDENT AND VICE PRESIDENT.GLORIA ESTELA LA RIVA      and DENNIS J. BANKS
000126 ,1,1,017 018 056 103 104 212 213 228 229 241 243,PRES,HILLARY_CLINTON,465,701,236,0,~  5TU-1,PRESIDENT AND VICE PRES,HILLARY CLINTON      ,465,702,0,-1,0,1,340,0.00%,5TU-1.PRESIDENT AND VICE PRESIDENT.HILLARY CLINTON      and TIM KAINE
000126 ,1,1,017 018 056 103 104 212 213 228 229 241 243,PRES,JILL_STEIN,63,701,638,0,~  5TU-1,PRESIDENT AND VICE PRES,JILL STEIN      and A,63,702,0,-1,0,1,340,0.00%,5TU-1.PRESIDENT AND VICE PRESIDENT.JILL STEIN      and AJAMU BARAKA
000126 ,1,1,017 018 056 103 104 212 213 228 229 241 243,PRES,Write_in,18,701,683,0,~  5TU-1,PRESIDENT AND VICE PRES,Write_in,18,702,0,-1,0,1,340,0.00%,5TU-1.PRESIDENT AND VICE PRESIDENT.Write_in
000126 ,1,1,017 018 056 103 104 212 213 228 229 241 243,PROP_51,NO,296,701,405,0,~  5TU-1,PROPOSITION 51 SCHOOL B,NO,296,702,0,-1,0,1,73,0.00%,5TU-1.PROPOSITION 51 SCHOOL BONDS. FUNDING FOR K-12 SCHOOL AND COMMUNITY COLLEGE FACILITIES. INITIATIVE.NO
000126 ,1,1,017 018 056 103 104 212 213 228 229 241 243,PROP_52,NO,153,701,548,0,~  5TU-1,PROPOSITION 52 MEDI-CAL,NO,153,702,0,-1,0,1,345,0.00%,5TU-1.PROPOSITION 52 MEDI-CAL HOSPITAL FEE PROGRAM. INITIATIVE CONSTITUTIONAL AMENDMENT AND STATUTE..NO
000126 ,1,1,017 018 056 103 104 212 213 228 229 241 243,PROP_54,YES,413,701,288,1,~  5TU-1,PROPOSITION 54 LEGISLAT,YES,413,702,0,-1,0,1,186,0.00%,5TU-1.PROPOSITION 54 LEGISLATURE. LEGISLATION AND PROCEEDINGS. INITIATIVE CONSTITUTIONAL AMENDMENT AND.YES
000126 ,2,3,017 018 056 104 212 213 228 229 241 243,PROP_66,NO,408,698,290,1,~  5TU-1,PROPOSITION 66 DEATH PE,NO,408,702,0,-4,0,4,195,0.00%,5TU-1.PROPOSITION 66 DEATH PENALTY. PROCEDURES. INITIATIVE STATUTE..NO
000126 ,2,3,017 018 056 104 212 213 228 229 241 243,PROP_67,YES,478,698,220,1,~  5TU-1,PROPOSITION 67 BAN ON S,YES,478,702,0,-4,0,4,283,0.00%,5TU-1.PROPOSITION 67 BAN ON SINGLE-USE PLASTIC BAGS. REFERENDUM..YES
000126 ,1,1,017 018 056 103 104 212 213 228 229 241 243,STATEASS2,JIM_WOOD,504,701,197,1,~  5TU-1,"STATE ASSEMBLY, DISTRIC",JIM WOOD,504,702,0,-1,0,1,374,0.00%,"5TU-1.STATE ASSEMBLY, DISTRICT 2.JIM WOOD"
000126 ,1,1,017 018 056 103 104 212 213 228 229 241 243,USREP,DALE_K_MENSING,120,701,581,0,~  5TU-1,US REPRESENTATIVE IN CO,DALE K. MENSING,120,702,0,-1,0,1,424,0.00%,"5TU-1.US REPRESENTATIVE IN CONGRESS, DISTRICT 2.DALE K. MENSING"
000126 ,1,1,017 018 056 103 104 212 213 228 229 241 243,USSEN,KAMALA_D_HARRIS,427,701,274,0,~  5TU-1,US SENATOR,KAMALA D. HARRIS,427,702,0,-1,0,1,251,0.00%,5TU-1.US SENATOR.KAMALA D. HARRIS
000127 ,2,3,017 056 104 105 213 229 240 241,MEAS_R,NO,239,613,374,1,~  5TU-4,MEASURE R HUMBOLDT COUN,NO,239,614,0,-1,0,1,14,0.00%,5TU-4.MEASURE R HUMBOLDT COUNTY FINANCE DEPARTMENT ELECTIVE OFFICE MEASURE..NO
000127 ,2,3,017 056 104 105 213 229 240 241,MEAS_S,NO,180,613,433,1,~  5TU-4,MEASURE S HUMBOLDT COUN,NO,180,614,0,-1,0,1,207,0.00%,5TU-4.MEASURE S HUMBOLDT COUNTY COMMERCIAL MARIJUANA CULTIVATION MEASURE..NO
000127 ,2,3,017 056 104 105 213 229 240 241,MEAS_U,NO,196,613,417,0,~  5TU-4,MEASURE U LOCAL TRANSPO,NO,196,614,0,-1,0,1,158,0.00%,5TU-4.MEASURE U LOCAL TRANSPORTATION AUTHORITY RETAIL TRANSACTIONS AND USE TAX..NO
000127 ,1,1,017 056 105 106 213 229 240 241,PRES,JILL_STEIN,45,613,568,0,~  5TU-4,PRESIDENT AND VICE PRES,JILL STEIN      and A,45,614,0,-1,0,1,346,0.00%,5TU-4.PRESIDENT AND VICE PRESIDENT.JILL STEIN      and AJAMU BARAKA
000127 ,1,1,017 056 105 106 213 229 240 241,PRES,Write_in,22,613,591,0,~  5TU-4,PRESIDENT AND VICE PRES,Write_in,22,614,0,-1,0,1,346,0.00%,5TU-4.PRESIDENT AND VICE PRESIDENT.Write_in
000127 ,1,1,017 056 105 106 213 229 240 241,PROP_51,NO,237,613,376,2,~  5TU-4,PROPOSITION 51 SCHOOL B,NO,237,614,0,-1,0,1,105,0.00%,5TU-4.PROPOSITION 51 SCHOOL BONDS. FUNDING FOR K-12 SCHOOL AND COMMUNITY COLLEGE FACILITIES. INITIATIVE.NO
000127 ,1,1,017 056 105 106 213 229 240 241,PROP_55,NO,109,613,504,2,~  5TU-4,PROPOSITION 55 TAX EXTE,NO,109,614,0,-1,0,1,363,0.00%,5TU-4.PROPOSITION 55 TAX EXTENSION TO FUND EDUCATION AND HEALTHCARE. INITIATIVE CONSTITUTIONAL AMENDMENT..NO
000127 ,2,3,017 056 104 105 213 229 240 241,PROP_66,NO,366,613,247,1,~  5TU-4,PROPOSITION 66 DEATH PE,NO,366,614,0,-1,0,1,188,0.00%,5TU-4.PROPOSITION 66 DEATH PENALTY. PROCEDURES. INITIATIVE STATUTE..NO
000127 ,2,3,017 056 104 105 213 229 240 241,PROP_66,YES,178,613,435,1,~  5TU-4,PROPOSITION 66 DEATH PE,YES,178,614,0,-1,0,1,188,0.00%,5TU-4.PROPOSITION 66 DEATH PENALTY. PROCEDURES. INITIATIVE STATUTE..YES
000127 ,1,1,017 056 105 106 213 229 240 241,STATEASS2,JIM_WOOD,432,613,181,0,~  5TU-4,"STATE ASSEMBLY, DISTRIC",JIM WOOD,432,614,0,-1,0,1,314,0.00%,"5TU-4.STATE ASSEMBLY, DISTRICT 2.JIM WOOD"
000127 ,1,1,017 056 105 106 213 229 240 241,STATEASS2,KEN_ANTON,118,613,495,0,~  5TU-4,"STATE ASSEMBLY, DISTRIC",KEN ANTON,118,614,0,-1,0,1,314,0.00%,"5TU-4.STATE ASSEMBLY, DISTRICT 2.KEN ANTON"
000127 ,1,1,017 056 105 106 213 229 240 241,USREP,DALE_K_MENSING,80,613,533,0,~  5TU-4,US REPRESENTATIVE IN CO,DALE K. MENSING,80,614,0,-1,0,1,416,0.00%,"5TU-4.US REPRESENTATIVE IN CONGRESS, DISTRICT 2.DALE K. MENSING"
000127 ,1,1,017 056 105 106 213 229 240 241,USREP,JARED_W_HUFFMAN,496,613,117,0,~  5TU-4,US REPRESENTATIVE IN CO,JARED W. HUFFMAN,496,614,0,-1,0,1,416,0.00%,"5TU-4.US REPRESENTATIVE IN CONGRESS, DISTRICT 2.JARED W. HUFFMAN"
000127 ,1,1,017 056 105 106 213 229 240 241,USSEN,LORETTA_L_SANCHEZ,141,613,472,0,~  5TU-4,US SENATOR,LORETTA L. SANCHEZ,141,614,0,-1,0,1,235,0.00%,5TU-4.US SENATOR.LORETTA L. SANCHEZ